200.
250.
303.
350.
400.
450.
500.
550.
600.
650.
700.
750.
800.
810.
820.
830.
840.
850.
860.
870.
880.
890.
900.
920.
930.
940.
950.
960.
970.
980.
990.
1000.
1020.
1030.
1040.
1050.
1060.
1070.
1080.
1090.
1110.
1120.
1130.
1140.
1150.
1160.
1170.
1180.
1190.
1210.
1220.
1230.
1250.
1260.
1270.
1280.
1290.
1300.
1310.
1327.15
1340.
1350.
1360.
1370.
1380.
1390.
1400.
1410.
1420.
1430.
1440.
1450.
1460.
1470.
1480.
1490.
1500.
1510.
1540.
1550.
1560.
1580.
1600.
1610.
1650.
1660.
1690.
1700.
1710.
1720.
1730.
1740.
1750.
1760.
1770.
1780.
1800.
1810.
1820.
1850.
1860.
1871.61
1875.35
1880.
1890.
1900.
1910.
1920.
1930.
1940.
1970.
1980.
2000.
2010.
2020.
2040.
2060.
2090.
2100.
2110.
2120.
2130.
2140.
2150.
2160.
2170.
2180.
2200.
2210.
2220.
2230.
2240.
2280.
2290.
2310.
2320.
2330.
2340.
2350.
2360.
2370.
2380.
2390.
2400.
2420.
2430.
2440.
2450.
2460.
2470.
2480.
2490.
2500.
2530.
2540.
2550.
2560.
2570.
2580.
2590.
2610.
2620.
2630.
2640.
2650.
2660.
2670.
2680.
2690.
2700.
2710.
2720.
2730.
2740.
2750.
2760.
2770.
2780.
2790.
2800.
2810.
2820.
2830.
2840.
2850.
2880.
2890.
2900.
2910.
2950.
2960.
2970.
2980.
2990.
3000.
3010.
3020.
3030.
3040.
3050.
3060.
3070.
3080.
3090.
3140.
3150.
3160.
3170.
3180.
3190.
3200.
3210.
3220.
3230.
3240.
3250.
3260.
3270.
3280.
3290.
3300.
3310.
3320.
3330.
3340.
3350.
3360.
3370.
3380.
3450.
3460.
3470.
3480.
3490.
3500.
3730.
3960.
4210.
4400.
4600.
4790.
4980.
5170.
5360.
5550.
5740.
5930.
6120.
6310.
6520.
6710.
6900.
7090.
7300.
7550.
7740.
7930.
8120.
8460.
8650.
8840.
9060.
9250.
9440.
9630.
9850.
10000.
10800.
11560.
12370.
13180.
13990.
14900.
15710.
16470.
17290.
18050.
18810.
19570.
20000.
30000.
