200.
250.
303.
350.
400.
450.
500.
550.
600.
650.
700.
750.
800.
810.
820.
830.
840.
850.
860.
870.
880.
890.
900.
920.
930.
940.
950.
960.
970.
980.
990.
1000.
1020.
1030.
1040.
1050.
1060.
1070.
1080.
1090.
1110.
1120.
1130.
1140.
1150.
1160.
1170.
1180.
1190.
1210.
1220.
1230.
1250.
1260.
1270.
1280.
1290.
1300.
1310.
1327.15
1340.
1350.
1360.
1370.
1380.
1390.
1400.
1410.
1420.
1430.
1440.
1450.
1460.
1470.
1480.
1490.
1500.
1510.
1540.
1550.
1560.
1580.
1600.
1610.
1650.
1660.
1690.
1700.
1710.
1720.
1730.
1740.
1750.
1760.
1770.
1780.
1800.
1810.
1820.
1850.
1860.
1871.61
1875.35
1880.
1890.
1900.
1910.
1920.
1930.
1940.
1970.
1980.
2000.
2010.
2020.
2040.
2060.
2090.
2100.
2110.
2120.
2130.
2140.
2150.
2160.
2170.
2180.
2200.
2210.
2220.
2230.
2240.
2280.
2290.
2310.
2320.
2330.
2340.
2350.
2360.
2370.
2380.
2390.
2400.
2420.
2430.
2440.
2450.
2460.
2470.
2480.
2490.
2500.
2530.
2540.
2550.
2560.
2570.
2580.
2590.
2610.
2620.
2630.
2640.
2650.
2660.
2670.
2680.
2690.
2700.
2710.
2720.
2730.
2740.
2750.
2760.
2770.
2780.
2790.
2800.
2810.
2820.
2830.
2840.
2850.
2880.
2890.
2900.
2910.
2950.
2960.
2970.
2980.
2990.
3000.
3010.
3020.
3030.
3040.
3050.
3060.
3070.
3080.
3090.
3140.
3150.
3160.
3170.
3180.
3190.
3200.
3210.
3220.
3230.
3240.
3250.
3260.
3270.
3280.
3290.
3300.
3310.
3320.
3330.
3340.
3350.
3360.
3370.
3380.
3450.
3460.
3470.
3480.
3490.
3500.
3600.
3720.
3830.
3940.
4030.
4180.
4270.
4360.
4450.
4540.
4640.
4730.
4820.
4910.
5000.
5090.
5180.
5270.
5360.
5450.
5540.
5630.
5720.
5810.
5900.
5990.
6080.
6170.
6260.
6350.
6460.
6550.
6640.
6730.
6820.
6910.
7000.
7090.
7200.
7290.
7380.
7530.
7620.
7710.
7800.
7890.
7980.
8070.
8310.
8400.
8490.
8580.
8670.
8760.
8850.
8970.
9060.
9150.
9240.
9330.
9420.
9510.
9600.
9690.
9810.
9900.
9990.
10080.
10170.
10260.
10350.
10440.
10530.
10620.
10710.
10800.
10890.
10980.
11070.
11160.
11250.
11340.
11430.
11520.
11610.
11700.
11790.
11880.
11970.
12060.
12200.
12290.
12380.
12470.
12560.
12650.
12740.
12830.
12920.
13010.
13100.
13290.
13380.
13470.
13560.
13650.
13740.
13830.
13920.
14010.
14100.
14190.
14280.
14370.
14460.
14700.
14790.
14880.
14970.
15060.
15150.
15240.
15330.
15420.
15510.
15650.
15740.
15830.
15920.
16010.
16100.
16190.
16280.
16370.
16460.
16550.
16700.
16790.
16880.
16970.
17060.
17150.
17240.
17330.
17420.
17510.
17600.
17690.
17780.
17870.
17960.
18050.
18140.
18230.
18320.
18410.
18500.
18590.
18680.
18770.
18860.
18950.
19040.
19130.
19220.
19310.
19400.
19490.
19580.
19780.
19870.
19960.
20000.
30000.
