200.
250.
303.
350.
400.
450.
500.
550.
600.
650.
700.
750.
800.
810.
820.
830.
840.
850.
860.
870.
880.
890.
900.
920.
930.
940.
950.
960.
970.
980.
990.
1000.
1020.
1030.
1040.
1050.
1060.
1070.
1080.
1090.
1110.
1120.
1130.
1140.
1150.
1160.
1170.
1180.
1190.
1210.
1220.
1230.
1250.
1260.
1270.
1280.
1290.
1300.
1310.
1327.15
1340.
1350.
1360.
1370.
1380.
1390.
1400.
1410.
1420.
1430.
1440.
1450.
1460.
1470.
1480.
1490.
1500.
1510.
1540.
1550.
1560.
1580.
1600.
1610.
1650.
1660.
1690.
1700.
1710.
1720.
1730.
1740.
1750.
1760.
1770.
1780.
1800.
1810.
1820.
1850.
1860.
1871.61
1875.35
1880.
1890.
1900.
1910.
1920.
1930.
1940.
1970.
1980.
2000.
2010.
2020.
2040.
2060.
2090.
2100.
2110.
2120.
2130.
2140.
2150.
2160.
2170.
2180.
2200.
2210.
2220.
2230.
2240.
2280.
2290.
2310.
2320.
2330.
2340.
2350.
2360.
2370.
2380.
2390.
2400.
2420.
2430.
2440.
2450.
2460.
2470.
2480.
2490.
2500.
2530.
2540.
2550.
2560.
2570.
2580.
2590.
2610.
2620.
2630.
2640.
2650.
2660.
2670.
2680.
2690.
2700.
2710.
2720.
2730.
2740.
2750.
2760.
2770.
2780.
2790.
2800.
2810.
2820.
2830.
2840.
2850.
2880.
2890.
2900.
2910.
2950.
2960.
2970.
2980.
2990.
3000.
3010.
3020.
3030.
3040.
3050.
3060.
3070.
3080.
3090.
3140.
3150.
3160.
3170.
3180.
3190.
3200.
3210.
3220.
3230.
3240.
3250.
3260.
3270.
3280.
3290.
3300.
3310.
3320.
3330.
3340.
3350.
3360.
3370.
3380.
3450.
3460.
3470.
3480.
3490.
3500.
3550.
3590.
3630.
3700.
3740.
3800.
3840.
3900.
3940.
3980.
4020.
4120.
4160.
4200.
4240.
4280.
4320.
4360.
4400.
4440.
4480.
4520.
4570.
4610.
4650.
4690.
4730.
4770.
4810.
4850.
4890.
4930.
4970.
5010.
5050.
5090.
5130.
5170.
5210.
5250.
5290.
5330.
5370.
5410.
5450.
5490.
5530.
5570.
5610.
5650.
5690.
5730.
5770.
5810.
5850.
5890.
5930.
5970.
6010.
6050.
6090.
6130.
6170.
6210.
6250.
6290.
6330.
6390.
6430.
6470.
6510.
6550.
6590.
6630.
6670.
6710.
6750.
6790.
6830.
6870.
6910.
6950.
6990.
7030.
7070.
7110.
7170.
7210.
7250.
7290.
7330.
7370.
7470.
7510.
7550.
7590.
7630.
7670.
7710.
7750.
7790.
7830.
7870.
7910.
7950.
7990.
8030.
8070.
8110.
8300.
8340.
8380.
8420.
8460.
8500.
8540.
8580.
8620.
8660.
8700.
8740.
8780.
8820.
8860.
8900.
8970.
9010.
9050.
9090.
9130.
9170.
9210.
9250.
9290.
9330.
9370.
9410.
9450.
9490.
9530.
9570.
9610.
9650.
9690.
9760.
9800.
9840.
9880.
9920.
9960.
10000.
10040.
10080.
10120.
10160.
10200.
10240.
10280.
10320.
10360.
10400.
10440.
10480.
10520.
10560.
10600.
10640.
10680.
10720.
10760.
10800.
10840.
10880.
10920.
10960.
11000.
11040.
11080.
11120.
11160.
11200.
11240.
11280.
11320.
11360.
11400.
11440.
11480.
11520.
11560.
11600.
11640.
11680.
11720.
11760.
11800.
11840.
11880.
11920.
11960.
12000.
12040.
12080.
12170.
12210.
12250.
12290.
12330.
12370.
12410.
12450.
12490.
12530.
12570.
12610.
12650.
12690.
12730.
12770.
12810.
12850.
12890.
12930.
12970.
13010.
13050.
13090.
13180.
13270.
13310.
13350.
13390.
13430.
13470.
13510.
13550.
13590.
13630.
13670.
13710.
13750.
13790.
13830.
13870.
13910.
13950.
13990.
14030.
14070.
14110.
14150.
14190.
14230.
14270.
14310.
14350.
14390.
14430.
14620.
14660.
14700.
14740.
14780.
14820.
14860.
14900.
14940.
14980.
15020.
15060.
15100.
15140.
15180.
15220.
15260.
15300.
15340.
15380.
15420.
15460.
15500.
15540.
15630.
15670.
15710.
15750.
15790.
15830.
15870.
15910.
15950.
15990.
16030.
16070.
16110.
16150.
16190.
16230.
16270.
16310.
16350.
16390.
16430.
16470.
16510.
16550.
16590.
16690.
16730.
16770.
16810.
16850.
16890.
16930.
16970.
17010.
17050.
17090.
17130.
17170.
17210.
17250.
17290.
17330.
17370.
17410.
17450.
17490.
17530.
17570.
17610.
17650.
17690.
17730.
17770.
17810.
17850.
17890.
17930.
17970.
18010.
18050.
18090.
18130.
18170.
18210.
18250.
18290.
18330.
18370.
18410.
18450.
18490.
18530.
18570.
18610.
18650.
18690.
18730.
18770.
18810.
18850.
18890.
18930.
18970.
19010.
19050.
19090.
19130.
19170.
19210.
19250.
19290.
19330.
19370.
19410.
19450.
19490.
19530.
19570.
19610.
19760.
19800.
19840.
19880.
19920.
19960.
20000.
30000.
