200.
250.
303.
350.
400.
450.
500.
550.
600.
650.
700.
750.
800.
810.
820.
830.
840.
850.
860.
870.
880.
890.
900.
920.
930.
940.
950.
960.
970.
980.
990.
1000.
1020.
1030.
1040.
1050.
1060.
1070.
1080.
1090.
1110.
1120.
1130.
1140.
1150.
1160.
1170.
1180.
1190.
1210.
1220.
1230.
1250.
1260.
1270.
1280.
1290.
1300.
1310.
1327.15
1340.
1350.
1360.
1370.
1380.
1390.
1400.
1410.
1420.
1430.
1440.
1450.
1460.
1470.
1480.
1490.
1500.
1510.
1540.
1550.
1560.
1580.
1600.
1610.
1650.
1660.
1690.
1700.
1710.
1720.
1730.
1740.
1750.
1760.
1770.
1780.
1800.
1810.
1820.
1850.
1860.
1871.61
1875.35
1880.
1890.
1900.
1910.
1920.
1930.
1940.
1970.
1980.
2000.
2010.
2020.
2040.
2060.
2090.
2100.
2110.
2120.
2130.
2140.
2150.
2160.
2170.
2180.
2200.
2210.
2220.
2230.
2240.
2280.
2290.
2310.
2320.
2330.
2340.
2350.
2360.
2370.
2380.
2390.
2400.
2420.
2430.
2440.
2450.
2460.
2470.
2480.
2490.
2500.
2530.
2540.
2550.
2560.
2570.
2580.
2590.
2610.
2620.
2630.
2640.
2650.
2660.
2670.
2680.
2690.
2700.
2710.
2720.
2730.
2740.
2750.
2760.
2770.
2780.
2790.
2800.
2810.
2820.
2830.
2840.
2850.
2880.
2890.
2900.
2910.
2950.
2960.
2970.
2980.
2990.
3000.
3010.
3020.
3030.
3040.
3050.
3060.
3070.
3080.
3090.
3140.
3150.
3160.
3170.
3180.
3190.
3200.
3210.
3220.
3230.
3240.
3250.
3260.
3270.
3280.
3290.
3300.
3310.
3320.
3330.
3340.
3350.
3360.
3370.
3380.
3450.
3460.
3470.
3480.
3490.
3500.
3600.
3700.
3800.
3900.
4000.
4100.
4200.
4300.
4400.
4500.
4600.
4700.
4800.
4900.
5000.
5100.
5200.
5300.
5400.
5500.
5600.
5700.
5800.
5900.
6000.
6100.
6200.
6300.
6400.
6500.
6600.
6700.
6800.
6900.
7000.
7100.
7200.
7300.
7400.
7500.
7600.
7700.
7800.
7900.
8000.
8100.
8200.
8300.
8400.
8500.
8600.
8700.
8800.
8900.
9000.
9100.
9200.
9300.
9400.
9500.
9600.
9700.
9800.
9900.
10000.
10100.
10200.
10300.
10400.
10500.
10600.
10700.
10800.
10900.
11000.
11100.
11200.
11300.
11400.
11500.
11600.
11700.
11800.
11900.
12000.
12100.
12200.
12300.
12400.
12500.
12600.
12700.
12800.
12900.
13000.
13100.
13200.
13300.
13400.
13500.
13600.
13700.
13800.
13900.
14000.
14100.
14200.
14300.
14400.
14500.
14600.
14700.
14800.
14900.
15000.
15100.
15200.
15300.
15400.
15500.
15600.
15700.
15800.
15900.
16000.
16100.
16200.
16300.
16400.
16500.
16600.
16700.
16800.
16900.
17000.
17100.
17200.
17300.
17400.
17500.
17600.
17700.
17800.
17900.
18000.
18100.
18200.
18300.
18400.
18500.
18600.
18700.
18800.
18900.
19000.
19100.
19200.
19300.
19400.
19500.
19600.
19700.
19800.
19900.
20000.
30000.
