      200.000     0.000000
      250.000     0.000000
      303.000     0.000000
      350.000     0.000000
      400.000     0.000000
      450.000     0.000000
      500.000     0.000000
      550.000     0.000000
      600.000     0.000000
      650.000     0.000000
      700.000     0.000000
      750.000     0.000000
      800.000     0.000000
      810.000     0.000000
      820.000     0.000000
      830.000     0.000000
      840.000     0.000000
      850.000     0.000000
      860.000     0.000000
      870.000     0.000000
      880.000     0.000000
      890.000     0.000000
      900.000     0.000000
      920.000     0.000000
      930.000     0.000000
      940.000     0.000000
      950.000     0.000000
      960.000     0.000000
      970.000     0.000000
      980.000     0.000000
      990.000     0.000000
      1000.00     0.000000
      1020.00     0.000000
      1030.00     0.000000
      1040.00     0.000000
      1050.00     0.000000
      1060.00     0.000000
      1070.00     0.000000
      1080.00     0.000000
      1090.00     0.000000
      1110.00     0.000000
      1120.00     0.000000
      1130.00     0.000000
      1140.00     0.000000
      1150.00     0.000000
      1160.00     0.000000
      1170.00     0.000000
      1180.00     0.000000
      1190.00     0.000000
      1210.00     0.000000
      1220.00     0.000000
      1230.00     0.000000
      1250.00     0.000000
      1260.00     0.000000
      1270.00     0.000000
      1280.00     0.000000
      1290.00     0.000000
      1300.00     0.000000
      1310.00     0.000000
      1327.15     0.000000
      1329.81     0.000000
      1340.00     0.000000
      1350.00     0.000000
      1360.00     0.000000
      1370.00     0.000000
      1380.00     0.000000
      1390.00     0.000000
      1400.00     0.000000
      1410.00     0.000000
      1420.00     0.000000
      1430.00     0.000000
      1440.00     0.000000
      1450.00     0.000000
      1460.00     0.000000
      1470.00     0.000000
      1480.00     0.000000
      1490.00     0.000000
      1500.00     0.000000
      1510.00     0.000000
      1540.00     0.000000
      1550.00     0.000000
      1560.00     0.000000
      1580.00     0.000000
      1600.00     0.000000
      1610.00     0.000000
      1650.00     0.000000
      1660.00     0.000000
      1670.00     0.000000
      1690.00     0.000000
      1700.00     0.000000
      1710.00     0.000000
      1720.00     0.000000
      1730.00     0.000000
      1740.00     0.000000
      1750.00    0.0333629
      1760.00    0.0342653
      1770.00    0.0351678
      1780.00    0.0360703
      1800.00    0.0378753
      1810.00    0.0387777
      1820.00    0.0396802
      1830.00    0.0405827
      1840.00    0.0414852
      1850.00    0.0423877
      1860.00    0.0432902
      1871.61    0.0443379
      1875.35    0.0446755
      1880.00    0.0450951
      1890.00    0.0459976
      1900.00    0.0469001
      1910.00    0.0478026
      1920.00    0.0487051
      1930.00    0.0496990
      1940.00    0.0509099
      1970.00    0.0545426
      1980.00    0.0557536
      2000.00    0.0581754
      2010.00    0.0593863
      2020.00    0.0605972
      2040.00    0.0630191
      2060.00    0.0654409
      2090.00    0.0690737
      2100.00    0.0702846
      2110.00    0.0714955
      2120.00    0.0727064
      2130.00    0.0739173
      2140.00    0.0751283
      2150.00    0.0763392
      2160.00    0.0777855
      2170.00    0.0794560
      2180.00    0.0811266
      2200.00    0.0844677
      2210.00    0.0861382
      2220.00    0.0878088
      2230.00    0.0894793
      2240.00    0.0911499
      2280.00    0.0978321
      2290.00    0.0995027
      2300.00     0.101173
      2310.00     0.102844
      2320.00     0.104514
      2330.00     0.106185
      2340.00     0.107855
      2350.00     0.109526
      2360.00     0.111197
      2370.00     0.112867
      2380.00     0.114538
      2390.00     0.116208
      2400.00     0.117879
      2420.00     0.121220
      2430.00     0.122890
      2440.00     0.124561
      2450.00     0.126672
      2460.00     0.129055
      2470.00     0.131439
      2480.00     0.133822
      2490.00     0.136206
      2500.00     0.138589
      2530.00     0.145740
      2540.00     0.148123
      2550.00     0.150507
      2560.00     0.152890
      2570.00     0.155274
      2580.00     0.157657
      2590.00     0.160041
      2610.00     0.164808
      2620.00     0.167191
      2630.00     0.169575
      2640.00     0.171958
      2650.00     0.174342
      2660.00     0.176725
      2670.00     0.179109
      2680.00     0.181492
      2690.00     0.183876
      2700.00     0.186259
      2710.00     0.188643
      2720.00     0.191026
      2730.00     0.193410
      2740.00     0.195793
      2750.00     0.198177
      2760.00     0.200560
      2770.00     0.202944
      2780.00     0.205327
      2790.00     0.207711
      2800.00     0.210094
      2810.00     0.212478
      2820.00     0.214861
      2830.00     0.218167
      2840.00     0.221743
      2850.00     0.225318
      2880.00     0.236045
      2890.00     0.239621
      2900.00     0.243196
      2910.00     0.246772
      2950.00     0.261074
      2960.00     0.264650
      2970.00     0.268226
      2980.00     0.271801
      2990.00     0.275377
      3000.00     0.278953
      3010.00     0.282528
      3020.00     0.286104
      3030.00     0.289679
      3040.00     0.293255
      3050.00     0.296831
      3060.00     0.300406
      3070.00     0.303982
      3080.00     0.307557
      3090.00     0.311133
      3120.00     0.321860
      3140.00     0.329011
      3150.00     0.332587
      3160.00     0.336162
      3170.00     0.339738
      3180.00     0.343314
      3190.00     0.346889
      3200.00     0.350465
      3210.00     0.354040
      3220.00     0.357616
      3230.00     0.361192
      3240.00     0.364767
      3250.00     0.368343
      3260.00     0.371918
      3270.00     0.375494
      3280.00     0.379070
      3290.00     0.382645
      3300.00     0.386221
      3310.00     0.389796
      3320.00     0.393372
      3330.00     0.396948
      3340.00     0.400658
      3350.00     0.406386
      3360.00     0.412114
      3370.00     0.417842
      3380.00     0.423570
      3420.00     0.446482
      3450.00     0.463666
      3460.00     0.469394
      3470.00     0.475122
      3480.00     0.480850
      3490.00     0.486578
      3500.00     0.492306
      3510.00     0.498034
      3520.00     0.503762
      3530.00     0.509490
      3540.00     0.515218
      3550.00     0.520946
      3560.00     0.526674
      3570.00     0.532402
      3580.00     0.538130
      3590.00     0.543858
      3600.00     0.549586
      3610.00     0.555314
      3620.00     0.561042
      3630.00     0.566770
      3660.00     0.583955
      3670.00     0.589683
      3690.00     0.601139
      3700.00     0.606867
      3710.00     0.612595
      3720.00     0.618323
      3730.00     0.624051
      3740.00     0.629779
      3770.00     0.646963
      3780.00     0.652691
      3790.00     0.658419
      3800.00     0.664147
      3810.00     0.669875
      3820.00     0.675603
      3830.00     0.681331
      3840.00     0.687059
      3860.00     0.698515
      3870.00     0.704243
      3890.00     0.715699
      3900.00     0.721427
      3910.00     0.727155
      3920.00     0.732883
      3930.00     0.738611
      3940.00     0.744339
      3950.00     0.750067
      3960.00     0.755795
      3970.00     0.761523
      3980.00     0.767251
      3990.00     0.772979
      4000.00     0.778708
      4010.00     0.784436
      4020.00     0.790164
      4030.00     0.795892
      4050.00     0.807348
      4110.00     0.851122
      4120.00     0.861225
      4130.00     0.871328
      4140.00     0.881431
      4150.00     0.891534
      4160.00     0.901637
      4170.00     0.911740
      4180.00     0.921843
      4190.00     0.931946
      4200.00     0.942049
      4210.00     0.952152
      4220.00     0.962254
      4230.00     0.972357
      4240.00     0.982460
      4250.00     0.992563
      4260.00      1.00267
      4270.00      1.01277
      4280.00      1.02287
      4290.00      1.03297
      4300.00      1.04308
      4310.00      1.05318
      4320.00      1.06328
      4330.00      1.07339
      4340.00      1.08349
      4350.00      1.09359
      4360.00      1.10370
      4370.00      1.11380
      4380.00      1.12390
      4390.00      1.13400
      4400.00      1.14411
      4410.00      1.15421
      4420.00      1.16431
      4430.00      1.17442
      4440.00      1.18452
      4450.00      1.19462
      4460.00      1.20472
      4470.00      1.21483
      4480.00      1.22493
      4490.00      1.23503
      4500.00      1.24514
      4510.00      1.25524
      4520.00      1.26534
      4530.00      1.27545
      4540.00      1.28555
      4560.00      1.30575
      4570.00      1.31586
      4580.00      1.32596
      4590.00      1.33606
      4600.00      1.34617
      4610.00      1.35627
      4620.00      1.36637
      4630.00      1.37647
      4640.00      1.38658
      4650.00      1.39668
      4660.00      1.40678
      4670.00      1.41689
      4680.00      1.42699
      4690.00      1.43709
      4700.00      1.44719
      4710.00      1.45730
      4720.00      1.46740
      4730.00      1.47750
      4740.00      1.48761
      4750.00      1.49771
      4760.00      1.50781
      4770.00      1.51792
      4780.00      1.52802
      4790.00      1.53812
      4800.00      1.54822
      4810.00      1.55833
      4820.00      1.56843
      4830.00      1.57853
      4840.00      1.58864
      4850.00      1.59874
      4860.00      1.60884
      4870.00      1.61894
      4880.00      1.62905
      4890.00      1.63915
      4900.00      1.64925
      4910.00      1.65936
      4920.00      1.66946
      4930.00      1.67956
      4940.00      1.68967
      4950.00      1.69977
      4960.00      1.70987
      4970.00      1.71997
      4980.00      1.73008
      4990.00      1.74018
      5000.00      1.75028
      5010.00      1.76039
      5020.00      1.77049
      5030.00      1.78059
      5040.00      1.79069
      5050.00      1.80080
      5060.00      1.81090
      5070.00      1.82100
      5080.00      1.83111
      5090.00      1.84121
      5100.00      1.85131
      5110.00      1.86141
      5120.00      1.87152
      5130.00      1.88162
      5140.00      1.89172
      5150.00      1.90183
      5160.00      1.91193
      5170.00      1.92203
      5180.00      1.93214
      5190.00      1.94224
      5200.00      1.95234
      5210.00      1.96244
      5220.00      1.97255
      5230.00      1.98265
      5240.00      1.99275
      5250.00      2.00286
      5260.00      2.01296
      5270.00      2.02306
      5280.00      2.03695
      5290.00      2.05123
      5300.00      2.06551
      5310.00      2.07978
      5320.00      2.09406
      5330.00      2.10834
      5340.00      2.12261
      5350.00      2.13689
      5360.00      2.15117
      5370.00      2.16544
      5380.00      2.17972
      5390.00      2.19400
      5400.00      2.20827
      5410.00      2.22255
      5420.00      2.23683
      5430.00      2.25111
      5440.00      2.26538
      5450.00      2.27966
      5460.00      2.29394
      5470.00      2.30821
      5480.00      2.32249
      5490.00      2.33677
      5500.00      2.35104
      5510.00      2.36532
      5520.00      2.37960
      5530.00      2.39388
      5540.00      2.40815
      5550.00      2.42243
      5560.00      2.43671
      5570.00      2.45098
      5580.00      2.46526
      5590.00      2.47954
      5600.00      2.49503
      5610.00      2.51154
      5620.00      2.52805
      5630.00      2.54455
      5640.00      2.56106
      5650.00      2.57756
      5660.00      2.59407
      5670.00      2.61058
      5680.00      2.62708
      5690.00      2.64359
      5700.00      2.66009
      5710.00      2.67660
      5720.00      2.69311
      5730.00      2.70961
      5740.00      2.72612
      5750.00      2.74262
      5760.00      2.75913
      5770.00      2.77564
      5780.00      2.79214
      5790.00      2.80865
      5800.00      2.82515
      5810.00      2.84166
      5820.00      2.85816
      5830.00      2.87467
      5840.00      2.89118
      5850.00      2.90768
      5860.00      2.92419
      5870.00      2.94069
      5880.00      2.95720
      5890.00      2.97371
      5900.00      2.99021
      5910.00      3.00672
      5920.00      3.02322
      5930.00      3.03973
      5940.00      3.05624
      5950.00      3.07274
      5960.00      3.08925
      5970.00      3.10835
      5980.00      3.12757
      5990.00      3.14680
      6000.00      3.16603
      6010.00      3.18525
      6020.00      3.20448
      6030.00      3.22370
      6040.00      3.24293
      6050.00      3.26216
      6060.00      3.28138
      6070.00      3.30061
      6080.00      3.31983
      6090.00      3.33906
      6100.00      3.35828
      6110.00      3.37751
      6120.00      3.39674
      6130.00      3.41596
      6140.00      3.43519
      6150.00      3.45441
      6160.00      3.47364
      6170.00      3.49286
      6180.00      3.51209
      6190.00      3.53132
      6200.00      3.55054
      6210.00      3.56977
      6220.00      3.58899
      6230.00      3.60822
      6240.00      3.62744
      6250.00      3.64667
      6260.00      3.66590
      6270.00      3.68512
      6280.00      3.70435
      6290.00      3.72357
      6300.00      3.74280
      6310.00      3.76203
      6320.00      3.78125
      6330.00      3.80048
      6340.00      3.81970
      6350.00      3.83893
      6360.00      3.85815
      6370.00      3.87738
      6380.00      3.89741
      6390.00      3.92000
      6400.00      3.94258
      6410.00      3.96517
      6420.00      3.98776
      6430.00      4.01034
      6440.00      4.03293
      6450.00      4.05552
      6460.00      4.07810
      6470.00      4.10069
      6480.00      4.12328
      6490.00      4.14586
      6500.00      4.16845
      6510.00      4.19104
      6520.00      4.21362
      6530.00      4.23621
      6540.00      4.25879
      6550.00      4.28138
      6560.00      4.30397
      6570.00      4.32655
      6580.00      4.34914
      6590.00      4.37173
      6600.00      4.39431
      6610.00      4.41690
      6620.00      4.43949
      6630.00      4.46207
      6640.00      4.48466
      6650.00      4.50725
      6660.00      4.52983
      6670.00      4.55242
      6680.00      4.57501
      6690.00      4.59759
      6700.00      4.62018
      6710.00      4.64277
      6720.00      4.66535
      6730.00      4.68794
      6740.00      4.71052
      6750.00      4.73311
      6760.00      4.75570
      6770.00      4.77828
      6780.00      4.80087
      6790.00      4.82346
      6800.00      4.84604
      6810.00      4.86863
      6820.00      4.89122
      6830.00      4.91380
      6840.00      4.93639
      6850.00      4.95898
      6860.00      4.98260
      6870.00      5.00941
      6880.00      5.03622
      6890.00      5.06303
      6900.00      5.08983
      6910.00      5.11664
      6920.00      5.14345
      6930.00      5.17026
      6940.00      5.19707
      6950.00      5.22387
      6960.00      5.25068
      6970.00      5.27749
      6980.00      5.30430
      6990.00      5.33111
      7000.00      5.35791
      7010.00      5.38472
      7020.00      5.41153
      7030.00      5.43834
      7040.00      5.46515
      7050.00      5.49195
      7060.00      5.51876
      7070.00      5.54557
      7080.00      5.57238
      7090.00      5.59919
      7100.00      5.62599
      7110.00      5.65280
      7120.00      5.67961
      7130.00      5.70642
      7140.00      5.73323
      7170.00      5.81365
      7180.00      5.84046
      7190.00      5.86727
      7200.00      5.89407
      7210.00      5.92088
      7220.00      5.94769
      7230.00      5.97450
      7240.00      6.00131
      7250.00      6.02811
      7260.00      6.05492
      7270.00      6.08173
      7280.00      6.10854
      7290.00      6.13535
      7300.00      6.16215
      7310.00      6.18896
      7320.00      6.21577
      7330.00      6.24258
      7340.00      6.26939
      7350.00      6.29619
      7360.00      6.32300
      7370.00      6.34981
      7380.00      6.37662
      7390.00      6.40343
      7400.00      6.43023
      7410.00      6.45704
      7430.00      6.51845
      7460.00      6.61508
      7470.00      6.64729
      7480.00      6.67951
      7490.00      6.71172
      7500.00      6.74393
      7510.00      6.77614
      7520.00      6.80835
      7530.00      6.84056
      7540.00      6.87277
      7550.00      6.90498
      7560.00      6.93720
      7570.00      6.96941
      7580.00      7.00162
      7590.00      7.03383
      7600.00      7.06604
      7610.00      7.09825
      7620.00      7.13046
      7630.00      7.16268
      7640.00      7.19489
      7650.00      7.22710
      7660.00      7.25931
      7670.00      7.29152
      7680.00      7.32373
      7690.00      7.35594
      7700.00      7.38815
      7710.00      7.42037
      7720.00      7.45258
      7730.00      7.48479
      7740.00      7.51700
      7750.00      7.54921
      7760.00      7.58142
      7770.00      7.61363
      7780.00      7.64585
      7790.00      7.67806
      7800.00      7.71027
      7810.00      7.74248
      7820.00      7.77469
      7830.00      7.80690
      7840.00      7.83911
      7850.00      7.87132
      7860.00      7.90354
      7870.00      7.93575
      7880.00      7.96796
      7890.00      8.00017
      7900.00      8.03238
      7910.00      8.06459
      7920.00      8.09680
      7930.00      8.12902
      7940.00      8.16123
      7950.00      8.19344
      7960.00      8.22565
      7970.00      8.25786
      7980.00      8.29007
      7990.00      8.32228
      8000.00      8.35450
      8010.00      8.38671
      8020.00      8.41892
      8030.00      8.45113
      8040.00      8.48334
      8050.00      8.51555
      8060.00      8.54776
      8070.00      8.57997
      8080.00      8.61749
      8090.00      8.65677
      8100.00      8.69605
      8110.00      8.73533
      8120.00      8.77462
      8130.00      8.81390
      8170.00      8.97102
      8180.00      9.01030
      8290.00      9.44238
      8300.00      9.48166
      8310.00      9.52094
      8320.00      9.56022
      8330.00      9.59950
      8340.00      9.63879
      8350.00      9.67807
      8360.00      9.71735
      8370.00      9.75663
      8380.00      9.79591
      8390.00      9.83519
      8400.00      9.87447
      8410.00      9.91375
      8420.00      9.95303
      8430.00      9.99231
      8440.00      10.0316
      8450.00      10.0709
      8460.00      10.1102
      8470.00      10.1494
      8480.00      10.1887
      8490.00      10.2280
      8500.00      10.2673
      8510.00      10.3066
      8520.00      10.3458
      8530.00      10.3851
      8540.00      10.4244
      8550.00      10.4637
      8560.00      10.5030
      8570.00      10.5422
      8580.00      10.5815
      8590.00      10.6208
      8600.00      10.6601
      8610.00      10.6994
      8620.00      10.7386
      8630.00      10.7779
      8640.00      10.8172
      8650.00      10.8565
      8660.00      10.8958
      8670.00      10.9350
      8680.00      10.9743
      8690.00      11.0136
      8700.00      11.0529
      8710.00      11.0922
      8720.00      11.1314
      8730.00      11.1707
      8740.00      11.2100
      8750.00      11.2493
      8760.00      11.2886
      8770.00      11.3278
      8780.00      11.3671
      8790.00      11.4064
      8800.00      11.4457
      8810.00      11.4850
      8820.00      11.5242
      8830.00      11.5635
      8840.00      11.6028
      8850.00      11.6421
      8860.00      11.6841
      8870.00      11.7327
      8880.00      11.7814
      8890.00      11.8301
      8900.00      11.8787
      8910.00      11.9274
      8920.00      11.9760
      8930.00      12.0247
      8940.00      12.0734
      8950.00      12.1220
      8960.00      12.1707
      8970.00      12.2193
      8980.00      12.2680
      8990.00      12.3167
      9000.00      12.3653
      9010.00      12.4140
      9020.00      12.4626
      9030.00      12.5113
      9040.00      12.5600
      9050.00      12.6086
      9060.00      12.6573
      9070.00      12.7059
      9080.00      12.7546
      9090.00      12.8033
      9100.00      12.8519
      9110.00      12.9006
      9120.00      12.9493
      9130.00      12.9979
      9140.00      13.0466
      9150.00      13.0952
      9160.00      13.1439
      9170.00      13.1926
      9180.00      13.2412
      9190.00      13.2899
      9200.00      13.3385
      9210.00      13.3872
      9220.00      13.4359
      9230.00      13.4845
      9240.00      13.5332
      9250.00      13.5818
      9260.00      13.6305
      9270.00      13.6792
      9280.00      13.7278
      9290.00      13.7765
      9300.00      13.8251
      9310.00      13.8738
      9320.00      13.9225
      9330.00      13.9711
      9340.00      14.0198
      9350.00      14.0684
      9360.00      14.1171
      9370.00      14.1658
      9380.00      14.2144
      9390.00      14.2631
      9400.00      14.3117
      9410.00      14.3604
      9420.00      14.4091
      9430.00      14.4577
      9440.00      14.5064
      9450.00      14.5550
      9460.00      14.6037
      9470.00      14.6524
      9480.00      14.7010
      9490.00      14.7497
      9500.00      14.7983
      9510.00      14.8470
      9520.00      14.8957
      9530.00      14.9443
      9540.00      14.9930
      9550.00      15.0416
      9560.00      15.0903
      9570.00      15.1390
      9580.00      15.1876
      9590.00      15.2363
      9600.00      15.2849
      9610.00      15.3336
      9620.00      15.3823
      9630.00      15.4309
      9640.00      15.4796
      9650.00      15.5282
      9660.00      15.5769
      9670.00      15.6256
      9680.00      15.6742
      9690.00      15.7229
      9700.00      15.7715
      9710.00      15.8202
      9720.00      15.8689
      9730.00      15.9175
      9740.00      15.9662
      9750.00      16.0148
      9760.00      16.0635
      9770.00      16.1122
      9780.00      16.1608
      9790.00      16.2095
      9800.00      16.2581
      9810.00      16.3068
      9820.00      16.3675
      9830.00      16.4290
      9840.00      16.4905
      9850.00      16.5520
      9860.00      16.6135
      9870.00      16.6750
      9880.00      16.7365
      9890.00      16.7980
      9900.00      16.8595
      9910.00      16.9210
      9920.00      16.9825
      9930.00      17.0440
      9940.00      17.1055
      9950.00      17.1670
      9960.00      17.2285
      9970.00      17.2900
      9980.00      17.3516
      9990.00      17.4131
      10000.0      17.4746
      10010.0      17.5361
      10020.0      17.5976
      10030.0      17.6591
      10040.0      17.7206
      10050.0      17.7821
      10060.0      17.8436
      10070.0      17.9051
      10080.0      17.9666
      10090.0      18.0281
      10100.0      18.0896
      10110.0      18.1511
      10120.0      18.2126
      10130.0      18.2741
      10140.0      18.3356
      10150.0      18.3971
      10160.0      18.4586
      10170.0      18.5202
      10180.0      18.5817
      10190.0      18.6432
      10200.0      18.7047
      10210.0      18.7662
      10220.0      18.8277
      10230.0      18.8892
      10240.0      18.9507
      10250.0      19.0122
      10260.0      19.0737
      10270.0      19.1352
      10280.0      19.1967
      10290.0      19.2582
      10300.0      19.3197
      10310.0      19.3812
      10320.0      19.4427
      10330.0      19.5042
      10340.0      19.5657
      10350.0      19.6272
      10360.0      19.6887
      10370.0      19.7503
      10380.0      19.8118
      10390.0      19.8733
      10400.0      19.9348
      10410.0      19.9963
      10420.0      20.0578
      10430.0      20.1193
      10440.0      20.1808
      10450.0      20.2423
      10460.0      20.3038
      10470.0      20.3653
      10480.0      20.4268
      10490.0      20.4883
      10500.0      20.5498
      10510.0      20.6113
      10520.0      20.6728
      10530.0      20.7343
      10540.0      20.7958
      10550.0      20.8573
      10560.0      20.9189
      10570.0      20.9804
      10580.0      21.0419
      10590.0      21.1034
      10600.0      21.1649
      10610.0      21.2264
      10620.0      21.2879
      10630.0      21.3494
      10640.0      21.4109
      10650.0      21.4724
      10660.0      21.5339
      10670.0      21.5954
      10680.0      21.6569
      10690.0      21.7184
      10700.0      21.7799
      10710.0      21.8414
      10720.0      21.9029
      10730.0      21.9644
      10740.0      22.0259
      10750.0      22.0875
      10760.0      22.1490
      10770.0      22.2105
      10780.0      22.2720
      10790.0      22.3335
      10800.0      22.3950
      10810.0      22.4565
      10820.0      22.5180
      10830.0      22.5795
      10840.0      22.6410
      10850.0      22.7025
      10860.0      22.7640
      10870.0      22.8255
      10880.0      22.8870
      10890.0      22.9485
      10900.0      23.0100
      10910.0      23.0715
      10920.0      23.1330
      10930.0      23.1945
      10940.0      23.2561
      10950.0      23.3176
      10960.0      23.3791
      10970.0      23.4406
      10980.0      23.5021
      10990.0      23.5636
      11000.0      23.6355
      11010.0      23.7153
      11020.0      23.7952
      11030.0      23.8750
      11040.0      23.9548
      11050.0      24.0346
      11060.0      24.1144
      11070.0      24.1943
      11080.0      24.2741
      11090.0      24.3539
      11100.0      24.4337
      11110.0      24.5135
      11120.0      24.5933
      11130.0      24.6732
      11140.0      24.7530
      11150.0      24.8328
      11160.0      24.9126
      11170.0      24.9924
      11180.0      25.0722
      11190.0      25.1521
      11200.0      25.2319
      11210.0      25.3117
      11220.0      25.3915
      11230.0      25.4713
      11240.0      25.5511
      11250.0      25.6310
      11260.0      25.7108
      11270.0      25.7906
      11280.0      25.8704
      11290.0      25.9502
      11300.0      26.0301
      11310.0      26.1099
      11320.0      26.1897
      11330.0      26.2695
      11340.0      26.3493
      11350.0      26.4291
      11360.0      26.5090
      11370.0      26.5888
      11380.0      26.6686
      11390.0      26.7484
      11400.0      26.8282
      11410.0      26.9080
      11420.0      26.9879
      11430.0      27.0677
      11440.0      27.1475
      11450.0      27.2273
      11460.0      27.3071
      11470.0      27.3869
      11480.0      27.4668
      11490.0      27.5466
      11500.0      27.6264
      11510.0      27.7062
      11520.0      27.7860
      11530.0      27.8659
      11540.0      27.9457
      11550.0      28.0255
      11560.0      28.1053
      11570.0      28.1851
      11580.0      28.2649
      11590.0      28.3448
      11600.0      28.4246
      11610.0      28.5044
      11620.0      28.5842
      11630.0      28.6640
      11640.0      28.7438
      11650.0      28.8237
      11660.0      28.9035
      11670.0      28.9833
      11680.0      29.0631
      11690.0      29.1429
      11700.0      29.2227
      11710.0      29.3026
      11720.0      29.3824
      11730.0      29.4622
      11740.0      29.5420
      11750.0      29.6218
      11760.0      29.7017
      11770.0      29.7815
      11780.0      29.8613
      11790.0      29.9411
      11800.0      30.0209
      11810.0      30.1007
      11820.0      30.1806
      11830.0      30.2604
      11840.0      30.3402
      11850.0      30.4200
      11860.0      30.4998
      11870.0      30.5796
      11880.0      30.6595
      11890.0      30.7393
      11900.0      30.8191
      11910.0      30.8989
      11920.0      30.9787
      11930.0      31.0585
      11940.0      31.1384
      11950.0      31.2182
      11960.0      31.2980
      11970.0      31.3778
      11980.0      31.4576
      11990.0      31.5375
      12000.0      31.6173
      12010.0      31.6971
      12020.0      31.7769
      12030.0      31.8567
      12040.0      31.9365
      12050.0      32.0164
      12060.0      32.0962
      12070.0      32.1760
      12080.0      32.2558
      12090.0      32.3356
      12100.0      32.4154
      12110.0      32.4953
      12120.0      32.5751
      12130.0      32.6549
      12140.0      32.7347
      12150.0      32.8145
      12160.0      32.8943
      12170.0      32.9742
      12180.0      33.0540
      12190.0      33.1338
      12200.0      33.2136
      12210.0      33.2934
      12220.0      33.3732
      12230.0      33.4531
      12240.0      33.5329
      12250.0      33.6127
      12260.0      33.6925
      12270.0      33.7723
      12280.0      33.8522
      12290.0      33.9320
      12300.0      34.0118
      12310.0      34.0916
      12320.0      34.1714
      12330.0      34.2512
      12340.0      34.3311
      12350.0      34.4109
      12360.0      34.4907
      12370.0      34.5705
      12380.0      34.6503
      12390.0      34.7301
      12400.0      34.8100
      12410.0      34.8898
      12420.0      34.9696
      12430.0      35.0494
      12440.0      35.1292
      12450.0      35.2091
      12460.0      35.2889
      12470.0      35.3687
      12480.0      35.4485
      12490.0      35.5283
      12500.0      35.6081
      12510.0      35.6981
      12520.0      35.7920
      12530.0      35.8858
      12540.0      35.9796
      12550.0      36.0735
      12560.0      36.1673
      12570.0      36.2611
      12580.0      36.3550
      12590.0      36.4488
      12600.0      36.5426
      12610.0      36.6365
      12620.0      36.7303
      12630.0      36.8241
      12640.0      36.9180
      12650.0      37.0118
      12660.0      37.1056
      12670.0      37.1995
      12680.0      37.2933
      12690.0      37.3871
      12700.0      37.4810
      12710.0      37.5748
      12720.0      37.6686
      12730.0      37.7625
      12740.0      37.8563
      12750.0      37.9501
      12760.0      38.0440
      12770.0      38.1378
      12780.0      38.2316
      12790.0      38.3255
      12800.0      38.4193
      12810.0      38.5131
      12820.0      38.6070
      12830.0      38.7008
      12840.0      38.7946
      12850.0      38.8885
      12860.0      38.9849
      12870.0      39.0846
      12880.0      39.1842
      12890.0      39.2839
      12900.0      39.3836
      12910.0      39.4833
      12920.0      39.5829
      12930.0      39.6826
      12940.0      39.7823
      12950.0      39.8819
      12960.0      39.9816
      12970.0      40.0813
      12980.0      40.1809
      12990.0      40.2806
      13000.0      40.3803
      13010.0      40.4799
      13020.0      40.5796
      13030.0      40.6793
      13040.0      40.7789
      13050.0      40.8786
      13060.0      40.9783
      13070.0      41.0779
      13080.0      41.1776
      13090.0      41.2773
      13100.0      41.3769
      13110.0      41.4766
      13120.0      41.5763
      13130.0      41.6759
      13140.0      41.7756
      13150.0      41.8753
      13160.0      41.9749
      13170.0      42.0746
      13180.0      42.1743
      13190.0      42.2739
      13200.0      42.3736
      13210.0      42.4733
      13220.0      42.5729
      13230.0      42.6734
      13240.0      42.7790
      13250.0      42.8847
      13260.0      42.9904
      13270.0      43.0961
      13280.0      43.2017
      13290.0      43.3074
      13300.0      43.4131
      13310.0      43.5187
      13320.0      43.6244
      13330.0      43.7301
      13340.0      43.8358
      13350.0      43.9414
      13360.0      44.0471
      13370.0      44.1528
      13380.0      44.2584
      13390.0      44.3641
      13400.0      44.4698
      13410.0      44.5755
      13420.0      44.6811
      13430.0      44.7868
      13440.0      44.8925
      13450.0      44.9981
      13460.0      45.1038
      13470.0      45.2095
      13480.0      45.3152
      13490.0      45.4208
      13500.0      45.5265
      13510.0      45.6322
      13520.0      45.7378
      13530.0      45.8435
      13540.0      45.9492
      13550.0      46.0549
      13560.0      46.1605
      13570.0      46.2662
      13580.0      46.3719
      13590.0      46.4775
      13600.0      46.5832
      13610.0      46.6889
      13620.0      46.7946
      13630.0      46.9042
      13640.0      47.0168
      13650.0      47.1295
      13660.0      47.2421
      13670.0      47.3547
      13680.0      47.4674
      13690.0      47.5800
      13700.0      47.6926
      13710.0      47.8053
      13720.0      47.9179
      13730.0      48.0305
      13740.0      48.1432
      13750.0      48.2558
      13760.0      48.3684
      13770.0      48.4811
      13780.0      48.5937
      13790.0      48.7063
      13800.0      48.8190
      13810.0      48.9316
      13820.0      49.0442
      13830.0      49.1569
      13840.0      49.2695
      13850.0      49.3821
      13860.0      49.4948
      13870.0      49.6074
      13880.0      49.7200
      13890.0      49.8327
      13900.0      49.9453
      13910.0      50.0579
      13920.0      50.1706
      13930.0      50.2832
      13940.0      50.3958
      13950.0      50.5084
      13960.0      50.6211
      13970.0      50.7337
      13980.0      50.8463
      13990.0      50.9590
      14000.0      51.0716
      14010.0      51.1842
      14020.0      51.2969
      14030.0      51.4095
      14040.0      51.5221
      14050.0      51.6393
      14060.0      51.7597
      14070.0      51.8802
      14080.0      52.0006
      14090.0      52.1211
      14100.0      52.2415
      14110.0      52.3620
      14120.0      52.4824
      14130.0      52.6029
      14140.0      52.7233
      14150.0      52.8438
      14160.0      52.9642
      14170.0      53.0847
      14180.0      53.2051
      14190.0      53.3256
      14200.0      53.4460
      14210.0      53.5665
      14220.0      53.6869
      14230.0      53.8074
      14240.0      53.9278
      14250.0      54.0483
      14260.0      54.1687
      14270.0      54.2892
      14280.0      54.4096
      14290.0      54.5301
      14300.0      54.6505
      14310.0      54.7710
      14320.0      54.8914
      14330.0      55.0119
      14340.0      55.1323
      14350.0      55.2528
      14360.0      55.3732
      14370.0      55.4937
      14380.0      55.6141
      14390.0      55.7346
      14400.0      55.8550
      14410.0      55.9755
      14420.0      56.0959
      14430.0      56.2164
      14440.0      56.3368
      14450.0      56.4573
      14460.0      56.5777
      14470.0      56.6982
      14480.0      56.8186
      14490.0      56.9391
     14490.91      56.9500
      14500.0     0.000000
      14510.0     0.000000
      14520.0     0.000000
      14530.0     0.000000
      14540.0     0.000000
      14550.0     0.000000
      14560.0     0.000000
      14570.0     0.000000
      14580.0     0.000000
      14590.0     0.000000
      14600.0     0.000000
      14610.0     0.000000
      14620.0     0.000000
      14630.0     0.000000
      14640.0     0.000000
      14650.0     0.000000
      14660.0     0.000000
      14670.0     0.000000
      14680.0     0.000000
      14690.0     0.000000
      14700.0     0.000000
      14710.0     0.000000
      14720.0     0.000000
      14730.0     0.000000
      14740.0     0.000000
      14750.0     0.000000
      14760.0     0.000000
      14770.0     0.000000
      14780.0     0.000000
      14790.0     0.000000
      14800.0     0.000000
      14810.0     0.000000
      14820.0     0.000000
      14830.0     0.000000
      14840.0     0.000000
      14850.0     0.000000
      14860.0     0.000000
      14870.0     0.000000
      14880.0     0.000000
      14890.0     0.000000
      14900.0     0.000000
      14910.0     0.000000
      14920.0     0.000000
      14930.0     0.000000
      14940.0     0.000000
      14950.0     0.000000
      14960.0     0.000000
      14970.0     0.000000
      14980.0     0.000000
      14990.0     0.000000
      15000.0     0.000000
      15010.0     0.000000
      15020.0     0.000000
      15030.0     0.000000
      15040.0     0.000000
      15050.0     0.000000
      15060.0     0.000000
      15070.0     0.000000
      15080.0     0.000000
      15090.0     0.000000
      15100.0     0.000000
      15110.0     0.000000
      15120.0     0.000000
      15130.0     0.000000
      15140.0     0.000000
      15150.0     0.000000
      15160.0     0.000000
      15170.0     0.000000
      15180.0     0.000000
      15190.0     0.000000
      15200.0     0.000000
      15210.0     0.000000
      15220.0     0.000000
      15230.0     0.000000
      15240.0     0.000000
      15250.0     0.000000
      15260.0     0.000000
      15270.0     0.000000
      15280.0     0.000000
      15290.0     0.000000
      15300.0     0.000000
      15310.0     0.000000
      15320.0     0.000000
      15330.0     0.000000
      15340.0     0.000000
      15350.0     0.000000
      15360.0     0.000000
      15370.0     0.000000
      15380.0     0.000000
      15390.0     0.000000
      15400.0     0.000000
      15410.0     0.000000
      15420.0     0.000000
      15430.0     0.000000
      15440.0     0.000000
      15450.0     0.000000
      15460.0     0.000000
      15470.0     0.000000
      15480.0     0.000000
      15490.0     0.000000
      15500.0     0.000000
      15510.0     0.000000
      15520.0     0.000000
      15530.0     0.000000
      15540.0     0.000000
      15550.0     0.000000
      15560.0     0.000000
      15570.0     0.000000
      15580.0     0.000000
      15590.0     0.000000
      15600.0     0.000000
      15610.0     0.000000
      15620.0     0.000000
      15630.0     0.000000
      15640.0     0.000000
      15650.0     0.000000
      15660.0     0.000000
      15670.0     0.000000
      15680.0     0.000000
      15690.0     0.000000
      15700.0     0.000000
      15710.0     0.000000
      15720.0     0.000000
      15730.0     0.000000
      15740.0     0.000000
      15750.0     0.000000
      15760.0     0.000000
      15770.0     0.000000
      15780.0     0.000000
      15790.0     0.000000
      15800.0     0.000000
      15810.0     0.000000
      15820.0     0.000000
      15830.0     0.000000
      15840.0     0.000000
      15850.0     0.000000
      15860.0     0.000000
      15870.0     0.000000
      15880.0     0.000000
      15890.0     0.000000
      15900.0     0.000000
      15910.0     0.000000
      15920.0     0.000000
      15930.0     0.000000
      15940.0     0.000000
      15950.0     0.000000
      15960.0     0.000000
      15970.0     0.000000
      15980.0     0.000000
      15990.0     0.000000
      16000.0     0.000000
      16010.0     0.000000
      16020.0     0.000000
      16030.0     0.000000
      16040.0     0.000000
      16050.0     0.000000
      16060.0     0.000000
      16070.0     0.000000
      16080.0     0.000000
      16090.0     0.000000
      16100.0     0.000000
      16110.0     0.000000
      16120.0     0.000000
      16130.0     0.000000
      16140.0     0.000000
      16150.0     0.000000
      16160.0     0.000000
      16170.0     0.000000
      16180.0     0.000000
      16190.0     0.000000
      16200.0     0.000000
      16210.0     0.000000
      16220.0     0.000000
      16230.0     0.000000
      16240.0     0.000000
      16250.0     0.000000
      16260.0     0.000000
      16270.0     0.000000
      16280.0     0.000000
      16290.0     0.000000
      16300.0     0.000000
      16310.0     0.000000
      16320.0     0.000000
      16330.0     0.000000
      16340.0     0.000000
      16350.0     0.000000
      16360.0     0.000000
      16370.0     0.000000
      16380.0     0.000000
      16390.0     0.000000
      16400.0     0.000000
      16410.0     0.000000
      16420.0     0.000000
      16430.0     0.000000
      16440.0     0.000000
      16450.0     0.000000
      16460.0     0.000000
      16470.0     0.000000
      16480.0     0.000000
      16490.0     0.000000
      16500.0     0.000000
      16510.0     0.000000
      16520.0     0.000000
      16530.0     0.000000
      16540.0     0.000000
      16550.0     0.000000
      16560.0     0.000000
      16570.0     0.000000
      16580.0     0.000000
      16590.0     0.000000
      16600.0     0.000000
      16610.0     0.000000
      16620.0     0.000000
      16630.0     0.000000
      16640.0     0.000000
      16650.0     0.000000
      16660.0     0.000000
      16670.0     0.000000
      16680.0     0.000000
      16690.0     0.000000
      16700.0     0.000000
      16710.0     0.000000
      16720.0     0.000000
      16730.0     0.000000
      16740.0     0.000000
      16750.0     0.000000
      16760.0     0.000000
      16770.0     0.000000
      16780.0     0.000000
      16790.0     0.000000
      16800.0     0.000000
      16810.0     0.000000
      16820.0     0.000000
      16830.0     0.000000
      16840.0     0.000000
      16850.0     0.000000
      16860.0     0.000000
      16870.0     0.000000
      16880.0     0.000000
      16890.0     0.000000
      16900.0     0.000000
      16910.0     0.000000
      16920.0     0.000000
      16930.0     0.000000
      16940.0     0.000000
      16950.0     0.000000
      16960.0     0.000000
      16970.0     0.000000
      16980.0     0.000000
      16990.0     0.000000
      17000.0     0.000000
      17010.0     0.000000
      17020.0     0.000000
      17030.0     0.000000
      17040.0     0.000000
      17050.0     0.000000
      17060.0     0.000000
      17070.0     0.000000
      17080.0     0.000000
      17090.0     0.000000
      17100.0     0.000000
      17110.0     0.000000
      17120.0     0.000000
      17130.0     0.000000
      17140.0     0.000000
      17150.0     0.000000
      17160.0     0.000000
      17170.0     0.000000
      17180.0     0.000000
      17190.0     0.000000
      17200.0     0.000000
      17210.0     0.000000
      17220.0     0.000000
      17230.0     0.000000
      17240.0     0.000000
      17250.0     0.000000
      17260.0     0.000000
      17270.0     0.000000
      17280.0     0.000000
      17290.0     0.000000
      17300.0     0.000000
      17310.0     0.000000
      17320.0     0.000000
      17330.0     0.000000
      17340.0     0.000000
      17350.0     0.000000
      17360.0     0.000000
      17370.0     0.000000
      17380.0     0.000000
      17390.0     0.000000
      17400.0     0.000000
      17410.0     0.000000
      17420.0     0.000000
      17430.0     0.000000
      17440.0     0.000000
      17450.0     0.000000
      17460.0     0.000000
      17470.0     0.000000
      17480.0     0.000000
      17490.0     0.000000
      17500.0     0.000000
      17510.0     0.000000
      17520.0     0.000000
      17530.0     0.000000
      17540.0     0.000000
      17550.0     0.000000
      17560.0     0.000000
      17570.0     0.000000
      17580.0     0.000000
      17590.0     0.000000
      17600.0     0.000000
      17610.0     0.000000
      17620.0     0.000000
      17630.0     0.000000
      17640.0     0.000000
      17650.0     0.000000
      17660.0     0.000000
      17670.0     0.000000
      17680.0     0.000000
      17690.0     0.000000
      17700.0     0.000000
      17710.0     0.000000
      17720.0     0.000000
      17730.0     0.000000
      17740.0     0.000000
      17750.0     0.000000
      17760.0     0.000000
      17770.0     0.000000
      17780.0     0.000000
      17790.0     0.000000
      17800.0     0.000000
      17810.0     0.000000
      17820.0     0.000000
      17830.0     0.000000
      17840.0     0.000000
      17850.0     0.000000
      17860.0     0.000000
      17870.0     0.000000
      17880.0     0.000000
      17890.0     0.000000
      17900.0     0.000000
      17910.0     0.000000
      17920.0     0.000000
      17930.0     0.000000
      17940.0     0.000000
      17950.0     0.000000
      17960.0     0.000000
      17970.0     0.000000
      17980.0     0.000000
      17990.0     0.000000
      18000.0     0.000000
      18010.0     0.000000
      18020.0     0.000000
      18030.0     0.000000
      18040.0     0.000000
      18050.0     0.000000
      18060.0     0.000000
      18070.0     0.000000
      18080.0     0.000000
      18090.0     0.000000
      18100.0     0.000000
      18110.0     0.000000
      18120.0     0.000000
      18130.0     0.000000
      18140.0     0.000000
      18150.0     0.000000
      18160.0     0.000000
      18170.0     0.000000
      18180.0     0.000000
      18190.0     0.000000
      18200.0     0.000000
      18210.0     0.000000
      18220.0     0.000000
      18230.0     0.000000
      18240.0     0.000000
      18250.0     0.000000
      18260.0     0.000000
      18270.0     0.000000
      18280.0     0.000000
      18290.0     0.000000
      18300.0     0.000000
      18310.0     0.000000
      18320.0     0.000000
      18330.0     0.000000
      18340.0     0.000000
      18350.0     0.000000
      18360.0     0.000000
      18370.0     0.000000
      18380.0     0.000000
      18390.0     0.000000
      18400.0     0.000000
      18410.0     0.000000
      18420.0     0.000000
      18430.0     0.000000
      18440.0     0.000000
      18450.0     0.000000
      18460.0     0.000000
      18470.0     0.000000
      18480.0     0.000000
      18490.0     0.000000
      18500.0     0.000000
      18510.0     0.000000
      18520.0     0.000000
      18530.0     0.000000
      18540.0     0.000000
      18550.0     0.000000
      18560.0     0.000000
      18570.0     0.000000
      18580.0     0.000000
      18590.0     0.000000
      18600.0     0.000000
      18610.0     0.000000
      18620.0     0.000000
      18630.0     0.000000
      18640.0     0.000000
      18650.0     0.000000
      18660.0     0.000000
      18670.0     0.000000
      18680.0     0.000000
      18690.0     0.000000
      18700.0     0.000000
      18710.0     0.000000
      18720.0     0.000000
      18730.0     0.000000
      18740.0     0.000000
      18750.0     0.000000
      18760.0     0.000000
      18770.0     0.000000
      18780.0     0.000000
      18790.0     0.000000
      18800.0     0.000000
      18810.0     0.000000
      18820.0     0.000000
      18830.0     0.000000
      18840.0     0.000000
      18850.0     0.000000
      18860.0     0.000000
      18870.0     0.000000
      18880.0     0.000000
      18890.0     0.000000
      18900.0     0.000000
      18910.0     0.000000
      18920.0     0.000000
      18930.0     0.000000
      18940.0     0.000000
      18950.0     0.000000
      18960.0     0.000000
      18970.0     0.000000
      18980.0     0.000000
      18990.0     0.000000
      19000.0     0.000000
      19010.0     0.000000
      19020.0     0.000000
      19030.0     0.000000
      19040.0     0.000000
      19050.0     0.000000
      19060.0     0.000000
      19070.0     0.000000
      19080.0     0.000000
      19090.0     0.000000
      19100.0     0.000000
      19110.0     0.000000
      19120.0     0.000000
      19130.0     0.000000
      19140.0     0.000000
      19150.0     0.000000
      19160.0     0.000000
      19170.0     0.000000
      19180.0     0.000000
      19190.0     0.000000
      19200.0     0.000000
      19210.0     0.000000
      19220.0     0.000000
      19230.0     0.000000
      19240.0     0.000000
      19250.0     0.000000
      19260.0     0.000000
      19270.0     0.000000
      19280.0     0.000000
      19290.0     0.000000
      19300.0     0.000000
      19310.0     0.000000
      19320.0     0.000000
      19330.0     0.000000
      19340.0     0.000000
      19350.0     0.000000
      19360.0     0.000000
      19370.0     0.000000
      19380.0     0.000000
      19390.0     0.000000
      19400.0     0.000000
      19410.0     0.000000
      19420.0     0.000000
      19430.0     0.000000
      19440.0     0.000000
      19450.0     0.000000
      19460.0     0.000000
      19470.0     0.000000
      19480.0     0.000000
      19490.0     0.000000
      19500.0     0.000000
      19510.0     0.000000
      19520.0     0.000000
      19530.0     0.000000
      19540.0     0.000000
      19550.0     0.000000
      19560.0     0.000000
      19570.0     0.000000
      19580.0     0.000000
      19590.0     0.000000
      19600.0     0.000000
      19610.0     0.000000
      19620.0     0.000000
      19630.0     0.000000
      19640.0     0.000000
      19650.0     0.000000
      19660.0     0.000000
      19670.0     0.000000
      19680.0     0.000000
      19690.0     0.000000
      19700.0     0.000000
      19710.0     0.000000
      19720.0     0.000000
      19730.0     0.000000
      19740.0     0.000000
      19750.0     0.000000
      19760.0     0.000000
      19770.0     0.000000
      19780.0     0.000000
      19790.0     0.000000
      19800.0     0.000000
      19810.0     0.000000
      19820.0     0.000000
      19830.0     0.000000
      19840.0     0.000000
      19850.0     0.000000
      19860.0     0.000000
      19870.0     0.000000
      19880.0     0.000000
      19890.0     0.000000
      19900.0     0.000000
      19910.0     0.000000
      19920.0     0.000000
      19930.0     0.000000
      19940.0     0.000000
      19950.0     0.000000
      19960.0     0.000000
      19970.0     0.000000
      19980.0     0.000000
      19990.0     0.000000
      20000.0     0.000000
      30000.0     0.000000
