      200.000     0.000000
      250.000     0.000000
      303.000     0.000000
      350.000     0.000000
      400.000     0.000000
      450.000     0.000000
      500.000     0.000000
      550.000     0.000000
      600.000     0.000000
      650.000     0.000000
      700.000     0.000000
      750.000     0.000000
      800.000     0.000000
      810.000     0.000000
      820.000     0.000000
      830.000     0.000000
      840.000     0.000000
      850.000     0.000000
      860.000     0.000000
      870.000     0.000000
      880.000     0.000000
      890.000     0.000000
      900.000     0.000000
      920.000     0.000000
      930.000     0.000000
      940.000     0.000000
      950.000     0.000000
      960.000     0.000000
      970.000     0.000000
      980.000     0.000000
      990.000     0.000000
      1000.00     0.000000
      1020.00     0.000000
      1030.00     0.000000
      1040.00     0.000000
      1050.00     0.000000
      1060.00     0.000000
      1070.00     0.000000
      1080.00     0.000000
      1090.00     0.000000
      1110.00     0.000000
      1120.00     0.000000
      1130.00     0.000000
      1140.00     0.000000
      1150.00     0.000000
      1160.00     0.000000
      1170.00     0.000000
      1180.00     0.000000
      1190.00     0.000000
      1210.00     0.000000
      1220.00     0.000000
      1230.00     0.000000
      1250.00     0.000000
      1260.00     0.000000
      1270.00     0.000000
      1280.00     0.000000
      1290.00     0.000000
      1300.00     0.000000
      1310.00     0.000000
      1327.15     0.000000
      1329.81     0.000000
      1340.00     0.000000
      1350.00     0.000000
      1360.00    0.0205850
      1370.00    0.0213837
      1380.00    0.0221824
      1390.00    0.0229812
      1400.00    0.0237799
      1410.00    0.0245786
      1420.00    0.0253773
      1430.00    0.0261760
      1440.00    0.0269747
      1450.00    0.0277735
      1460.00    0.0285722
      1470.00    0.0294799
      1480.00    0.0305133
      1490.00    0.0315467
      1500.00    0.0325801
      1510.00    0.0336136
      1540.00    0.0367138
      1550.00    0.0377472
      1560.00    0.0387806
      1580.00    0.0408475
      1600.00    0.0431230
      1610.00    0.0444763
      1650.00    0.0498893
      1660.00    0.0512426
      1670.00    0.0525958
      1690.00    0.0553023
      1700.00    0.0566556
      1710.00    0.0580089
      1720.00    0.0593621
      1730.00    0.0607154
      1740.00    0.0620686
      1750.00    0.0635960
      1760.00    0.0654006
      1770.00    0.0672053
      1780.00    0.0690099
      1800.00    0.0726192
      1810.00    0.0744239
      1820.00    0.0762285
      1830.00    0.0780332
      1840.00    0.0798378
      1850.00    0.0816425
      1860.00    0.0834471
      1871.61    0.0855423
      1875.35    0.0862172
      1880.00    0.0870564
      1890.00    0.0888610
      1900.00    0.0906657
      1910.00    0.0924703
      1920.00    0.0942750
      1930.00    0.0960796
      1940.00    0.0984712
      1970.00     0.105878
      1980.00     0.108347
      2000.00     0.113285
      2010.00     0.115754
      2020.00     0.118223
      2040.00     0.123161
      2060.00     0.128099
      2090.00     0.135506
      2100.00     0.137975
      2110.00     0.140444
      2120.00     0.142913
      2130.00     0.145382
      2140.00     0.147851
      2150.00     0.150320
      2160.00     0.152789
      2170.00     0.156269
      2180.00     0.159753
      2200.00     0.166722
      2210.00     0.170207
      2220.00     0.173691
      2230.00     0.177176
      2240.00     0.180660
      2280.00     0.194599
      2290.00     0.198083
      2300.00     0.201568
      2310.00     0.205052
      2320.00     0.208537
      2330.00     0.212021
      2340.00     0.215506
      2350.00     0.218990
      2360.00     0.222475
      2370.00     0.225959
      2380.00     0.229444
      2390.00     0.232928
      2400.00     0.236413
      2420.00     0.243382
      2430.00     0.246867
      2440.00     0.250351
      2450.00     0.253836
      2460.00     0.258909
      2470.00     0.264060
      2480.00     0.269212
      2490.00     0.274363
      2500.00     0.279515
      2530.00     0.294970
      2540.00     0.300121
      2550.00     0.305273
      2560.00     0.310425
      2570.00     0.315576
      2580.00     0.320728
      2590.00     0.325880
      2610.00     0.336183
      2620.00     0.341334
      2630.00     0.346486
      2640.00     0.351638
      2650.00     0.356789
      2660.00     0.361941
      2670.00     0.367093
      2680.00     0.372244
      2690.00     0.377396
      2700.00     0.382547
      2710.00     0.387699
      2720.00     0.392851
      2730.00     0.398002
      2740.00     0.403154
      2750.00     0.408305
      2760.00     0.413457
      2770.00     0.418609
      2780.00     0.423760
      2790.00     0.428912
      2800.00     0.434064
      2810.00     0.439215
      2820.00     0.444367
      2830.00     0.449518
      2840.00     0.457254
      2850.00     0.465319
      2880.00     0.489513
      2890.00     0.497577
      2900.00     0.505642
      2910.00     0.513707
      2950.00     0.545965
      2960.00     0.554030
      2970.00     0.562094
      2980.00     0.570159
      2990.00     0.578223
      3000.00     0.586288
      3010.00     0.594353
      3020.00     0.602417
      3030.00     0.610482
      3040.00     0.618547
      3050.00     0.626611
      3060.00     0.634676
      3070.00     0.642740
      3080.00     0.650805
      3090.00     0.658870
      3120.00     0.683064
      3140.00     0.699193
      3150.00     0.707257
      3160.00     0.715322
      3170.00     0.723387
      3180.00     0.731451
      3190.00     0.739516
      3200.00     0.747580
      3210.00     0.755645
      3220.00     0.763710
      3230.00     0.771774
      3240.00     0.779839
      3250.00     0.787904
      3260.00     0.795968
      3270.00     0.804033
      3280.00     0.812097
      3290.00     0.820162
      3300.00     0.828227
      3310.00     0.836291
      3320.00     0.844356
      3330.00     0.852420
      3340.00     0.860485
      3350.00     0.868550
      3360.00     0.881227
      3370.00     0.894917
      3380.00     0.908606
      3420.00     0.963363
      3450.00      1.00443
      3460.00      1.01812
      3470.00      1.03181
      3480.00      1.04550
      3490.00      1.05919
      3500.00      1.07288
      3510.00      1.08657
      3520.00      1.10026
      3530.00      1.11394
      3540.00      1.12763
      3550.00      1.14132
      3560.00      1.15501
      3570.00      1.16870
      3580.00      1.18239
      3590.00      1.19608
      3600.00      1.20977
      3610.00      1.22346
      3620.00      1.23715
      3630.00      1.25084
      3660.00      1.29190
      3670.00      1.30559
      3690.00      1.33297
      3700.00      1.34666
      3710.00      1.36035
      3720.00      1.37404
      3730.00      1.38773
      3740.00      1.40142
      3770.00      1.44249
      3780.00      1.45618
      3790.00      1.46987
      3800.00      1.48355
      3810.00      1.49724
      3820.00      1.51093
      3830.00      1.52462
      3840.00      1.53831
      3860.00      1.56569
      3870.00      1.57938
      3890.00      1.60676
      3900.00      1.62045
      3910.00      1.63414
      3920.00      1.64783
      3930.00      1.66151
      3940.00      1.67520
      3950.00      1.68889
      3960.00      1.70258
      3970.00      1.71627
      3980.00      1.72996
      3990.00      1.74365
      4000.00      1.75734
      4010.00      1.77103
      4020.00      1.78472
      4030.00      1.79841
      4050.00      1.82579
      4110.00      1.90944
      4120.00      1.92842
      4130.00      1.94741
      4140.00      1.96639
      4150.00      1.98537
      4160.00      2.00436
      4170.00      2.02334
      4180.00      2.04233
      4190.00      2.06131
      4200.00      2.08029
      4210.00      2.09928
      4220.00      2.11826
      4230.00      2.13724
      4240.00      2.15623
      4250.00      2.17521
      4260.00      2.19420
      4270.00      2.21318
      4280.00      2.23216
      4290.00      2.25115
      4300.00      2.27013
      4310.00      2.29147
      4320.00      2.31306
      4330.00      2.33465
      4340.00      2.35624
      4350.00      2.37783
      4360.00      2.39942
      4370.00      2.42101
      4380.00      2.44260
      4390.00      2.46419
      4400.00      2.48578
      4410.00      2.50738
      4420.00      2.52897
      4430.00      2.55056
      4440.00      2.57215
      4450.00      2.59374
      4460.00      2.61533
      4470.00      2.63692
      4480.00      2.65851
      4490.00      2.68010
      4500.00      2.70169
      4510.00      2.72328
      4520.00      2.74678
      4530.00      2.77156
      4540.00      2.79634
      4560.00      2.84590
      4570.00      2.87068
      4580.00      2.89546
      4590.00      2.92025
      4600.00      2.94503
      4610.00      2.96981
      4620.00      2.99459
      4630.00      3.01937
      4640.00      3.04415
      4650.00      3.06893
      4660.00      3.09371
      4670.00      3.11849
      4680.00      3.14327
      4690.00      3.16806
      4700.00      3.19284
      4710.00      3.21762
      4720.00      3.24240
      4730.00      3.26718
      4740.00      3.29196
      4750.00      3.31701
      4760.00      3.34562
      4770.00      3.37422
      4780.00      3.40283
      4790.00      3.43144
      4800.00      3.46004
      4810.00      3.48865
      4820.00      3.51725
      4830.00      3.54586
      4840.00      3.57447
      4850.00      3.60307
      4860.00      3.63168
      4870.00      3.66029
      4880.00      3.68889
      4890.00      3.71750
      4900.00      3.74611
      4910.00      3.77471
      4920.00      3.80332
      4930.00      3.83192
      4940.00      3.86053
      4950.00      3.88914
      4960.00      3.91774
      4970.00      3.94635
      4980.00      3.97496
      4990.00      4.00356
      5000.00      4.03217
      5010.00      4.06077
      5020.00      4.09385
      5030.00      4.12712
      5040.00      4.16040
      5050.00      4.19367
      5060.00      4.22695
      5070.00      4.26022
      5080.00      4.29349
      5090.00      4.32677
      5100.00      4.36004
      5110.00      4.39332
      5120.00      4.42659
      5130.00      4.45987
      5140.00      4.49314
      5150.00      4.52641
      5160.00      4.55969
      5170.00      4.59296
      5180.00      4.62624
      5190.00      4.65951
      5200.00      4.69279
      5210.00      4.72606
      5220.00      4.75933
      5230.00      4.79261
      5240.00      4.82588
      5250.00      4.85916
      5260.00      4.89243
      5270.00      4.92570
      5280.00      4.95898
      5290.00      4.99225
      5300.00      5.02553
      5310.00      5.06340
      5320.00      5.10239
      5330.00      5.14138
      5340.00      5.18037
      5350.00      5.21936
      5360.00      5.25834
      5370.00      5.29733
      5380.00      5.33632
      5390.00      5.37531
      5400.00      5.41430
      5410.00      5.45329
      5420.00      5.49227
      5430.00      5.53126
      5440.00      5.57025
      5450.00      5.60924
      5460.00      5.64823
      5470.00      5.68721
      5480.00      5.72620
      5490.00      5.76519
      5500.00      5.80418
      5510.00      5.84317
      5520.00      5.88216
      5530.00      5.92114
      5540.00      5.96013
      5550.00      5.99912
      5560.00      6.03811
      5570.00      6.07710
      5580.00      6.11608
      5590.00      6.15507
      5600.00      6.19406
      5610.00      6.23305
      5620.00      6.27204
      5630.00      6.31140
      5640.00      6.35753
      5650.00      6.40366
      5660.00      6.44980
      5670.00      6.49593
      5680.00      6.54206
      5690.00      6.58819
      5700.00      6.63433
      5710.00      6.68046
      5720.00      6.72659
      5730.00      6.77273
      5740.00      6.81886
      5750.00      6.86499
      5760.00      6.91112
      5770.00      6.95726
      5780.00      7.00339
      5790.00      7.04952
      5800.00      7.09566
      5810.00      7.14179
      5820.00      7.18792
      5830.00      7.23406
      5840.00      7.28019
      5850.00      7.32632
      5860.00      7.37245
      5870.00      7.41859
      5880.00      7.46472
      5890.00      7.51085
      5900.00      7.55699
      5910.00      7.60312
      5920.00      7.64925
      5930.00      7.69538
      5940.00      7.74152
      5950.00      7.78765
      5960.00      7.83378
      5970.00      7.87992
      5980.00      7.92605
      5990.00      7.97218
      6000.00      8.01832
      6010.00      8.07330
      6020.00      8.12842
      6030.00      8.18353
      6040.00      8.23865
      6050.00      8.29377
      6060.00      8.34888
      6070.00      8.40400
      6080.00      8.45912
      6090.00      8.51423
      6100.00      8.56935
      6110.00      8.62447
      6120.00      8.67958
      6130.00      8.73470
      6140.00      8.78982
      6150.00      8.84493
      6160.00      8.90005
      6170.00      8.95517
      6180.00      9.01028
      6190.00      9.06540
      6200.00      9.12052
      6210.00      9.17564
      6220.00      9.23075
      6230.00      9.28587
      6240.00      9.34099
      6250.00      9.39610
      6260.00      9.45122
      6270.00      9.50634
      6280.00      9.56145
      6290.00      9.61657
      6300.00      9.67169
      6310.00      9.72680
      6320.00      9.78192
      6330.00      9.83704
      6340.00      9.89215
      6350.00      9.94727
      6360.00      10.0024
      6370.00      10.0575
      6380.00      10.1126
      6390.00      10.1677
      6400.00      10.2229
      6410.00      10.2780
      6420.00      10.3331
      6430.00      10.3964
      6440.00      10.4633
      6450.00      10.5303
      6460.00      10.5972
      6470.00      10.6641
      6480.00      10.7311
      6490.00      10.7980
      6500.00      10.8649
      6510.00      10.9319
      6520.00      10.9988
      6530.00      11.0657
      6540.00      11.1326
      6550.00      11.1996
      6560.00      11.2665
      6570.00      11.3334
      6580.00      11.4004
      6590.00      11.4673
      6600.00      11.5342
      6610.00      11.6012
      6620.00      11.6681
      6630.00      11.7350
      6640.00      11.8020
      6650.00      11.8689
      6660.00      11.9358
      6670.00      12.0028
      6680.00      12.0697
      6690.00      12.1366
      6700.00      12.2036
      6710.00      12.2705
      6720.00      12.3374
      6730.00      12.4044
      6740.00      12.4713
      6750.00      12.5382
      6760.00      12.6052
      6770.00      12.6721
      6780.00      12.7390
      6790.00      12.8059
      6800.00      12.8729
      6810.00      12.9398
      6820.00      13.0067
      6830.00      13.0737
      6840.00      13.1406
      6850.00      13.2075
      6860.00      13.2745
      6870.00      13.3414
      6880.00      13.4083
      6890.00      13.4753
      6900.00      13.5422
      6910.00      13.6091
      6920.00      13.6908
      6930.00      13.7726
      6940.00      13.8544
      6950.00      13.9363
      6960.00      14.0181
      6970.00      14.1000
      6980.00      14.1818
      6990.00      14.2636
      7000.00      14.3455
      7010.00      14.4273
      7020.00      14.5091
      7030.00      14.5910
      7040.00      14.6728
      7050.00      14.7546
      7060.00      14.8365
      7070.00      14.9183
      7080.00      15.0001
      7090.00      15.0820
      7100.00      15.1638
      7110.00      15.2457
      7120.00      15.3275
      7130.00      15.4093
      7140.00      15.4912
      7170.00      15.7367
      7180.00      15.8185
      7190.00      15.9003
      7200.00      15.9822
      7210.00      16.0640
      7220.00      16.1458
      7230.00      16.2277
      7240.00      16.3095
      7250.00      16.3914
      7260.00      16.4732
      7270.00      16.5550
      7280.00      16.6369
      7290.00      16.7187
      7300.00      16.8005
      7310.00      16.8824
      7320.00      16.9642
      7330.00      17.0460
      7340.00      17.1279
      7350.00      17.2097
      7360.00      17.2915
      7370.00      17.3734
      7380.00      17.4552
      7390.00      17.5371
      7400.00      17.6189
      7410.00      17.7007
      7430.00      17.8644
      7460.00      18.1099
      7470.00      18.1917
      7480.00      18.2768
      7490.00      18.3698
      7500.00      18.4628
      7510.00      18.5557
      7520.00      18.6487
      7530.00      18.7417
      7540.00      18.8347
      7550.00      18.9277
      7560.00      19.0207
      7570.00      19.1137
      7580.00      19.2067
      7590.00      19.2996
      7600.00      19.3926
      7610.00      19.4888
      7620.00      19.5857
      7630.00      19.6826
      7640.00      19.7795
      7650.00      19.8765
      7660.00      19.9734
      7670.00      20.0703
      7680.00      20.1672
      7690.00      20.2641
      7700.00      20.3610
      7710.00      20.4579
      7720.00      20.5548
      7730.00      20.6517
      7740.00      20.7532
      7750.00      20.8552
      7760.00      20.9571
      7770.00      21.0590
      7780.00      21.1609
      7790.00      21.2629
      7800.00      21.3648
      7810.00      21.4667
      7820.00      21.5686
      7830.00      21.6705
      7840.00      21.7725
      7850.00      21.8744
      7860.00      21.9763
      7870.00      22.0808
      7880.00      22.1872
      7890.00      22.2937
      7900.00      22.4001
      7910.00      22.5065
      7920.00      22.6129
      7930.00      22.7194
      7940.00      22.8258
      7950.00      22.9322
      7960.00      23.0386
      7970.00      23.1451
      7980.00      23.2515
      7990.00      23.3579
      8000.00      23.4644
      8010.00      23.5744
      8020.00      23.6855
      8030.00      23.7966
      8040.00      23.9078
      8050.00      24.0189
      8060.00      24.1301
      8070.00      24.2412
      8080.00      24.3524
      8090.00      24.4635
      8100.00      24.5746
      8110.00      24.6858
      8120.00      24.7969
      8130.00      24.9081
      8145.47      25.0800
      8170.00     0.000000
      8180.00     0.000000
      8290.00     0.000000
      8300.00     0.000000
      8310.00     0.000000
      8320.00     0.000000
      8330.00     0.000000
      8340.00     0.000000
      8350.00     0.000000
      8360.00     0.000000
      8370.00     0.000000
      8380.00     0.000000
      8390.00     0.000000
      8400.00     0.000000
      8410.00     0.000000
      8420.00     0.000000
      8430.00     0.000000
      8440.00     0.000000
      8450.00     0.000000
      8460.00     0.000000
      8470.00     0.000000
      8480.00     0.000000
      8490.00     0.000000
      8500.00     0.000000
      8510.00     0.000000
      8520.00     0.000000
      8530.00     0.000000
      8540.00     0.000000
      8550.00     0.000000
      8560.00     0.000000
      8570.00     0.000000
      8580.00     0.000000
      8590.00     0.000000
      8600.00     0.000000
      8610.00     0.000000
      8620.00     0.000000
      8630.00     0.000000
      8640.00     0.000000
      8650.00     0.000000
      8660.00     0.000000
      8670.00     0.000000
      8680.00     0.000000
      8690.00     0.000000
      8700.00     0.000000
      8710.00     0.000000
      8720.00     0.000000
      8730.00     0.000000
      8740.00     0.000000
      8750.00     0.000000
      8760.00     0.000000
      8770.00     0.000000
      8780.00     0.000000
      8790.00     0.000000
      8800.00     0.000000
      8810.00     0.000000
      8820.00     0.000000
      8830.00     0.000000
      8840.00     0.000000
      8850.00     0.000000
      8860.00     0.000000
      8870.00     0.000000
      8880.00     0.000000
      8890.00     0.000000
      8900.00     0.000000
      8910.00     0.000000
      8920.00     0.000000
      8930.00     0.000000
      8940.00     0.000000
      8950.00     0.000000
      8960.00     0.000000
      8970.00     0.000000
      8980.00     0.000000
      8990.00     0.000000
      9000.00     0.000000
      9010.00     0.000000
      9020.00     0.000000
      9030.00     0.000000
      9040.00     0.000000
      9050.00     0.000000
      9060.00     0.000000
      9070.00     0.000000
      9080.00     0.000000
      9090.00     0.000000
      9100.00     0.000000
      9110.00     0.000000
      9120.00     0.000000
      9130.00     0.000000
      9140.00     0.000000
      9150.00     0.000000
      9160.00     0.000000
      9170.00     0.000000
      9180.00     0.000000
      9190.00     0.000000
      9200.00     0.000000
      9210.00     0.000000
      9220.00     0.000000
      9230.00     0.000000
      9240.00     0.000000
      9250.00     0.000000
      9260.00     0.000000
      9270.00     0.000000
      9280.00     0.000000
      9290.00     0.000000
      9300.00     0.000000
      9310.00     0.000000
      9320.00     0.000000
      9330.00     0.000000
      9340.00     0.000000
      9350.00     0.000000
      9360.00     0.000000
      9370.00     0.000000
      9380.00     0.000000
      9390.00     0.000000
      9400.00     0.000000
      9410.00     0.000000
      9420.00     0.000000
      9430.00     0.000000
      9440.00     0.000000
      9450.00     0.000000
      9460.00     0.000000
      9470.00     0.000000
      9480.00     0.000000
      9490.00     0.000000
      9500.00     0.000000
      9510.00     0.000000
      9520.00     0.000000
      9530.00     0.000000
      9540.00     0.000000
      9550.00     0.000000
      9560.00     0.000000
      9570.00     0.000000
      9580.00     0.000000
      9590.00     0.000000
      9600.00     0.000000
      9610.00     0.000000
      9620.00     0.000000
      9630.00     0.000000
      9640.00     0.000000
      9650.00     0.000000
      9660.00     0.000000
      9670.00     0.000000
      9680.00     0.000000
      9690.00     0.000000
      9700.00     0.000000
      9710.00     0.000000
      9720.00     0.000000
      9730.00     0.000000
      9740.00     0.000000
      9750.00     0.000000
      9760.00     0.000000
      9770.00     0.000000
      9780.00     0.000000
      9790.00     0.000000
      9800.00     0.000000
      9810.00     0.000000
      9820.00     0.000000
      9830.00     0.000000
      9840.00     0.000000
      9850.00     0.000000
      9860.00     0.000000
      9870.00     0.000000
      9880.00     0.000000
      9890.00     0.000000
      9900.00     0.000000
      9910.00     0.000000
      9920.00     0.000000
      9930.00     0.000000
      9940.00     0.000000
      9950.00     0.000000
      9960.00     0.000000
      9970.00     0.000000
      9980.00     0.000000
      9990.00     0.000000
      10000.0     0.000000
      10010.0     0.000000
      10020.0     0.000000
      10030.0     0.000000
      10040.0     0.000000
      10050.0     0.000000
      10060.0     0.000000
      10070.0     0.000000
      10080.0     0.000000
      10090.0     0.000000
      10100.0     0.000000
      10110.0     0.000000
      10120.0     0.000000
      10130.0     0.000000
      10140.0     0.000000
      10150.0     0.000000
      10160.0     0.000000
      10170.0     0.000000
      10180.0     0.000000
      10190.0     0.000000
      10200.0     0.000000
      10210.0     0.000000
      10220.0     0.000000
      10230.0     0.000000
      10240.0     0.000000
      10250.0     0.000000
      10260.0     0.000000
      10270.0     0.000000
      10280.0     0.000000
      10290.0     0.000000
      10300.0     0.000000
      10310.0     0.000000
      10320.0     0.000000
      10330.0     0.000000
      10340.0     0.000000
      10350.0     0.000000
      10360.0     0.000000
      10370.0     0.000000
      10380.0     0.000000
      10390.0     0.000000
      10400.0     0.000000
      10410.0     0.000000
      10420.0     0.000000
      10430.0     0.000000
      10440.0     0.000000
      10450.0     0.000000
      10460.0     0.000000
      10470.0     0.000000
      10480.0     0.000000
      10490.0     0.000000
      10500.0     0.000000
      10510.0     0.000000
      10520.0     0.000000
      10530.0     0.000000
      10540.0     0.000000
      10550.0     0.000000
      10560.0     0.000000
      10570.0     0.000000
      10580.0     0.000000
      10590.0     0.000000
      10600.0     0.000000
      10610.0     0.000000
      10620.0     0.000000
      10630.0     0.000000
      10640.0     0.000000
      10650.0     0.000000
      10660.0     0.000000
      10670.0     0.000000
      10680.0     0.000000
      10690.0     0.000000
      10700.0     0.000000
      10710.0     0.000000
      10720.0     0.000000
      10730.0     0.000000
      10740.0     0.000000
      10750.0     0.000000
      10760.0     0.000000
      10770.0     0.000000
      10780.0     0.000000
      10790.0     0.000000
      10800.0     0.000000
      10810.0     0.000000
      10820.0     0.000000
      10830.0     0.000000
      10840.0     0.000000
      10850.0     0.000000
      10860.0     0.000000
      10870.0     0.000000
      10880.0     0.000000
      10890.0     0.000000
      10900.0     0.000000
      10910.0     0.000000
      10920.0     0.000000
      10930.0     0.000000
      10940.0     0.000000
      10950.0     0.000000
      10960.0     0.000000
      10970.0     0.000000
      10980.0     0.000000
      10990.0     0.000000
      11000.0     0.000000
      11010.0     0.000000
      11020.0     0.000000
      11030.0     0.000000
      11040.0     0.000000
      11050.0     0.000000
      11060.0     0.000000
      11070.0     0.000000
      11080.0     0.000000
      11090.0     0.000000
      11100.0     0.000000
      11110.0     0.000000
      11120.0     0.000000
      11130.0     0.000000
      11140.0     0.000000
      11150.0     0.000000
      11160.0     0.000000
      11170.0     0.000000
      11180.0     0.000000
      11190.0     0.000000
      11200.0     0.000000
      11210.0     0.000000
      11220.0     0.000000
      11230.0     0.000000
      11240.0     0.000000
      11250.0     0.000000
      11260.0     0.000000
      11270.0     0.000000
      11280.0     0.000000
      11290.0     0.000000
      11300.0     0.000000
      11310.0     0.000000
      11320.0     0.000000
      11330.0     0.000000
      11340.0     0.000000
      11350.0     0.000000
      11360.0     0.000000
      11370.0     0.000000
      11380.0     0.000000
      11390.0     0.000000
      11400.0     0.000000
      11410.0     0.000000
      11420.0     0.000000
      11430.0     0.000000
      11440.0     0.000000
      11450.0     0.000000
      11460.0     0.000000
      11470.0     0.000000
      11480.0     0.000000
      11490.0     0.000000
      11500.0     0.000000
      11510.0     0.000000
      11520.0     0.000000
      11530.0     0.000000
      11540.0     0.000000
      11550.0     0.000000
      11560.0     0.000000
      11570.0     0.000000
      11580.0     0.000000
      11590.0     0.000000
      11600.0     0.000000
      11610.0     0.000000
      11620.0     0.000000
      11630.0     0.000000
      11640.0     0.000000
      11650.0     0.000000
      11660.0     0.000000
      11670.0     0.000000
      11680.0     0.000000
      11690.0     0.000000
      11700.0     0.000000
      11710.0     0.000000
      11720.0     0.000000
      11730.0     0.000000
      11740.0     0.000000
      11750.0     0.000000
      11760.0     0.000000
      11770.0     0.000000
      11780.0     0.000000
      11790.0     0.000000
      11800.0     0.000000
      11810.0     0.000000
      11820.0     0.000000
      11830.0     0.000000
      11840.0     0.000000
      11850.0     0.000000
      11860.0     0.000000
      11870.0     0.000000
      11880.0     0.000000
      11890.0     0.000000
      11900.0     0.000000
      11910.0     0.000000
      11920.0     0.000000
      11930.0     0.000000
      11940.0     0.000000
      11950.0     0.000000
      11960.0     0.000000
      11970.0     0.000000
      11980.0     0.000000
      11990.0     0.000000
      12000.0     0.000000
      12010.0     0.000000
      12020.0     0.000000
      12030.0     0.000000
      12040.0     0.000000
      12050.0     0.000000
      12060.0     0.000000
      12070.0     0.000000
      12080.0     0.000000
      12090.0     0.000000
      12100.0     0.000000
      12110.0     0.000000
      12120.0     0.000000
      12130.0     0.000000
      12140.0     0.000000
      12150.0     0.000000
      12160.0     0.000000
      12170.0     0.000000
      12180.0     0.000000
      12190.0     0.000000
      12200.0     0.000000
      12210.0     0.000000
      12220.0     0.000000
      12230.0     0.000000
      12240.0     0.000000
      12250.0     0.000000
      12260.0     0.000000
      12270.0     0.000000
      12280.0     0.000000
      12290.0     0.000000
      12300.0     0.000000
      12310.0     0.000000
      12320.0     0.000000
      12330.0     0.000000
      12340.0     0.000000
      12350.0     0.000000
      12360.0     0.000000
      12370.0     0.000000
      12380.0     0.000000
      12390.0     0.000000
      12400.0     0.000000
      12410.0     0.000000
      12420.0     0.000000
      12430.0     0.000000
      12440.0     0.000000
      12450.0     0.000000
      12460.0     0.000000
      12470.0     0.000000
      12480.0     0.000000
      12490.0     0.000000
      12500.0     0.000000
      12510.0     0.000000
      12520.0     0.000000
      12530.0     0.000000
      12540.0     0.000000
      12550.0     0.000000
      12560.0     0.000000
      12570.0     0.000000
      12580.0     0.000000
      12590.0     0.000000
      12600.0     0.000000
      12610.0     0.000000
      12620.0     0.000000
      12630.0     0.000000
      12640.0     0.000000
      12650.0     0.000000
      12660.0     0.000000
      12670.0     0.000000
      12680.0     0.000000
      12690.0     0.000000
      12700.0     0.000000
      12710.0     0.000000
      12720.0     0.000000
      12730.0     0.000000
      12740.0     0.000000
      12750.0     0.000000
      12760.0     0.000000
      12770.0     0.000000
      12780.0     0.000000
      12790.0     0.000000
      12800.0     0.000000
      12810.0     0.000000
      12820.0     0.000000
      12830.0     0.000000
      12840.0     0.000000
      12850.0     0.000000
      12860.0     0.000000
      12870.0     0.000000
      12880.0     0.000000
      12890.0     0.000000
      12900.0     0.000000
      12910.0     0.000000
      12920.0     0.000000
      12930.0     0.000000
      12940.0     0.000000
      12950.0     0.000000
      12960.0     0.000000
      12970.0     0.000000
      12980.0     0.000000
      12990.0     0.000000
      13000.0     0.000000
      13010.0     0.000000
      13020.0     0.000000
      13030.0     0.000000
      13040.0     0.000000
      13050.0     0.000000
      13060.0     0.000000
      13070.0     0.000000
      13080.0     0.000000
      13090.0     0.000000
      13100.0     0.000000
      13110.0     0.000000
      13120.0     0.000000
      13130.0     0.000000
      13140.0     0.000000
      13150.0     0.000000
      13160.0     0.000000
      13170.0     0.000000
      13180.0     0.000000
      13190.0     0.000000
      13200.0     0.000000
      13210.0     0.000000
      13220.0     0.000000
      13230.0     0.000000
      13240.0     0.000000
      13250.0     0.000000
      13260.0     0.000000
      13270.0     0.000000
      13280.0     0.000000
      13290.0     0.000000
      13300.0     0.000000
      13310.0     0.000000
      13320.0     0.000000
      13330.0     0.000000
      13340.0     0.000000
      13350.0     0.000000
      13360.0     0.000000
      13370.0     0.000000
      13380.0     0.000000
      13390.0     0.000000
      13400.0     0.000000
      13410.0     0.000000
      13420.0     0.000000
      13430.0     0.000000
      13440.0     0.000000
      13450.0     0.000000
      13460.0     0.000000
      13470.0     0.000000
      13480.0     0.000000
      13490.0     0.000000
      13500.0     0.000000
      13510.0     0.000000
      13520.0     0.000000
      13530.0     0.000000
      13540.0     0.000000
      13550.0     0.000000
      13560.0     0.000000
      13570.0     0.000000
      13580.0     0.000000
      13590.0     0.000000
      13600.0     0.000000
      13610.0     0.000000
      13620.0     0.000000
      13630.0     0.000000
      13640.0     0.000000
      13650.0     0.000000
      13660.0     0.000000
      13670.0     0.000000
      13680.0     0.000000
      13690.0     0.000000
      13700.0     0.000000
      13710.0     0.000000
      13720.0     0.000000
      13730.0     0.000000
      13740.0     0.000000
      13750.0     0.000000
      13760.0     0.000000
      13770.0     0.000000
      13780.0     0.000000
      13790.0     0.000000
      13800.0     0.000000
      13810.0     0.000000
      13820.0     0.000000
      13830.0     0.000000
      13840.0     0.000000
      13850.0     0.000000
      13860.0     0.000000
      13870.0     0.000000
      13880.0     0.000000
      13890.0     0.000000
      13900.0     0.000000
      13910.0     0.000000
      13920.0     0.000000
      13930.0     0.000000
      13940.0     0.000000
      13950.0     0.000000
      13960.0     0.000000
      13970.0     0.000000
      13980.0     0.000000
      13990.0     0.000000
      14000.0     0.000000
      14010.0     0.000000
      14020.0     0.000000
      14030.0     0.000000
      14040.0     0.000000
      14050.0     0.000000
      14060.0     0.000000
      14070.0     0.000000
      14080.0     0.000000
      14090.0     0.000000
      14100.0     0.000000
      14110.0     0.000000
      14120.0     0.000000
      14130.0     0.000000
      14140.0     0.000000
      14150.0     0.000000
      14160.0     0.000000
      14170.0     0.000000
      14180.0     0.000000
      14190.0     0.000000
      14200.0     0.000000
      14210.0     0.000000
      14220.0     0.000000
      14230.0     0.000000
      14240.0     0.000000
      14250.0     0.000000
      14260.0     0.000000
      14270.0     0.000000
      14280.0     0.000000
      14290.0     0.000000
      14300.0     0.000000
      14310.0     0.000000
      14320.0     0.000000
      14330.0     0.000000
      14340.0     0.000000
      14350.0     0.000000
      14360.0     0.000000
      14370.0     0.000000
      14380.0     0.000000
      14390.0     0.000000
      14400.0     0.000000
      14410.0     0.000000
      14420.0     0.000000
      14430.0     0.000000
      14440.0     0.000000
      14450.0     0.000000
      14460.0     0.000000
      14470.0     0.000000
      14480.0     0.000000
      14490.0     0.000000
      14500.0     0.000000
      14510.0     0.000000
      14520.0     0.000000
      14530.0     0.000000
      14540.0     0.000000
      14550.0     0.000000
      14560.0     0.000000
      14570.0     0.000000
      14580.0     0.000000
      14590.0     0.000000
      14600.0     0.000000
      14610.0     0.000000
      14620.0     0.000000
      14630.0     0.000000
      14640.0     0.000000
      14650.0     0.000000
      14660.0     0.000000
      14670.0     0.000000
      14680.0     0.000000
      14690.0     0.000000
      14700.0     0.000000
      14710.0     0.000000
      14720.0     0.000000
      14730.0     0.000000
      14740.0     0.000000
      14750.0     0.000000
      14760.0     0.000000
      14770.0     0.000000
      14780.0     0.000000
      14790.0     0.000000
      14800.0     0.000000
      14810.0     0.000000
      14820.0     0.000000
      14830.0     0.000000
      14840.0     0.000000
      14850.0     0.000000
      14860.0     0.000000
      14870.0     0.000000
      14880.0     0.000000
      14890.0     0.000000
      14900.0     0.000000
      14910.0     0.000000
      14920.0     0.000000
      14930.0     0.000000
      14940.0     0.000000
      14950.0     0.000000
      14960.0     0.000000
      14970.0     0.000000
      14980.0     0.000000
      14990.0     0.000000
      15000.0     0.000000
      15010.0     0.000000
      15020.0     0.000000
      15030.0     0.000000
      15040.0     0.000000
      15050.0     0.000000
      15060.0     0.000000
      15070.0     0.000000
      15080.0     0.000000
      15090.0     0.000000
      15100.0     0.000000
      15110.0     0.000000
      15120.0     0.000000
      15130.0     0.000000
      15140.0     0.000000
      15150.0     0.000000
      15160.0     0.000000
      15170.0     0.000000
      15180.0     0.000000
      15190.0     0.000000
      15200.0     0.000000
      15210.0     0.000000
      15220.0     0.000000
      15230.0     0.000000
      15240.0     0.000000
      15250.0     0.000000
      15260.0     0.000000
      15270.0     0.000000
      15280.0     0.000000
      15290.0     0.000000
      15300.0     0.000000
      15310.0     0.000000
      15320.0     0.000000
      15330.0     0.000000
      15340.0     0.000000
      15350.0     0.000000
      15360.0     0.000000
      15370.0     0.000000
      15380.0     0.000000
      15390.0     0.000000
      15400.0     0.000000
      15410.0     0.000000
      15420.0     0.000000
      15430.0     0.000000
      15440.0     0.000000
      15450.0     0.000000
      15460.0     0.000000
      15470.0     0.000000
      15480.0     0.000000
      15490.0     0.000000
      15500.0     0.000000
      15510.0     0.000000
      15520.0     0.000000
      15530.0     0.000000
      15540.0     0.000000
      15550.0     0.000000
      15560.0     0.000000
      15570.0     0.000000
      15580.0     0.000000
      15590.0     0.000000
      15600.0     0.000000
      15610.0     0.000000
      15620.0     0.000000
      15630.0     0.000000
      15640.0     0.000000
      15650.0     0.000000
      15660.0     0.000000
      15670.0     0.000000
      15680.0     0.000000
      15690.0     0.000000
      15700.0     0.000000
      15710.0     0.000000
      15720.0     0.000000
      15730.0     0.000000
      15740.0     0.000000
      15750.0     0.000000
      15760.0     0.000000
      15770.0     0.000000
      15780.0     0.000000
      15790.0     0.000000
      15800.0     0.000000
      15810.0     0.000000
      15820.0     0.000000
      15830.0     0.000000
      15840.0     0.000000
      15850.0     0.000000
      15860.0     0.000000
      15870.0     0.000000
      15880.0     0.000000
      15890.0     0.000000
      15900.0     0.000000
      15910.0     0.000000
      15920.0     0.000000
      15930.0     0.000000
      15940.0     0.000000
      15950.0     0.000000
      15960.0     0.000000
      15970.0     0.000000
      15980.0     0.000000
      15990.0     0.000000
      16000.0     0.000000
      16010.0     0.000000
      16020.0     0.000000
      16030.0     0.000000
      16040.0     0.000000
      16050.0     0.000000
      16060.0     0.000000
      16070.0     0.000000
      16080.0     0.000000
      16090.0     0.000000
      16100.0     0.000000
      16110.0     0.000000
      16120.0     0.000000
      16130.0     0.000000
      16140.0     0.000000
      16150.0     0.000000
      16160.0     0.000000
      16170.0     0.000000
      16180.0     0.000000
      16190.0     0.000000
      16200.0     0.000000
      16210.0     0.000000
      16220.0     0.000000
      16230.0     0.000000
      16240.0     0.000000
      16250.0     0.000000
      16260.0     0.000000
      16270.0     0.000000
      16280.0     0.000000
      16290.0     0.000000
      16300.0     0.000000
      16310.0     0.000000
      16320.0     0.000000
      16330.0     0.000000
      16340.0     0.000000
      16350.0     0.000000
      16360.0     0.000000
      16370.0     0.000000
      16380.0     0.000000
      16390.0     0.000000
      16400.0     0.000000
      16410.0     0.000000
      16420.0     0.000000
      16430.0     0.000000
      16440.0     0.000000
      16450.0     0.000000
      16460.0     0.000000
      16470.0     0.000000
      16480.0     0.000000
      16490.0     0.000000
      16500.0     0.000000
      16510.0     0.000000
      16520.0     0.000000
      16530.0     0.000000
      16540.0     0.000000
      16550.0     0.000000
      16560.0     0.000000
      16570.0     0.000000
      16580.0     0.000000
      16590.0     0.000000
      16600.0     0.000000
      16610.0     0.000000
      16620.0     0.000000
      16630.0     0.000000
      16640.0     0.000000
      16650.0     0.000000
      16660.0     0.000000
      16670.0     0.000000
      16680.0     0.000000
      16690.0     0.000000
      16700.0     0.000000
      16710.0     0.000000
      16720.0     0.000000
      16730.0     0.000000
      16740.0     0.000000
      16750.0     0.000000
      16760.0     0.000000
      16770.0     0.000000
      16780.0     0.000000
      16790.0     0.000000
      16800.0     0.000000
      16810.0     0.000000
      16820.0     0.000000
      16830.0     0.000000
      16840.0     0.000000
      16850.0     0.000000
      16860.0     0.000000
      16870.0     0.000000
      16880.0     0.000000
      16890.0     0.000000
      16900.0     0.000000
      16910.0     0.000000
      16920.0     0.000000
      16930.0     0.000000
      16940.0     0.000000
      16950.0     0.000000
      16960.0     0.000000
      16970.0     0.000000
      16980.0     0.000000
      16990.0     0.000000
      17000.0     0.000000
      17010.0     0.000000
      17020.0     0.000000
      17030.0     0.000000
      17040.0     0.000000
      17050.0     0.000000
      17060.0     0.000000
      17070.0     0.000000
      17080.0     0.000000
      17090.0     0.000000
      17100.0     0.000000
      17110.0     0.000000
      17120.0     0.000000
      17130.0     0.000000
      17140.0     0.000000
      17150.0     0.000000
      17160.0     0.000000
      17170.0     0.000000
      17180.0     0.000000
      17190.0     0.000000
      17200.0     0.000000
      17210.0     0.000000
      17220.0     0.000000
      17230.0     0.000000
      17240.0     0.000000
      17250.0     0.000000
      17260.0     0.000000
      17270.0     0.000000
      17280.0     0.000000
      17290.0     0.000000
      17300.0     0.000000
      17310.0     0.000000
      17320.0     0.000000
      17330.0     0.000000
      17340.0     0.000000
      17350.0     0.000000
      17360.0     0.000000
      17370.0     0.000000
      17380.0     0.000000
      17390.0     0.000000
      17400.0     0.000000
      17410.0     0.000000
      17420.0     0.000000
      17430.0     0.000000
      17440.0     0.000000
      17450.0     0.000000
      17460.0     0.000000
      17470.0     0.000000
      17480.0     0.000000
      17490.0     0.000000
      17500.0     0.000000
      17510.0     0.000000
      17520.0     0.000000
      17530.0     0.000000
      17540.0     0.000000
      17550.0     0.000000
      17560.0     0.000000
      17570.0     0.000000
      17580.0     0.000000
      17590.0     0.000000
      17600.0     0.000000
      17610.0     0.000000
      17620.0     0.000000
      17630.0     0.000000
      17640.0     0.000000
      17650.0     0.000000
      17660.0     0.000000
      17670.0     0.000000
      17680.0     0.000000
      17690.0     0.000000
      17700.0     0.000000
      17710.0     0.000000
      17720.0     0.000000
      17730.0     0.000000
      17740.0     0.000000
      17750.0     0.000000
      17760.0     0.000000
      17770.0     0.000000
      17780.0     0.000000
      17790.0     0.000000
      17800.0     0.000000
      17810.0     0.000000
      17820.0     0.000000
      17830.0     0.000000
      17840.0     0.000000
      17850.0     0.000000
      17860.0     0.000000
      17870.0     0.000000
      17880.0     0.000000
      17890.0     0.000000
      17900.0     0.000000
      17910.0     0.000000
      17920.0     0.000000
      17930.0     0.000000
      17940.0     0.000000
      17950.0     0.000000
      17960.0     0.000000
      17970.0     0.000000
      17980.0     0.000000
      17990.0     0.000000
      18000.0     0.000000
      18010.0     0.000000
      18020.0     0.000000
      18030.0     0.000000
      18040.0     0.000000
      18050.0     0.000000
      18060.0     0.000000
      18070.0     0.000000
      18080.0     0.000000
      18090.0     0.000000
      18100.0     0.000000
      18110.0     0.000000
      18120.0     0.000000
      18130.0     0.000000
      18140.0     0.000000
      18150.0     0.000000
      18160.0     0.000000
      18170.0     0.000000
      18180.0     0.000000
      18190.0     0.000000
      18200.0     0.000000
      18210.0     0.000000
      18220.0     0.000000
      18230.0     0.000000
      18240.0     0.000000
      18250.0     0.000000
      18260.0     0.000000
      18270.0     0.000000
      18280.0     0.000000
      18290.0     0.000000
      18300.0     0.000000
      18310.0     0.000000
      18320.0     0.000000
      18330.0     0.000000
      18340.0     0.000000
      18350.0     0.000000
      18360.0     0.000000
      18370.0     0.000000
      18380.0     0.000000
      18390.0     0.000000
      18400.0     0.000000
      18410.0     0.000000
      18420.0     0.000000
      18430.0     0.000000
      18440.0     0.000000
      18450.0     0.000000
      18460.0     0.000000
      18470.0     0.000000
      18480.0     0.000000
      18490.0     0.000000
      18500.0     0.000000
      18510.0     0.000000
      18520.0     0.000000
      18530.0     0.000000
      18540.0     0.000000
      18550.0     0.000000
      18560.0     0.000000
      18570.0     0.000000
      18580.0     0.000000
      18590.0     0.000000
      18600.0     0.000000
      18610.0     0.000000
      18620.0     0.000000
      18630.0     0.000000
      18640.0     0.000000
      18650.0     0.000000
      18660.0     0.000000
      18670.0     0.000000
      18680.0     0.000000
      18690.0     0.000000
      18700.0     0.000000
      18710.0     0.000000
      18720.0     0.000000
      18730.0     0.000000
      18740.0     0.000000
      18750.0     0.000000
      18760.0     0.000000
      18770.0     0.000000
      18780.0     0.000000
      18790.0     0.000000
      18800.0     0.000000
      18810.0     0.000000
      18820.0     0.000000
      18830.0     0.000000
      18840.0     0.000000
      18850.0     0.000000
      18860.0     0.000000
      18870.0     0.000000
      18880.0     0.000000
      18890.0     0.000000
      18900.0     0.000000
      18910.0     0.000000
      18920.0     0.000000
      18930.0     0.000000
      18940.0     0.000000
      18950.0     0.000000
      18960.0     0.000000
      18970.0     0.000000
      18980.0     0.000000
      18990.0     0.000000
      19000.0     0.000000
      19010.0     0.000000
      19020.0     0.000000
      19030.0     0.000000
      19040.0     0.000000
      19050.0     0.000000
      19060.0     0.000000
      19070.0     0.000000
      19080.0     0.000000
      19090.0     0.000000
      19100.0     0.000000
      19110.0     0.000000
      19120.0     0.000000
      19130.0     0.000000
      19140.0     0.000000
      19150.0     0.000000
      19160.0     0.000000
      19170.0     0.000000
      19180.0     0.000000
      19190.0     0.000000
      19200.0     0.000000
      19210.0     0.000000
      19220.0     0.000000
      19230.0     0.000000
      19240.0     0.000000
      19250.0     0.000000
      19260.0     0.000000
      19270.0     0.000000
      19280.0     0.000000
      19290.0     0.000000
      19300.0     0.000000
      19310.0     0.000000
      19320.0     0.000000
      19330.0     0.000000
      19340.0     0.000000
      19350.0     0.000000
      19360.0     0.000000
      19370.0     0.000000
      19380.0     0.000000
      19390.0     0.000000
      19400.0     0.000000
      19410.0     0.000000
      19420.0     0.000000
      19430.0     0.000000
      19440.0     0.000000
      19450.0     0.000000
      19460.0     0.000000
      19470.0     0.000000
      19480.0     0.000000
      19490.0     0.000000
      19500.0     0.000000
      19510.0     0.000000
      19520.0     0.000000
      19530.0     0.000000
      19540.0     0.000000
      19550.0     0.000000
      19560.0     0.000000
      19570.0     0.000000
      19580.0     0.000000
      19590.0     0.000000
      19600.0     0.000000
      19610.0     0.000000
      19620.0     0.000000
      19630.0     0.000000
      19640.0     0.000000
      19650.0     0.000000
      19660.0     0.000000
      19670.0     0.000000
      19680.0     0.000000
      19690.0     0.000000
      19700.0     0.000000
      19710.0     0.000000
      19720.0     0.000000
      19730.0     0.000000
      19740.0     0.000000
      19750.0     0.000000
      19760.0     0.000000
      19770.0     0.000000
      19780.0     0.000000
      19790.0     0.000000
      19800.0     0.000000
      19810.0     0.000000
      19820.0     0.000000
      19830.0     0.000000
      19840.0     0.000000
      19850.0     0.000000
      19860.0     0.000000
      19870.0     0.000000
      19880.0     0.000000
      19890.0     0.000000
      19900.0     0.000000
      19910.0     0.000000
      19920.0     0.000000
      19930.0     0.000000
      19940.0     0.000000
      19950.0     0.000000
      19960.0     0.000000
      19970.0     0.000000
      19980.0     0.000000
      19990.0     0.000000
      20000.0     0.000000
      30000.0     0.000000
