2.283E+03   1.000E+05   3.181E-01   1.202E+10   1.102E+10   2.355E-14
2.281E+03   9.560E+04   3.178E-01   1.257E+10   1.151E+10   2.461E-14
2.280E+03   9.082E+04   3.180E-01   1.323E+10   1.213E+10   2.592E-14
2.279E+03   8.389E+04   3.178E-01   1.432E+10   1.312E+10   2.805E-14
2.277E+03   7.593E+04   3.176E-01   1.581E+10   1.449E+10   3.097E-14
2.276E+03   7.134E+04   3.175E-01   1.682E+10   1.542E+10   3.295E-14
2.275E+03   6.615E+04   3.173E-01   1.813E+10   1.661E+10   3.551E-14
2.274E+03   6.017E+04   3.167E-01   1.989E+10   1.823E+10   3.896E-14
2.274E+03   5.328E+04   3.156E-01   2.239E+10   2.052E+10   4.385E-14
2.273E+03   4.939E+04   3.146E-01   2.408E+10   2.207E+10   4.716E-14
2.273E+03   4.542E+04   3.133E-01   2.607E+10   2.390E+10   5.107E-14
2.272E+03   4.118E+04   3.117E-01   2.860E+10   2.622E+10   5.605E-14
2.272E+03   3.659E+04   3.095E-01   3.196E+10   2.931E+10   6.264E-14
2.272E+03   3.215E+04   3.072E-01   3.609E+10   3.311E+10   7.077E-14
2.272E+03   2.797E+04   3.045E-01   4.109E+10   3.777E+10   8.074E-14
2.271E+03   2.406E+04   3.012E-01   4.623E+10   4.445E+10   9.501E-14
2.271E+03   2.042E+04   2.976E-01   5.281E+10   5.275E+10   1.127E-13
2.271E+03   1.793E+04   2.948E-01   5.957E+10   5.954E+10   1.272E-13
2.270E+03   1.628E+04   2.927E-01   6.511E+10   6.509E+10   1.391E-13
2.270E+03   1.452E+04   2.901E-01   7.234E+10   7.235E+10   1.546E-13
2.270E+03   1.308E+04   2.880E-01   7.969E+10   7.982E+10   1.706E-13
2.270E+03   1.219E+04   2.866E-01   8.479E+10   8.548E+10   1.827E-13
2.269E+03   1.144E+04   2.832E-01   8.830E+10   9.103E+10   1.946E-13
2.269E+03   1.085E+04   2.798E-01   9.047E+10   9.634E+10   2.059E-13
2.268E+03   1.034E+04   2.791E-01   9.371E+10   1.018E+11   2.177E-13
2.268E+03   9.983E+03   2.819E-01   9.769E+10   1.068E+11   2.284E-13
2.267E+03   9.735E+03   2.862E-01   1.016E+11   1.113E+11   2.380E-13
2.266E+03   9.587E+03   2.896E-01   1.043E+11   1.144E+11   2.446E-13
2.264E+03   9.458E+03   2.968E-01   1.084E+11   1.189E+11   2.542E-13
2.257E+03   9.358E+03   3.052E-01   1.126E+11   1.236E+11   2.643E-13
2.243E+03   9.228E+03   3.138E-01   1.174E+11   1.290E+11   2.756E-13
2.211E+03   8.988E+03   3.367E-01   1.292E+11   1.422E+11   3.038E-13
2.163E+03   8.635E+03   3.774E-01   1.504E+11   1.662E+11   3.552E-13
2.109E+03   8.273E+03   4.368E-01   1.805E+11   2.019E+11   4.315E-13
2.053E+03   7.970E+03   5.116E-01   2.160E+11   2.489E+11   5.320E-13
2.004E+03   7.780E+03   5.881E-01   2.485E+11   2.990E+11   6.391E-13
1.942E+03   7.600E+03   7.023E-01   2.905E+11   3.788E+11   8.097E-13
1.862E+03   7.410E+03   8.841E-01   3.420E+11   5.222E+11   1.116E-12
1.768E+03   7.220E+03   1.167E+00   3.914E+11   7.798E+11   1.667E-12
1.682E+03   7.080E+03   1.546E+00   4.317E+11   1.149E+12   2.457E-12
1.577E+03   6.910E+03   2.261E+00   4.637E+11   1.906E+12   4.074E-12
1.470E+03   6.740E+03   3.561E+00   4.843E+11   3.342E+12   7.143E-12
1.375E+03   6.570E+03   5.654E+00   4.792E+11   5.754E+12   1.230E-11
1.275E+03   6.370E+03   9.832E+00   4.503E+11   1.073E+13   2.293E-11
1.180E+03   6.180E+03   1.775E+01   4.213E+11   2.038E+13   4.356E-11
1.085E+03   5.950E+03   3.332E+01   3.563E+11   4.020E+13   8.593E-11
1.015E+03   5.760E+03   5.398E+01   2.952E+11   6.758E+13   1.444E-10
9.550E+02   5.570E+03   8.292E+01   2.322E+11   1.076E+14   2.300E-10
9.050E+02   5.380E+03   1.208E+02   1.741E+11   1.625E+14   3.473E-10
8.550E+02   5.160E+03   1.793E+02   1.209E+11   2.515E+14   5.376E-10
8.050E+02   4.900E+03   2.717E+02   8.085E+10   4.015E+14   8.582E-10
7.500E+02   4.680E+03   4.405E+02   7.796E+10   6.817E+14   1.457E-09
7.000E+02   4.560E+03   6.951E+02   1.049E+11   1.104E+15   2.360E-09
6.600E+02   4.520E+03   1.009E+03   1.443E+11   1.616E+15   3.455E-09
6.250E+02   4.500E+03   1.400E+03   1.926E+11   2.254E+15   4.819E-09
5.900E+02   4.510E+03   1.945E+03   2.593E+11   3.124E+15   6.677E-09
5.500E+02   4.540E+03   2.825E+03   3.654E+11   4.508E+15   9.636E-09
5.000E+02   4.610E+03   4.484E+03   5.655E+11   7.047E+15   1.506E-08
4.500E+02   4.690E+03   7.065E+03   8.724E+11   1.091E+16   2.333E-08
4.000E+02   4.780E+03   1.103E+04   1.341E+12   1.672E+16   3.573E-08
3.500E+02   4.880E+03   1.704E+04   2.052E+12   2.530E+16   5.408E-08
3.000E+02   4.990E+03   2.602E+04   3.127E+12   3.778E+16   8.076E-08
2.750E+02   5.060E+03   3.202E+04   3.886E+12   4.586E+16   9.802E-08
2.500E+02   5.150E+03   3.918E+04   4.877E+12   5.514E+16   1.178E-07
2.250E+02   5.270E+03   4.774E+04   6.278E+12   6.565E+16   1.403E-07
2.000E+02   5.410E+03   5.779E+04   8.309E+12   7.740E+16   1.654E-07
1.750E+02   5.580E+03   6.954E+04   1.162E+13   9.030E+16   1.930E-07
1.500E+02   5.790E+03   8.299E+04   1.772E+13   1.038E+17   2.220E-07
1.350E+02   5.980E+03   9.200E+04   2.577E+13   1.114E+17   2.382E-07
1.200E+02   6.180E+03   1.016E+05   3.859E+13   1.190E+17   2.544E-07
1.100E+02   6.340E+03   1.083E+05   5.296E+13   1.237E+17   2.645E-07
1.000E+02   6.520E+03   1.153E+05   7.490E+13   1.280E+17   2.736E-07
9.000E+01   6.720E+03   1.227E+05   1.087E+14   1.321E+17   2.824E-07
8.000E+01   6.980E+03   1.301E+05   1.710E+14   1.348E+17   2.882E-07
7.000E+01   7.280E+03   1.378E+05   2.789E+14   1.368E+17   2.924E-07
6.000E+01   7.590E+03   1.454E+05   4.460E+14   1.383E+17   2.956E-07
5.000E+01   7.900E+03   1.532E+05   6.904E+14   1.398E+17   2.988E-07
4.000E+01   8.220E+03   1.611E+05   1.049E+15   1.409E+17   3.012E-07
3.000E+01   8.540E+03   1.690E+05   1.545E+15   1.418E+17   3.031E-07
2.000E+01   8.860E+03   1.772E+05   2.217E+15   1.427E+17   3.050E-07
1.000E+01   9.140E+03   1.856E+05   2.986E+15   1.441E+17   3.079E-07
0.000E+00   9.400E+03   1.939E+05   3.878E+15   1.456E+17   3.111E-07
