0.0	3772.69463898	190.41245617	7.68477043022e-10
30.09	3995.45969917	259.101282396	9.91023923405e-10
60.18	4074.29886799	339.446558258	1.27870584945e-09
90.27	4144.52228813	464.914805076	1.73078342029e-09
120.36	4177.21672268	607.770515049	2.25138745998e-09
150.45	4235.36435146	835.106985191	3.05812049507e-09
180.54	4274.84655029	1100.48444658	3.99702600956e-09
210.63	4336.1140012	1502.77250089	5.38778568268e-09
240.72	4385.70197372	1986.00125753	7.04522678463e-09
270.81	4452.33204029	2688.56119975	9.40515223827e-09
300.9	4506.24333839	3552.48349545	1.22896025665e-08
330.99	4562.70915199	4752.36435268	1.62502612782e-08
361.08	4607.84603119	6247.20245193	2.11644029663e-08
391.17	4653.44740124	8264.33172596	2.77400245068e-08
421.26	4695.63501461	10810.1767937	3.59729014179e-08
451.35	4742.70377762	14166.5637837	4.66749486748e-08
481.44	4797.26728107	18385.5832756	5.98609484634e-08
511.53	4869.45576656	23790.0001872	7.6256797258e-08
541.62	4962.42330753	30458.1464611	9.57237085049e-08
571.71	5084.60178734	38675.127232	1.18540283974e-07
601.8	5236.53623531	48464.3168423	1.44135230643e-07
631.89	5430.57287056	60010.7922943	1.71983194252e-07
661.98	5676.52667992	73173.9203297	2.00507024461e-07
692.07	6049.76637947	87908.5359863	2.2641590382e-07
722.16	6737.64290665	103037.477319	2.41091559846e-07
752.25	7624.40362961	118653.563983	2.46316783905e-07
782.34	8460.55462135	135006.492461	2.497092007e-07
812.43	9076.71640259	152970.452663	2.59096458442e-07
842.52	9544.15251476	172216.848272	2.72787721738e-07
872.61	9918.42388226	193429.470572	2.90440279487e-07
902.7	10226.2220623	216127.830079	3.10927194196e-07
932.79	10500.9847824	241212.339871	3.34251586971e-07
962.88	10733.6204897	267826.759775	3.59889489529e-07
992.97	10947.5152168	297490.263113	3.88734688808e-07
1023.06	11140.6182231	329459.434	4.20079034218e-07
1053.15	11328.6942789	365173.769153	4.54777480232e-07
1083.24	11508.8956506	403270.701469	4.91125289078e-07
1113.33	11684.7727391	445469.682747	5.30926038921e-07
1143.42	11857.8369452	490075.292198	5.71743068474e-07
1173.51	12023.8361197	538568.777214	6.15605129475e-07
1203.6	12176.639475	589865.644344	6.61893354851e-07
1233.69	12328.3922301	646279.831669	7.1211778532e-07
1263.78	12475.3426059	706162.920433	7.64832784924e-07
1293.87	12622.4537325	771515.764355	8.21459801144e-07
1323.96	12764.3859121	840628.046154	8.80493580387e-07
1354.05	12908.1821965	915934.585049	9.43589406075e-07
1384.14	13043.425937	994790.328342	1.0093132931e-06
1414.23	13183.3365376	1080979.05085	1.07967106953e-06
1444.32	13318.3083618	1171627.8743	1.15276019568e-06
1474.41	13454.1346786	1269827.36082	1.23070879974e-06
1504.5	13584.0468891	1372752.39249	1.31186993679e-06
1534.59	13718.6021656	1484345.61082	1.39810862316e-06
1564.68	13848.9937447	1601709.2421	1.48781878845e-06
1594.77	13980.2866543	1728631.87275	1.58344747471e-06
1624.86	14107.4986221	1861760.71682	1.68280473644e-06
1654.95	14239.3843681	2004367.41207	1.78687332462e-06
1685.04	14366.4901543	2153306.69277	1.8948808115e-06
1715.13	14493.6892109	2313230.03628	2.00939637714e-06
1745.22	14614.9485985	2480685.82657	2.1289002145e-06
1775.31	14739.3808182	2660434.18663	2.25503911194e-06
1805.4	14863.9307304	2848481.4164	2.38506631775e-06
1835.49	14992.2030151	3050406.63532	2.52234384403e-06
1865.58	15117.0793877	3262063.07823	2.66489668541e-06
1895.67	15243.1502804	3487540.92628	2.8144540387e-06
1925.76	15366.1257645	3722539.05231	2.96900961056e-06
1955.85	15491.7797329	3972583.7254	3.13111128567e-06
1985.94	15615.3971588	4233071.27789	3.29847995155e-06
2016.03	15738.8158558	4509892.15561	3.47444986023e-06
2046.12	15858.1996326	4799122.87758	3.65744445675e-06
2076.21	15981.2315968	5107517.93167	3.84917326744e-06
2106.3	16102.3232761	5429231.9865	4.04756809555e-06
2136.39	16227.5833134	5770256.65844	4.25421262489e-06
2166.48	16350.8070007	6125774.27269	4.46790586926e-06
2196.57	16475.6928703	6502632.59438	4.69114634289e-06
2226.66	16597.6522301	6894986.57417	4.92185708141e-06
2256.75	16722.5893082	7309490.31467	5.16133713146e-06
2286.84	16845.4753735	7740803.82092	5.40890062645e-06
2316.93	16973.1955692	8196527.20737	5.66563803585e-06
2347.02	17098.9170891	8671074.01993	5.93107345566e-06
2377.11	17225.3294231	9169840.13741	6.20627274082e-06
2407.2	17348.3330708	9688236.50486	6.49100100185e-06
2437.29	17474.1016758	10234747.5347	6.78645896267e-06
2467.38	17598.5027573	10802967.026	7.09125186871e-06
2497.47	17727.0354553	11400646.7522	7.40612754871e-06
2527.56	17854.015855	12020868.3201	7.73089290649e-06
2557.65	17982.6826267	12671042.4648	8.0662862421e-06
2587.74	18108.2609081	13345481.9324	8.41245548336e-06
2617.83	18236.058786	14053856.4507	8.77059451389e-06
2647.92	18360.8987839	14788083.445	9.14046618359e-06
2678.01	18489.5885525	15557977.9316	9.52152859505e-06
2708.1	18617.3783241	16355972.0879	9.91378579575e-06
2738.19	18748.8151661	17191398.1907	1.03175474321e-05
2768.28	18876.9610531	18056834.0542	1.07344073789e-05
2798.37	19007.4453327	18960380.8765	1.11625319103e-05
2828.46	19134.7100746	19895671.4809	1.16044450157e-05
2858.55	19264.7828873	20873216.2731	1.20589489983e-05
2888.64	19392.6712193	21884868.3922	1.25274928047e-05
2918.73	19525.5642776	22943492.0223	1.30083358192e-05
2948.82	19657.4127781	24035946.4535	1.35013776764e-05
2978.91	19793.8281914	25179060.8799	1.40067821308e-05
