  2978.91    3772.69    1.0000000e+00    3.6556153e+14    1.0000000e+00
  2948.82    3995.46    1.0000000e+00    4.6969895e+14    1.0000000e+00
  2918.73    4074.30    1.0000000e+00    6.0344168e+14    1.0000000e+00
  2888.64    4144.52    1.0000000e+00    8.1248561e+14    1.0000000e+00
  2858.55    4177.22    1.0000000e+00    1.0538272e+15    1.0000000e+00
  2828.46    4235.36    1.0000000e+00    1.4281312e+15    1.0000000e+00
  2798.37    4274.85    1.0000000e+00    1.8645763e+15    1.0000000e+00
  2768.28    4336.11    1.0000000e+00    2.5102058e+15    1.0000000e+00
  2738.19    4385.70    1.0000000e+00    3.2798742e+15    1.0000000e+00
  2708.10    4452.33    1.0000000e+00    4.3737017e+15    1.0000000e+00
  2678.01    4506.24    1.0000000e+00    5.7099750e+15    1.0000000e+00
  2647.92    4562.71    1.0000000e+00    7.5440355e+15    1.0000000e+00
  2617.83    4607.85    1.0000000e+00    9.8198398e+15    1.0000000e+00
  2587.74    4653.45    1.0000000e+00    1.2863220e+16    1.0000000e+00
  2557.65    4695.64    1.0000000e+00    1.6674593e+16    1.0000000e+00
  2527.56    4742.70    1.0000000e+00    2.1634920e+16    1.0000000e+00
  2497.47    4797.27    1.0000000e+00    2.7758774e+16    1.0000000e+00
  2467.38    4869.46    1.0000000e+00    3.5385945e+16    1.0000000e+00
  2437.29    4962.42    1.0000000e+00    4.4455597e+16    1.0000000e+00
  2407.20    5084.60    1.0000000e+00    5.5092386e+16    1.0000000e+00
  2377.11    5236.54    1.0000000e+00    6.7033942e+16    1.0000000e+00
  2347.02    5430.57    1.0000000e+00    8.0038786e+16    1.0000000e+00
  2316.93    5676.53    1.0000000e+00    9.3366358e+16    1.0000000e+00
  2286.84    6049.77    1.0000000e+00    1.0524688e+17    1.0000000e+00
  2256.75    6737.64    1.0000000e+00    1.1076537e+17    1.0000000e+00
  2226.66    7624.40    1.0000000e+00    1.1271759e+17    1.0000000e+00
  2196.57    8460.55    1.0000000e+00    1.1557731e+17    1.0000000e+00
  2166.48    9076.72    1.0000000e+00    1.2206624e+17    1.0000000e+00
  2136.39    9544.15    1.0000000e+00    1.3069382e+17    1.0000000e+00
  2106.30    9918.42    1.0000000e+00    1.4125270e+17    1.0000000e+00
  2076.21   10226.22    1.0000000e+00    1.5307781e+17    1.0000000e+00
  2046.12   10500.98    1.0000000e+00    1.6637431e+17    1.0000000e+00
  2016.03   10733.62    1.0000000e+00    1.8072761e+17    1.0000000e+00
  1985.94   10947.52    1.0000000e+00    1.9682215e+17    1.0000000e+00
  1955.85   11140.62    1.0000000e+00    2.1419505e+17    1.0000000e+00
  1925.76   11328.69    1.0000000e+00    2.3347291e+17    1.0000000e+00
  1895.67   11508.90    1.0000000e+00    2.5379309e+17    1.0000000e+00
  1865.58   11684.77    1.0000000e+00    2.7613068e+17    1.0000000e+00
  1835.49   11857.84    1.0000000e+00    2.9934645e+17    1.0000000e+00
  1805.40   12023.84    1.0000000e+00    3.2442544e+17    1.0000000e+00
  1775.31   12176.64    1.0000000e+00    3.5086693e+17    1.0000000e+00
  1745.22   12328.39    1.0000000e+00    3.7969156e+17    1.0000000e+00
  1715.13   12475.34    1.0000000e+00    4.0998617e+17    1.0000000e+00
  1685.04   12622.45    1.0000000e+00    4.4270844e+17    1.0000000e+00
  1654.95   12764.39    1.0000000e+00    4.7700258e+17    1.0000000e+00
  1624.86   12908.18    1.0000000e+00    5.1394442e+17    1.0000000e+00
  1594.77   13043.43    1.0000000e+00    5.5240380e+17    1.0000000e+00
  1564.68   13183.34    1.0000000e+00    5.9389370e+17    1.0000000e+00
  1534.59   13318.31    1.0000000e+00    6.3717307e+17    1.0000000e+00
  1504.50   13454.13    1.0000000e+00    6.8360572e+17    1.0000000e+00
  1474.41   13584.05    1.0000000e+00    7.3194731e+17    1.0000000e+00
  1444.32   13718.60    1.0000000e+00    7.8368575e+17    1.0000000e+00
  1414.23   13848.99    1.0000000e+00    8.3768790e+17    1.0000000e+00
  1384.14   13980.29    1.0000000e+00    8.9557760e+17    1.0000000e+00
  1354.05   14107.50    1.0000000e+00    9.5585194e+17    1.0000000e+00
  1323.96   14239.38    1.0000000e+00    1.0195368e+18    1.0000000e+00
  1293.87   14366.49    1.0000000e+00    1.0856054e+18    1.0000000e+00
  1263.78   14493.69    1.0000000e+00    1.1559969e+18    1.0000000e+00
  1233.69   14614.95    1.0000000e+00    1.2293945e+18    1.0000000e+00
  1203.60   14739.38    1.0000000e+00    1.3073445e+18    1.0000000e+00
  1173.51   14863.93    1.0000000e+00    1.3880225e+18    1.0000000e+00
  1143.42   14992.20    1.0000000e+00    1.4736999e+18    1.0000000e+00
  1113.33   15117.08    1.0000000e+00    1.5629362e+18    1.0000000e+00
  1083.24   15243.15    1.0000000e+00    1.6571482e+18    1.0000000e+00
  1053.15   15366.13    1.0000000e+00    1.7546547e+18    1.0000000e+00
  1023.06   15491.78    1.0000000e+00    1.8573277e+18    1.0000000e+00
   992.97   15615.40    1.0000000e+00    1.9634477e+18    1.0000000e+00
   962.88   15738.82    1.0000000e+00    2.0754433e+18    1.0000000e+00
   932.79   15858.20    1.0000000e+00    2.1919204e+18    1.0000000e+00
   902.70   15981.23    1.0000000e+00    2.3148158e+18    1.0000000e+00
   872.61   16102.32    1.0000000e+00    2.4421180e+18    1.0000000e+00
   842.52   16227.58    1.0000000e+00    2.5754793e+18    1.0000000e+00
   812.43   16350.81    1.0000000e+00    2.7135547e+18    1.0000000e+00
   782.34   16475.69    1.0000000e+00    2.8586587e+18    1.0000000e+00
   752.25   16597.65    1.0000000e+00    3.0088708e+18    1.0000000e+00
   722.16   16722.59    1.0000000e+00    3.1659230e+18    1.0000000e+00
   692.07   16845.48    1.0000000e+00    3.3282778e+18    1.0000000e+00
   661.98   16973.20    1.0000000e+00    3.4977040e+18    1.0000000e+00
   631.89   17098.92    1.0000000e+00    3.6730012e+18    1.0000000e+00
   601.80   17225.33    1.0000000e+00    3.8557690e+18    1.0000000e+00
   571.71   17348.33    1.0000000e+00    4.0448625e+18    1.0000000e+00
   541.62   17474.10    1.0000000e+00    4.2422773e+18    1.0000000e+00
   511.53   17598.50    1.0000000e+00    4.4461500e+18    1.0000000e+00
   481.44   17727.04    1.0000000e+00    4.6581145e+18    1.0000000e+00
   451.35   17854.02    1.0000000e+00    4.8765952e+18    1.0000000e+00
   421.26   17982.68    1.0000000e+00    5.1035767e+18    1.0000000e+00
   391.17   18108.26    1.0000000e+00    5.3379475e+18    1.0000000e+00
   361.08   18236.06    1.0000000e+00    5.5818905e+18    1.0000000e+00
   330.99   18360.90    1.0000000e+00    5.8335743e+18    1.0000000e+00
   300.90   18489.59    1.0000000e+00    6.0945646e+18    1.0000000e+00
   270.81   18617.38    1.0000000e+00    6.3631860e+18    1.0000000e+00
   240.72   18748.82    1.0000000e+00    6.6413161e+18    1.0000000e+00
   210.63   18876.96    1.0000000e+00    6.9282940e+18    1.0000000e+00
   180.54   19007.45    1.0000000e+00    7.2250372e+18    1.0000000e+00
   150.45   19134.71    1.0000000e+00    7.5310147e+18    1.0000000e+00
   120.36   19264.78    1.0000000e+00    7.8476935e+18    1.0000000e+00
    90.27   19392.67    1.0000000e+00    8.1737826e+18    1.0000000e+00
    60.18   19525.56    1.0000000e+00    8.5108455e+18    1.0000000e+00
    30.09   19657.41    1.0000000e+00    8.8562864e+18    1.0000000e+00
     0.00   19793.83    1.0000000e+00    9.2135397e+18    1.0000000e+00
