      200.000     0.000000
      250.000     0.000000
      303.000     0.000000
      350.000     0.000000
      400.000     0.000000
      450.000     0.000000
      500.000    0.0222821
      550.000    0.0256590
      600.000    0.0289055
      650.000    0.0316486
      700.000    0.0337501
      750.000    0.0352418
      800.000    0.0360886
      810.000    0.0362527
      820.000    0.0364133
      830.000    0.0364910
      840.000    0.0365687
      850.000    0.0366465
      860.000    0.0367165
      870.000    0.0367518
      880.000    0.0367872
      890.000    0.0368226
      900.000    0.0368580
      920.000    0.0368683
      930.000    0.0368726
      940.000    0.0368768
      950.000    0.0368785
      960.000    0.0368727
      970.000    0.0368669
      980.000    0.0368612
      990.000    0.0368554
      1000.00    0.0368500
      1020.00    0.0368500
      1030.00    0.0368500
      1040.00    0.0368500
      1050.00    0.0368500
      1060.00    0.0368574
      1070.00    0.0368851
      1080.00    0.0369127
      1090.00    0.0369404
      1110.00    0.0369956
      1120.00    0.0370233
      1130.00    0.0370875
      1140.00    0.0371636
      1150.00    0.0372396
      1160.00    0.0373156
      1170.00    0.0373916
      1180.00    0.0374677
      1190.00    0.0375437
      1210.00    0.0377986
      1220.00    0.0379486
      1230.00    0.0380985
      1250.00    0.0383985
      1260.00    0.0385485
      1270.00    0.0386985
      1280.00    0.0388484
      1290.00    0.0391007
      1300.00    0.0393541
      1310.00    0.0396074
      1327.15    0.0400419
      1329.81    0.0401093
      1340.00    0.0403675
      1350.00    0.0406208
      1360.00    0.0408742
      1370.00    0.0411275
      1380.00    0.0414254
      1390.00    0.0418183
      1400.00    0.0422111
      1410.00    0.0426040
      1420.00    0.0429969
      1430.00    0.0433897
      1440.00    0.0437826
      1450.00    0.0441754
      1460.00    0.0445683
      1470.00    0.0449612
      1480.00    0.0453540
      1490.00    0.0457600
      1500.00    0.0463448
      1510.00    0.0469295
      1540.00    0.0486838
      1550.00    0.0492686
      1560.00    0.0498534
      1580.00    0.0510229
      1600.00    0.0521924
      1610.00    0.0527772
      1650.00    0.0558743
      1660.00    0.0567283
      1670.00    0.0575824
      1690.00    0.0592905
      1700.00    0.0601445
      1710.00    0.0609985
      1720.00    0.0618526
      1730.00    0.0627066
      1740.00    0.0635606
      1750.00    0.0644147
      1760.00    0.0652687
      1770.00    0.0661228
      1780.00    0.0669768
      1800.00    0.0694588
      1810.00    0.0707051
      1820.00    0.0719515
      1830.00    0.0731978
      1840.00    0.0744442
      1850.00    0.0756905
      1860.00    0.0769368
      1871.61    0.0783838
      1875.35    0.0788500
      1880.00    0.0794295
      1890.00    0.0806759
      1900.00    0.0819222
      1910.00    0.0831685
      1920.00    0.0844149
      1930.00    0.0856612
      1940.00    0.0869075
      1970.00    0.0906466
      1980.00    0.0923089
      2000.00    0.0959897
      2010.00    0.0978300
      2020.00    0.0996704
      2040.00     0.103351
      2060.00     0.107032
      2090.00     0.112553
      2100.00     0.114393
      2110.00     0.116234
      2120.00     0.118074
      2130.00     0.119914
      2140.00     0.121755
      2150.00     0.123595
      2160.00     0.125436
      2170.00     0.127276
      2180.00     0.129116
      2200.00     0.132797
      2210.00     0.134637
      2220.00     0.137182
      2230.00     0.139962
      2240.00     0.142743
      2280.00     0.153864
      2290.00     0.156645
      2300.00     0.159425
      2310.00     0.162206
      2320.00     0.164986
      2330.00     0.167767
      2340.00     0.170547
      2350.00     0.173327
      2360.00     0.176108
      2370.00     0.178888
      2380.00     0.181669
      2390.00     0.184449
      2400.00     0.187230
      2420.00     0.192791
      2430.00     0.195571
      2440.00     0.198352
      2450.00     0.201132
      2460.00     0.203912
      2470.00     0.206693
      2480.00     0.209473
      2490.00     0.212254
      2500.00     0.215034
      2530.00     0.225209
      2540.00     0.229546
      2550.00     0.233884
      2560.00     0.238221
      2570.00     0.242558
      2580.00     0.246895
      2590.00     0.251232
      2610.00     0.259906
      2620.00     0.264243
      2630.00     0.268580
      2640.00     0.272917
      2650.00     0.277254
      2660.00     0.281591
      2670.00     0.285928
      2680.00     0.290265
      2690.00     0.294602
      2700.00     0.298939
      2710.00     0.303277
      2720.00     0.307614
      2730.00     0.311951
      2740.00     0.316288
      2750.00     0.320625
      2760.00     0.324962
      2770.00     0.329299
      2780.00     0.333636
      2790.00     0.337973
      2800.00     0.342310
      2810.00     0.346647
      2820.00     0.350984
      2830.00     0.355321
      2840.00     0.359658
      2850.00     0.363995
      2880.00     0.377007
      2890.00     0.381344
      2900.00     0.385681
      2910.00     0.390018
      2950.00     0.415020
      2960.00     0.422086
      2970.00     0.429152
      2980.00     0.436218
      2990.00     0.443283
      3000.00     0.450349
      3010.00     0.457415
      3020.00     0.464481
      3030.00     0.471546
      3040.00     0.478612
      3050.00     0.485678
      3060.00     0.492744
      3070.00     0.499810
      3080.00     0.506875
      3090.00     0.513941
      3120.00     0.535138
      3140.00     0.549270
      3150.00     0.556336
      3160.00     0.563401
      3170.00     0.570467
      3180.00     0.577533
      3190.00     0.584599
      3200.00     0.591664
      3210.00     0.598730
      3220.00     0.605796
      3230.00     0.612862
      3240.00     0.619927
      3250.00     0.626993
      3260.00     0.634059
      3270.00     0.641125
      3280.00     0.648190
      3290.00     0.655256
      3300.00     0.662322
      3310.00     0.669388
      3320.00     0.676454
      3330.00     0.683519
      3340.00     0.690585
      3350.00     0.697651
      3360.00     0.704717
      3370.00     0.711782
      3380.00     0.718848
      3420.00     0.747111
      3450.00     0.768308
      3460.00     0.775374
      3470.00     0.782440
      3480.00     0.789583
      3490.00     0.801804
      3500.00     0.814024
      3510.00     0.826245
      3520.00     0.838466
      3530.00     0.850687
      3540.00     0.862908
      3550.00     0.875128
      3560.00     0.887349
      3570.00     0.899570
      3580.00     0.911791
      3590.00     0.924011
      3600.00     0.936232
      3610.00     0.948453
      3620.00     0.960674
      3630.00     0.972895
      3660.00      1.00956
      3670.00      1.02178
      3690.00      1.04622
      3700.00      1.05844
      3710.00      1.07066
      3720.00      1.08288
      3730.00      1.09510
      3740.00      1.10732
      3770.00      1.14399
      3780.00      1.15621
      3790.00      1.16843
      3800.00      1.18065
      3810.00      1.19287
      3820.00      1.20509
      3830.00      1.21731
      3840.00      1.22953
      3860.00      1.25397
      3870.00      1.26619
      3890.00      1.29063
      3900.00      1.30286
      3910.00      1.31508
      3920.00      1.32730
      3930.00      1.33952
      3940.00      1.35174
      3950.00      1.36396
      3960.00      1.37618
      3970.00      1.38840
      3980.00      1.40062
      3990.00      1.41284
      4000.00      1.42506
      4010.00      1.43728
      4020.00      1.44950
      4030.00      1.46173
      4050.00      1.48617
      4110.00      1.55949
      4120.00      1.57171
      4130.00      1.58393
      4140.00      1.59615
      4150.00      1.60837
      4160.00      1.62060
      4170.00      1.63282
      4180.00      1.64504
      4190.00      1.65726
      4200.00      1.66948
      4210.00      1.68170
      4220.00      1.69392
      4230.00      1.70614
      4240.00      1.71836
      4250.00      1.73058
      4260.00      1.74280
      4270.00      1.75502
      4280.00      1.76725
      4290.00      1.77947
      4300.00      1.79169
      4310.00      1.80808
      4320.00      1.82498
      4330.00      1.84187
      4340.00      1.85877
      4350.00      1.87567
      4360.00      1.89256
      4370.00      1.90946
      4380.00      1.92636
      4390.00      1.94325
      4400.00      1.96015
      4410.00      1.97705
      4420.00      1.99394
      4430.00      2.01084
      4440.00      2.02773
      4450.00      2.04463
      4460.00      2.06153
      4470.00      2.07842
      4480.00      2.09532
      4490.00      2.11222
      4500.00      2.12911
      4510.00      2.14601
      4520.00      2.16426
      4530.00      2.18348
      4540.00      2.20269
      4560.00      2.24111
      4570.00      2.26032
      4580.00      2.27954
      4590.00      2.29875
      4600.00      2.31796
      4610.00      2.33717
      4620.00      2.35638
      4630.00      2.37559
      4640.00      2.39481
      4650.00      2.41402
      4660.00      2.43323
      4670.00      2.45244
      4680.00      2.47165
      4690.00      2.49087
      4700.00      2.51008
      4710.00      2.52929
      4720.00      2.54850
      4730.00      2.56771
      4740.00      2.58693
      4750.00      2.60630
      4760.00      2.62820
      4770.00      2.65010
      4780.00      2.67201
      4790.00      2.69391
      4800.00      2.71582
      4810.00      2.73772
      4820.00      2.75962
      4830.00      2.78153
      4840.00      2.80343
      4850.00      2.82533
      4860.00      2.84724
      4870.00      2.86914
      4880.00      2.89104
      4890.00      2.91295
      4900.00      2.93485
      4910.00      2.95676
      4920.00      2.97866
      4930.00      3.00056
      4940.00      3.02247
      4950.00      3.04437
      4960.00      3.06627
      4970.00      3.08818
      4980.00      3.11008
      4990.00      3.13199
      5000.00      3.15389
      5010.00      3.17579
      5020.00      3.20076
      5030.00      3.22590
      5040.00      3.25104
      5050.00      3.27619
      5060.00      3.30133
      5070.00      3.32647
      5080.00      3.35162
      5090.00      3.37676
      5100.00      3.40190
      5110.00      3.42704
      5120.00      3.45219
      5130.00      3.47733
      5140.00      3.50247
      5150.00      3.52762
      5160.00      3.55276
      5170.00      3.57790
      5180.00      3.60305
      5190.00      3.62819
      5200.00      3.65333
      5210.00      3.67847
      5220.00      3.70362
      5230.00      3.72876
      5240.00      3.75390
      5250.00      3.77905
      5260.00      3.80419
      5270.00      3.82933
      5280.00      3.85448
      5290.00      3.87962
      5300.00      3.90476
      5310.00      3.93298
      5320.00      3.96202
      5330.00      3.99105
      5340.00      4.02008
      5350.00      4.04912
      5360.00      4.07815
      5370.00      4.10719
      5380.00      4.13622
      5390.00      4.16525
      5400.00      4.19429
      5410.00      4.22332
      5420.00      4.25235
      5430.00      4.28139
      5440.00      4.31042
      5450.00      4.33945
      5460.00      4.36849
      5470.00      4.39752
      5480.00      4.42655
      5490.00      4.45559
      5500.00      4.48462
      5510.00      4.51365
      5520.00      4.54269
      5530.00      4.57172
      5540.00      4.60075
      5550.00      4.62979
      5560.00      4.65882
      5570.00      4.68786
      5580.00      4.71689
      5590.00      4.74592
      5600.00      4.77496
      5610.00      4.80399
      5620.00      4.83302
      5630.00      4.86223
      5640.00      4.89592
      5650.00      4.92961
      5660.00      4.96331
      5670.00      4.99700
      5680.00      5.03070
      5690.00      5.06439
      5700.00      5.09808
      5710.00      5.13178
      5720.00      5.16547
      5730.00      5.19917
      5740.00      5.23286
      5750.00      5.26655
      5760.00      5.30025
      5770.00      5.33394
      5780.00      5.36764
      5790.00      5.40133
      5800.00      5.43502
      5810.00      5.46872
      5820.00      5.50241
      5830.00      5.53611
      5840.00      5.56980
      5850.00      5.60350
      5860.00      5.63719
      5870.00      5.67088
      5880.00      5.70458
      5890.00      5.73827
      5900.00      5.77197
      5910.00      5.80566
      5920.00      5.83935
      5930.00      5.87305
      5940.00      5.90674
      5950.00      5.94044
      5960.00      5.97413
      5970.00      6.00782
      5980.00      6.04152
      5990.00      6.07521
      6000.00      6.10891
      6010.00      6.14818
      6020.00      6.18764
      6030.00      6.22710
      6040.00      6.26656
      6050.00      6.30603
      6060.00      6.34549
      6070.00      6.38495
      6080.00      6.42441
      6090.00      6.46387
      6100.00      6.50333
      6110.00      6.54279
      6120.00      6.58225
      6130.00      6.62171
      6140.00      6.66118
      6150.00      6.70064
      6160.00      6.74010
      6170.00      6.77956
      6180.00      6.81902
      6190.00      6.85848
      6200.00      6.89794
      6210.00      6.93740
      6220.00      6.97687
      6230.00      7.01633
      6240.00      7.05579
      6250.00      7.09525
      6260.00      7.13471
      6270.00      7.17417
      6280.00      7.21363
      6290.00      7.25309
      6300.00      7.29256
      6310.00      7.33202
      6320.00      7.37148
      6330.00      7.41094
      6340.00      7.45040
      6350.00      7.48986
      6360.00      7.52932
      6370.00      7.56878
      6380.00      7.60824
      6390.00      7.64771
      6400.00      7.68717
      6410.00      7.72663
      6420.00      7.76609
      6430.00      7.81037
      6440.00      7.85699
      6450.00      7.90362
      6460.00      7.95024
      6470.00      7.99687
      6480.00      8.04349
      6490.00      8.09011
      6500.00      8.13674
      6510.00      8.18336
      6520.00      8.22998
      6530.00      8.27661
      6540.00      8.32323
      6550.00      8.36985
      6560.00      8.41648
      6570.00      8.46310
      6580.00      8.50972
      6590.00      8.55635
      6600.00      8.60297
      6610.00      8.64960
      6620.00      8.69622
      6630.00      8.74284
      6640.00      8.78947
      6650.00      8.83609
      6660.00      8.88271
      6670.00      8.92934
      6680.00      8.97596
      6690.00      9.02258
      6700.00      9.06921
      6710.00      9.11583
      6720.00      9.16246
      6730.00      9.20908
      6740.00      9.25570
      6750.00      9.30233
      6760.00      9.34895
      6770.00      9.39557
      6780.00      9.44220
      6790.00      9.48882
      6800.00      9.53544
      6810.00      9.58207
      6820.00      9.62869
      6830.00      9.67531
      6840.00      9.72194
      6850.00      9.76856
      6860.00      9.81519
      6870.00      9.86181
      6880.00      9.90843
      6890.00      9.95506
      6900.00      10.0017
      6910.00      10.0483
      6920.00      10.1035
      6930.00      10.1591
      6940.00      10.2146
      6950.00      10.2702
      6960.00      10.3257
      6970.00      10.3813
      6980.00      10.4368
      6990.00      10.4924
      7000.00      10.5480
      7010.00      10.6035
      7020.00      10.6591
      7030.00      10.7146
      7040.00      10.7702
      7050.00      10.8257
      7060.00      10.8813
      7070.00      10.9368
      7080.00      10.9924
      7090.00      11.0479
      7100.00      11.1035
      7110.00      11.1590
      7120.00      11.2146
      7130.00      11.2701
      7140.00      11.3257
      7170.00      11.4923
      7180.00      11.5479
      7190.00      11.6035
      7200.00      11.6590
      7210.00      11.7146
      7220.00      11.7701
      7230.00      11.8257
      7240.00      11.8812
      7250.00      11.9368
      7260.00      11.9923
      7270.00      12.0479
      7280.00      12.1034
      7290.00      12.1590
      7300.00      12.2145
      7310.00      12.2701
      7320.00      12.3256
      7330.00      12.3812
      7340.00      12.4367
      7350.00      12.4923
      7360.00      12.5478
      7370.00      12.6034
      7380.00      12.6590
      7390.00      12.7145
      7400.00      12.7701
      7410.00      12.8256
      7430.00      12.9367
      7460.00      13.1034
      7470.00      13.1589
      7480.00      13.2175
      7490.00      13.2845
      7500.00      13.3515
      7510.00      13.4185
      7520.00      13.4856
      7530.00      13.5526
      7540.00      13.6196
      7550.00      13.6867
      7560.00      13.7537
      7570.00      13.8207
      7580.00      13.8877
      7590.00      13.9548
      7600.00      14.0218
      7610.00      14.0888
      7620.00      14.1558
      7630.00      14.2229
      7640.00      14.2899
      7650.00      14.3569
      7660.00      14.4239
      7670.00      14.4910
      7680.00      14.5580
      7690.00      14.6250
      7700.00      14.6920
      7710.00      14.7591
      7720.00      14.8261
      7730.00      14.8931
      7740.00      14.9601
      7750.00      15.0272
      7760.00      15.0942
      7770.00      15.1612
      7780.00      15.2282
      7790.00      15.2953
      7800.00      15.3623
      7810.00      15.4293
      7820.00      15.4963
      7830.00      15.5634
      7840.00      15.6304
      7850.00      15.6974
      7860.00      15.7644
      7870.00      15.8315
      7880.00      15.8985
      7890.00      15.9655
      7900.00      16.0325
      7910.00      16.0996
      7920.00      16.1666
      7930.00      16.2336
      7940.00      16.3006
      7950.00      16.3677
      7960.00      16.4347
      7970.00      16.5017
      7980.00      16.5687
      7990.00      16.6358
      8000.00      16.7028
      8010.00      16.7698
      8020.00      16.8369
      8030.00      16.9039
      8040.00      16.9709
      8050.00      17.0379
      8060.00      17.1050
      8070.00      17.1720
      8080.00      17.2390
      8090.00      17.3060
      8100.00      17.3731
      8110.00      17.4401
      8120.00      17.5071
      8130.00      17.5741
      8170.00      17.8628
      8180.00      17.9384
      8290.00      18.7692
      8300.00      18.8466
      8310.00      18.9253
      8320.00      19.0040
      8330.00      19.0827
      8340.00      19.1614
      8350.00      19.2401
      8360.00      19.3187
      8370.00      19.3974
      8380.00      19.4761
      8390.00      19.5548
      8400.00      19.6335
      8410.00      19.7122
      8420.00      19.7908
      8430.00      19.8695
      8440.00      19.9482
      8450.00      20.0275
      8460.00      20.1089
      8470.00      20.1904
      8480.00      20.2719
      8490.00      20.3533
      8500.00      20.4348
      8510.00      20.5162
      8520.00      20.5977
      8530.00      20.6792
      8540.00      20.7606
      8550.00      20.8421
      8560.00      20.9235
      8570.00      21.0050
      8580.00      21.0865
      8590.00      21.1679
      8600.00      21.2494
      8610.00      21.3318
      8620.00      21.4168
      8630.00      21.5019
      8640.00      21.5870
      8650.00      21.6721
      8660.00      21.7571
      8670.00      21.8422
      8680.00      21.9273
      8690.00      22.0124
      8700.00      22.0974
      8710.00      22.1825
      8720.00      22.2676
      8730.00      22.3527
      8740.00      22.4377
      8750.00      22.5228
      8760.00      22.6079
      8770.00      22.6930
      8780.00      22.7810
      8790.00      22.8704
      8800.00      22.9598
      8810.00      23.0492
      8820.00      23.1386
      8830.00      23.2280
      8840.00      23.3174
      8850.00      23.4069
      8860.00      23.4963
      8870.00      23.5857
      8880.00      23.6751
      8890.00      23.7645
      8900.00      23.8539
      8910.00      23.9433
      8920.00      24.0327
      8930.00      24.1221
      8940.00      24.2115
      8945.42      24.2600
      8950.00     0.000000
      8960.00     0.000000
      8970.00     0.000000
      8980.00     0.000000
      8990.00     0.000000
      9000.00     0.000000
      9010.00     0.000000
      9020.00     0.000000
      9030.00     0.000000
      9040.00     0.000000
      9050.00     0.000000
      9060.00     0.000000
      9070.00     0.000000
      9080.00     0.000000
      9090.00     0.000000
      9100.00     0.000000
      9110.00     0.000000
      9120.00     0.000000
      9130.00     0.000000
      9140.00     0.000000
      9150.00     0.000000
      9160.00     0.000000
      9170.00     0.000000
      9180.00     0.000000
      9190.00     0.000000
      9200.00     0.000000
      9210.00     0.000000
      9220.00     0.000000
      9230.00     0.000000
      9240.00     0.000000
      9250.00     0.000000
      9260.00     0.000000
      9270.00     0.000000
      9280.00     0.000000
      9290.00     0.000000
      9300.00     0.000000
      9310.00     0.000000
      9320.00     0.000000
      9330.00     0.000000
      9340.00     0.000000
      9350.00     0.000000
      9360.00     0.000000
      9370.00     0.000000
      9380.00     0.000000
      9390.00     0.000000
      9400.00     0.000000
      9410.00     0.000000
      9420.00     0.000000
      9430.00     0.000000
      9440.00     0.000000
      9450.00     0.000000
      9460.00     0.000000
      9470.00     0.000000
      9480.00     0.000000
      9490.00     0.000000
      9500.00     0.000000
      9510.00     0.000000
      9520.00     0.000000
      9530.00     0.000000
      9540.00     0.000000
      9550.00     0.000000
      9560.00     0.000000
      9570.00     0.000000
      9580.00     0.000000
      9590.00     0.000000
      9600.00     0.000000
      9610.00     0.000000
      9620.00     0.000000
      9630.00     0.000000
      9640.00     0.000000
      9650.00     0.000000
      9660.00     0.000000
      9670.00     0.000000
      9680.00     0.000000
      9690.00     0.000000
      9700.00     0.000000
      9710.00     0.000000
      9720.00     0.000000
      9730.00     0.000000
      9740.00     0.000000
      9750.00     0.000000
      9760.00     0.000000
      9770.00     0.000000
      9780.00     0.000000
      9790.00     0.000000
      9800.00     0.000000
      9810.00     0.000000
      9820.00     0.000000
      9830.00     0.000000
      9840.00     0.000000
      9850.00     0.000000
      9860.00     0.000000
      9870.00     0.000000
      9880.00     0.000000
      9890.00     0.000000
      9900.00     0.000000
      9910.00     0.000000
      9920.00     0.000000
      9930.00     0.000000
      9940.00     0.000000
      9950.00     0.000000
      9960.00     0.000000
      9970.00     0.000000
      9980.00     0.000000
      9990.00     0.000000
      10000.0     0.000000
      10010.0     0.000000
      10020.0     0.000000
      10030.0     0.000000
      10040.0     0.000000
      10050.0     0.000000
      10060.0     0.000000
      10070.0     0.000000
      10080.0     0.000000
      10090.0     0.000000
      10100.0     0.000000
      10110.0     0.000000
      10120.0     0.000000
      10130.0     0.000000
      10140.0     0.000000
      10150.0     0.000000
      10160.0     0.000000
      10170.0     0.000000
      10180.0     0.000000
      10190.0     0.000000
      10200.0     0.000000
      10210.0     0.000000
      10220.0     0.000000
      10230.0     0.000000
      10240.0     0.000000
      10250.0     0.000000
      10260.0     0.000000
      10270.0     0.000000
      10280.0     0.000000
      10290.0     0.000000
      10300.0     0.000000
      10310.0     0.000000
      10320.0     0.000000
      10330.0     0.000000
      10340.0     0.000000
      10350.0     0.000000
      10360.0     0.000000
      10370.0     0.000000
      10380.0     0.000000
      10390.0     0.000000
      10400.0     0.000000
      10410.0     0.000000
      10420.0     0.000000
      10430.0     0.000000
      10440.0     0.000000
      10450.0     0.000000
      10460.0     0.000000
      10470.0     0.000000
      10480.0     0.000000
      10490.0     0.000000
      10500.0     0.000000
      10510.0     0.000000
      10520.0     0.000000
      10530.0     0.000000
      10540.0     0.000000
      10550.0     0.000000
      10560.0     0.000000
      10570.0     0.000000
      10580.0     0.000000
      10590.0     0.000000
      10600.0     0.000000
      10610.0     0.000000
      10620.0     0.000000
      10630.0     0.000000
      10640.0     0.000000
      10650.0     0.000000
      10660.0     0.000000
      10670.0     0.000000
      10680.0     0.000000
      10690.0     0.000000
      10700.0     0.000000
      10710.0     0.000000
      10720.0     0.000000
      10730.0     0.000000
      10740.0     0.000000
      10750.0     0.000000
      10760.0     0.000000
      10770.0     0.000000
      10780.0     0.000000
      10790.0     0.000000
      10800.0     0.000000
      10810.0     0.000000
      10820.0     0.000000
      10830.0     0.000000
      10840.0     0.000000
      10850.0     0.000000
      10860.0     0.000000
      10870.0     0.000000
      10880.0     0.000000
      10890.0     0.000000
      10900.0     0.000000
      10910.0     0.000000
      10920.0     0.000000
      10930.0     0.000000
      10940.0     0.000000
      10950.0     0.000000
      10960.0     0.000000
      10970.0     0.000000
      10980.0     0.000000
      10990.0     0.000000
      11000.0     0.000000
      11010.0     0.000000
      11020.0     0.000000
      11030.0     0.000000
      11040.0     0.000000
      11050.0     0.000000
      11060.0     0.000000
      11070.0     0.000000
      11080.0     0.000000
      11090.0     0.000000
      11100.0     0.000000
      11110.0     0.000000
      11120.0     0.000000
      11130.0     0.000000
      11140.0     0.000000
      11150.0     0.000000
      11160.0     0.000000
      11170.0     0.000000
      11180.0     0.000000
      11190.0     0.000000
      11200.0     0.000000
      11210.0     0.000000
      11220.0     0.000000
      11230.0     0.000000
      11240.0     0.000000
      11250.0     0.000000
      11260.0     0.000000
      11270.0     0.000000
      11280.0     0.000000
      11290.0     0.000000
      11300.0     0.000000
      11310.0     0.000000
      11320.0     0.000000
      11330.0     0.000000
      11340.0     0.000000
      11350.0     0.000000
      11360.0     0.000000
      11370.0     0.000000
      11380.0     0.000000
      11390.0     0.000000
      11400.0     0.000000
      11410.0     0.000000
      11420.0     0.000000
      11430.0     0.000000
      11440.0     0.000000
      11450.0     0.000000
      11460.0     0.000000
      11470.0     0.000000
      11480.0     0.000000
      11490.0     0.000000
      11500.0     0.000000
      11510.0     0.000000
      11520.0     0.000000
      11530.0     0.000000
      11540.0     0.000000
      11550.0     0.000000
      11560.0     0.000000
      11570.0     0.000000
      11580.0     0.000000
      11590.0     0.000000
      11600.0     0.000000
      11610.0     0.000000
      11620.0     0.000000
      11630.0     0.000000
      11640.0     0.000000
      11650.0     0.000000
      11660.0     0.000000
      11670.0     0.000000
      11680.0     0.000000
      11690.0     0.000000
      11700.0     0.000000
      11710.0     0.000000
      11720.0     0.000000
      11730.0     0.000000
      11740.0     0.000000
      11750.0     0.000000
      11760.0     0.000000
      11770.0     0.000000
      11780.0     0.000000
      11790.0     0.000000
      11800.0     0.000000
      11810.0     0.000000
      11820.0     0.000000
      11830.0     0.000000
      11840.0     0.000000
      11850.0     0.000000
      11860.0     0.000000
      11870.0     0.000000
      11880.0     0.000000
      11890.0     0.000000
      11900.0     0.000000
      11910.0     0.000000
      11920.0     0.000000
      11930.0     0.000000
      11940.0     0.000000
      11950.0     0.000000
      11960.0     0.000000
      11970.0     0.000000
      11980.0     0.000000
      11990.0     0.000000
      12000.0     0.000000
      12010.0     0.000000
      12020.0     0.000000
      12030.0     0.000000
      12040.0     0.000000
      12050.0     0.000000
      12060.0     0.000000
      12070.0     0.000000
      12080.0     0.000000
      12090.0     0.000000
      12100.0     0.000000
      12110.0     0.000000
      12120.0     0.000000
      12130.0     0.000000
      12140.0     0.000000
      12150.0     0.000000
      12160.0     0.000000
      12170.0     0.000000
      12180.0     0.000000
      12190.0     0.000000
      12200.0     0.000000
      12210.0     0.000000
      12220.0     0.000000
      12230.0     0.000000
      12240.0     0.000000
      12250.0     0.000000
      12260.0     0.000000
      12270.0     0.000000
      12280.0     0.000000
      12290.0     0.000000
      12300.0     0.000000
      12310.0     0.000000
      12320.0     0.000000
      12330.0     0.000000
      12340.0     0.000000
      12350.0     0.000000
      12360.0     0.000000
      12370.0     0.000000
      12380.0     0.000000
      12390.0     0.000000
      12400.0     0.000000
      12410.0     0.000000
      12420.0     0.000000
      12430.0     0.000000
      12440.0     0.000000
      12450.0     0.000000
      12460.0     0.000000
      12470.0     0.000000
      12480.0     0.000000
      12490.0     0.000000
      12500.0     0.000000
      12510.0     0.000000
      12520.0     0.000000
      12530.0     0.000000
      12540.0     0.000000
      12550.0     0.000000
      12560.0     0.000000
      12570.0     0.000000
      12580.0     0.000000
      12590.0     0.000000
      12600.0     0.000000
      12610.0     0.000000
      12620.0     0.000000
      12630.0     0.000000
      12640.0     0.000000
      12650.0     0.000000
      12660.0     0.000000
      12670.0     0.000000
      12680.0     0.000000
      12690.0     0.000000
      12700.0     0.000000
      12710.0     0.000000
      12720.0     0.000000
      12730.0     0.000000
      12740.0     0.000000
      12750.0     0.000000
      12760.0     0.000000
      12770.0     0.000000
      12780.0     0.000000
      12790.0     0.000000
      12800.0     0.000000
      12810.0     0.000000
      12820.0     0.000000
      12830.0     0.000000
      12840.0     0.000000
      12850.0     0.000000
      12860.0     0.000000
      12870.0     0.000000
      12880.0     0.000000
      12890.0     0.000000
      12900.0     0.000000
      12910.0     0.000000
      12920.0     0.000000
      12930.0     0.000000
      12940.0     0.000000
      12950.0     0.000000
      12960.0     0.000000
      12970.0     0.000000
      12980.0     0.000000
      12990.0     0.000000
      13000.0     0.000000
      13010.0     0.000000
      13020.0     0.000000
      13030.0     0.000000
      13040.0     0.000000
      13050.0     0.000000
      13060.0     0.000000
      13070.0     0.000000
      13080.0     0.000000
      13090.0     0.000000
      13100.0     0.000000
      13110.0     0.000000
      13120.0     0.000000
      13130.0     0.000000
      13140.0     0.000000
      13150.0     0.000000
      13160.0     0.000000
      13170.0     0.000000
      13180.0     0.000000
      13190.0     0.000000
      13200.0     0.000000
      13210.0     0.000000
      13220.0     0.000000
      13230.0     0.000000
      13240.0     0.000000
      13250.0     0.000000
      13260.0     0.000000
      13270.0     0.000000
      13280.0     0.000000
      13290.0     0.000000
      13300.0     0.000000
      13310.0     0.000000
      13320.0     0.000000
      13330.0     0.000000
      13340.0     0.000000
      13350.0     0.000000
      13360.0     0.000000
      13370.0     0.000000
      13380.0     0.000000
      13390.0     0.000000
      13400.0     0.000000
      13410.0     0.000000
      13420.0     0.000000
      13430.0     0.000000
      13440.0     0.000000
      13450.0     0.000000
      13460.0     0.000000
      13470.0     0.000000
      13480.0     0.000000
      13490.0     0.000000
      13500.0     0.000000
      13510.0     0.000000
      13520.0     0.000000
      13530.0     0.000000
      13540.0     0.000000
      13550.0     0.000000
      13560.0     0.000000
      13570.0     0.000000
      13580.0     0.000000
      13590.0     0.000000
      13600.0     0.000000
      13610.0     0.000000
      13620.0     0.000000
      13630.0     0.000000
      13640.0     0.000000
      13650.0     0.000000
      13660.0     0.000000
      13670.0     0.000000
      13680.0     0.000000
      13690.0     0.000000
      13700.0     0.000000
      13710.0     0.000000
      13720.0     0.000000
      13730.0     0.000000
      13740.0     0.000000
      13750.0     0.000000
      13760.0     0.000000
      13770.0     0.000000
      13780.0     0.000000
      13790.0     0.000000
      13800.0     0.000000
      13810.0     0.000000
      13820.0     0.000000
      13830.0     0.000000
      13840.0     0.000000
      13850.0     0.000000
      13860.0     0.000000
      13870.0     0.000000
      13880.0     0.000000
      13890.0     0.000000
      13900.0     0.000000
      13910.0     0.000000
      13920.0     0.000000
      13930.0     0.000000
      13940.0     0.000000
      13950.0     0.000000
      13960.0     0.000000
      13970.0     0.000000
      13980.0     0.000000
      13990.0     0.000000
      14000.0     0.000000
      14010.0     0.000000
      14020.0     0.000000
      14030.0     0.000000
      14040.0     0.000000
      14050.0     0.000000
      14060.0     0.000000
      14070.0     0.000000
      14080.0     0.000000
      14090.0     0.000000
      14100.0     0.000000
      14110.0     0.000000
      14120.0     0.000000
      14130.0     0.000000
      14140.0     0.000000
      14150.0     0.000000
      14160.0     0.000000
      14170.0     0.000000
      14180.0     0.000000
      14190.0     0.000000
      14200.0     0.000000
      14210.0     0.000000
      14220.0     0.000000
      14230.0     0.000000
      14240.0     0.000000
      14250.0     0.000000
      14260.0     0.000000
      14270.0     0.000000
      14280.0     0.000000
      14290.0     0.000000
      14300.0     0.000000
      14310.0     0.000000
      14320.0     0.000000
      14330.0     0.000000
      14340.0     0.000000
      14350.0     0.000000
      14360.0     0.000000
      14370.0     0.000000
      14380.0     0.000000
      14390.0     0.000000
      14400.0     0.000000
      14410.0     0.000000
      14420.0     0.000000
      14430.0     0.000000
      14440.0     0.000000
      14450.0     0.000000
      14460.0     0.000000
      14470.0     0.000000
      14480.0     0.000000
      14490.0     0.000000
      14500.0     0.000000
      14510.0     0.000000
      14520.0     0.000000
      14530.0     0.000000
      14540.0     0.000000
      14550.0     0.000000
      14560.0     0.000000
      14570.0     0.000000
      14580.0     0.000000
      14590.0     0.000000
      14600.0     0.000000
      14610.0     0.000000
      14620.0     0.000000
      14630.0     0.000000
      14640.0     0.000000
      14650.0     0.000000
      14660.0     0.000000
      14670.0     0.000000
      14680.0     0.000000
      14690.0     0.000000
      14700.0     0.000000
      14710.0     0.000000
      14720.0     0.000000
      14730.0     0.000000
      14740.0     0.000000
      14750.0     0.000000
      14760.0     0.000000
      14770.0     0.000000
      14780.0     0.000000
      14790.0     0.000000
      14800.0     0.000000
      14810.0     0.000000
      14820.0     0.000000
      14830.0     0.000000
      14840.0     0.000000
      14850.0     0.000000
      14860.0     0.000000
      14870.0     0.000000
      14880.0     0.000000
      14890.0     0.000000
      14900.0     0.000000
      14910.0     0.000000
      14920.0     0.000000
      14930.0     0.000000
      14940.0     0.000000
      14950.0     0.000000
      14960.0     0.000000
      14970.0     0.000000
      14980.0     0.000000
      14990.0     0.000000
      15000.0     0.000000
      15010.0     0.000000
      15020.0     0.000000
      15030.0     0.000000
      15040.0     0.000000
      15050.0     0.000000
      15060.0     0.000000
      15070.0     0.000000
      15080.0     0.000000
      15090.0     0.000000
      15100.0     0.000000
      15110.0     0.000000
      15120.0     0.000000
      15130.0     0.000000
      15140.0     0.000000
      15150.0     0.000000
      15160.0     0.000000
      15170.0     0.000000
      15180.0     0.000000
      15190.0     0.000000
      15200.0     0.000000
      15210.0     0.000000
      15220.0     0.000000
      15230.0     0.000000
      15240.0     0.000000
      15250.0     0.000000
      15260.0     0.000000
      15270.0     0.000000
      15280.0     0.000000
      15290.0     0.000000
      15300.0     0.000000
      15310.0     0.000000
      15320.0     0.000000
      15330.0     0.000000
      15340.0     0.000000
      15350.0     0.000000
      15360.0     0.000000
      15370.0     0.000000
      15380.0     0.000000
      15390.0     0.000000
      15400.0     0.000000
      15410.0     0.000000
      15420.0     0.000000
      15430.0     0.000000
      15440.0     0.000000
      15450.0     0.000000
      15460.0     0.000000
      15470.0     0.000000
      15480.0     0.000000
      15490.0     0.000000
      15500.0     0.000000
      15510.0     0.000000
      15520.0     0.000000
      15530.0     0.000000
      15540.0     0.000000
      15550.0     0.000000
      15560.0     0.000000
      15570.0     0.000000
      15580.0     0.000000
      15590.0     0.000000
      15600.0     0.000000
      15610.0     0.000000
      15620.0     0.000000
      15630.0     0.000000
      15640.0     0.000000
      15650.0     0.000000
      15660.0     0.000000
      15670.0     0.000000
      15680.0     0.000000
      15690.0     0.000000
      15700.0     0.000000
      15710.0     0.000000
      15720.0     0.000000
      15730.0     0.000000
      15740.0     0.000000
      15750.0     0.000000
      15760.0     0.000000
      15770.0     0.000000
      15780.0     0.000000
      15790.0     0.000000
      15800.0     0.000000
      15810.0     0.000000
      15820.0     0.000000
      15830.0     0.000000
      15840.0     0.000000
      15850.0     0.000000
      15860.0     0.000000
      15870.0     0.000000
      15880.0     0.000000
      15890.0     0.000000
      15900.0     0.000000
      15910.0     0.000000
      15920.0     0.000000
      15930.0     0.000000
      15940.0     0.000000
      15950.0     0.000000
      15960.0     0.000000
      15970.0     0.000000
      15980.0     0.000000
      15990.0     0.000000
      16000.0     0.000000
      16010.0     0.000000
      16020.0     0.000000
      16030.0     0.000000
      16040.0     0.000000
      16050.0     0.000000
      16060.0     0.000000
      16070.0     0.000000
      16080.0     0.000000
      16090.0     0.000000
      16100.0     0.000000
      16110.0     0.000000
      16120.0     0.000000
      16130.0     0.000000
      16140.0     0.000000
      16150.0     0.000000
      16160.0     0.000000
      16170.0     0.000000
      16180.0     0.000000
      16190.0     0.000000
      16200.0     0.000000
      16210.0     0.000000
      16220.0     0.000000
      16230.0     0.000000
      16240.0     0.000000
      16250.0     0.000000
      16260.0     0.000000
      16270.0     0.000000
      16280.0     0.000000
      16290.0     0.000000
      16300.0     0.000000
      16310.0     0.000000
      16320.0     0.000000
      16330.0     0.000000
      16340.0     0.000000
      16350.0     0.000000
      16360.0     0.000000
      16370.0     0.000000
      16380.0     0.000000
      16390.0     0.000000
      16400.0     0.000000
      16410.0     0.000000
      16420.0     0.000000
      16430.0     0.000000
      16440.0     0.000000
      16450.0     0.000000
      16460.0     0.000000
      16470.0     0.000000
      16480.0     0.000000
      16490.0     0.000000
      16500.0     0.000000
      16510.0     0.000000
      16520.0     0.000000
      16530.0     0.000000
      16540.0     0.000000
      16550.0     0.000000
      16560.0     0.000000
      16570.0     0.000000
      16580.0     0.000000
      16590.0     0.000000
      16600.0     0.000000
      16610.0     0.000000
      16620.0     0.000000
      16630.0     0.000000
      16640.0     0.000000
      16650.0     0.000000
      16660.0     0.000000
      16670.0     0.000000
      16680.0     0.000000
      16690.0     0.000000
      16700.0     0.000000
      16710.0     0.000000
      16720.0     0.000000
      16730.0     0.000000
      16740.0     0.000000
      16750.0     0.000000
      16760.0     0.000000
      16770.0     0.000000
      16780.0     0.000000
      16790.0     0.000000
      16800.0     0.000000
      16810.0     0.000000
      16820.0     0.000000
      16830.0     0.000000
      16840.0     0.000000
      16850.0     0.000000
      16860.0     0.000000
      16870.0     0.000000
      16880.0     0.000000
      16890.0     0.000000
      16900.0     0.000000
      16910.0     0.000000
      16920.0     0.000000
      16930.0     0.000000
      16940.0     0.000000
      16950.0     0.000000
      16960.0     0.000000
      16970.0     0.000000
      16980.0     0.000000
      16990.0     0.000000
      17000.0     0.000000
      17010.0     0.000000
      17020.0     0.000000
      17030.0     0.000000
      17040.0     0.000000
      17050.0     0.000000
      17060.0     0.000000
      17070.0     0.000000
      17080.0     0.000000
      17090.0     0.000000
      17100.0     0.000000
      17110.0     0.000000
      17120.0     0.000000
      17130.0     0.000000
      17140.0     0.000000
      17150.0     0.000000
      17160.0     0.000000
      17170.0     0.000000
      17180.0     0.000000
      17190.0     0.000000
      17200.0     0.000000
      17210.0     0.000000
      17220.0     0.000000
      17230.0     0.000000
      17240.0     0.000000
      17250.0     0.000000
      17260.0     0.000000
      17270.0     0.000000
      17280.0     0.000000
      17290.0     0.000000
      17300.0     0.000000
      17310.0     0.000000
      17320.0     0.000000
      17330.0     0.000000
      17340.0     0.000000
      17350.0     0.000000
      17360.0     0.000000
      17370.0     0.000000
      17380.0     0.000000
      17390.0     0.000000
      17400.0     0.000000
      17410.0     0.000000
      17420.0     0.000000
      17430.0     0.000000
      17440.0     0.000000
      17450.0     0.000000
      17460.0     0.000000
      17470.0     0.000000
      17480.0     0.000000
      17490.0     0.000000
      17500.0     0.000000
      17510.0     0.000000
      17520.0     0.000000
      17530.0     0.000000
      17540.0     0.000000
      17550.0     0.000000
      17560.0     0.000000
      17570.0     0.000000
      17580.0     0.000000
      17590.0     0.000000
      17600.0     0.000000
      17610.0     0.000000
      17620.0     0.000000
      17630.0     0.000000
      17640.0     0.000000
      17650.0     0.000000
      17660.0     0.000000
      17670.0     0.000000
      17680.0     0.000000
      17690.0     0.000000
      17700.0     0.000000
      17710.0     0.000000
      17720.0     0.000000
      17730.0     0.000000
      17740.0     0.000000
      17750.0     0.000000
      17760.0     0.000000
      17770.0     0.000000
      17780.0     0.000000
      17790.0     0.000000
      17800.0     0.000000
      17810.0     0.000000
      17820.0     0.000000
      17830.0     0.000000
      17840.0     0.000000
      17850.0     0.000000
      17860.0     0.000000
      17870.0     0.000000
      17880.0     0.000000
      17890.0     0.000000
      17900.0     0.000000
      17910.0     0.000000
      17920.0     0.000000
      17930.0     0.000000
      17940.0     0.000000
      17950.0     0.000000
      17960.0     0.000000
      17970.0     0.000000
      17980.0     0.000000
      17990.0     0.000000
      18000.0     0.000000
      18010.0     0.000000
      18020.0     0.000000
      18030.0     0.000000
      18040.0     0.000000
      18050.0     0.000000
      18060.0     0.000000
      18070.0     0.000000
      18080.0     0.000000
      18090.0     0.000000
      18100.0     0.000000
      18110.0     0.000000
      18120.0     0.000000
      18130.0     0.000000
      18140.0     0.000000
      18150.0     0.000000
      18160.0     0.000000
      18170.0     0.000000
      18180.0     0.000000
      18190.0     0.000000
      18200.0     0.000000
      18210.0     0.000000
      18220.0     0.000000
      18230.0     0.000000
      18240.0     0.000000
      18250.0     0.000000
      18260.0     0.000000
      18270.0     0.000000
      18280.0     0.000000
      18290.0     0.000000
      18300.0     0.000000
      18310.0     0.000000
      18320.0     0.000000
      18330.0     0.000000
      18340.0     0.000000
      18350.0     0.000000
      18360.0     0.000000
      18370.0     0.000000
      18380.0     0.000000
      18390.0     0.000000
      18400.0     0.000000
      18410.0     0.000000
      18420.0     0.000000
      18430.0     0.000000
      18440.0     0.000000
      18450.0     0.000000
      18460.0     0.000000
      18470.0     0.000000
      18480.0     0.000000
      18490.0     0.000000
      18500.0     0.000000
      18510.0     0.000000
      18520.0     0.000000
      18530.0     0.000000
      18540.0     0.000000
      18550.0     0.000000
      18560.0     0.000000
      18570.0     0.000000
      18580.0     0.000000
      18590.0     0.000000
      18600.0     0.000000
      18610.0     0.000000
      18620.0     0.000000
      18630.0     0.000000
      18640.0     0.000000
      18650.0     0.000000
      18660.0     0.000000
      18670.0     0.000000
      18680.0     0.000000
      18690.0     0.000000
      18700.0     0.000000
      18710.0     0.000000
      18720.0     0.000000
      18730.0     0.000000
      18740.0     0.000000
      18750.0     0.000000
      18760.0     0.000000
      18770.0     0.000000
      18780.0     0.000000
      18790.0     0.000000
      18800.0     0.000000
      18810.0     0.000000
      18820.0     0.000000
      18830.0     0.000000
      18840.0     0.000000
      18850.0     0.000000
      18860.0     0.000000
      18870.0     0.000000
      18880.0     0.000000
      18890.0     0.000000
      18900.0     0.000000
      18910.0     0.000000
      18920.0     0.000000
      18930.0     0.000000
      18940.0     0.000000
      18950.0     0.000000
      18960.0     0.000000
      18970.0     0.000000
      18980.0     0.000000
      18990.0     0.000000
      19000.0     0.000000
      19010.0     0.000000
      19020.0     0.000000
      19030.0     0.000000
      19040.0     0.000000
      19050.0     0.000000
      19060.0     0.000000
      19070.0     0.000000
      19080.0     0.000000
      19090.0     0.000000
      19100.0     0.000000
      19110.0     0.000000
      19120.0     0.000000
      19130.0     0.000000
      19140.0     0.000000
      19150.0     0.000000
      19160.0     0.000000
      19170.0     0.000000
      19180.0     0.000000
      19190.0     0.000000
      19200.0     0.000000
      19210.0     0.000000
      19220.0     0.000000
      19230.0     0.000000
      19240.0     0.000000
      19250.0     0.000000
      19260.0     0.000000
      19270.0     0.000000
      19280.0     0.000000
      19290.0     0.000000
      19300.0     0.000000
      19310.0     0.000000
      19320.0     0.000000
      19330.0     0.000000
      19340.0     0.000000
      19350.0     0.000000
      19360.0     0.000000
      19370.0     0.000000
      19380.0     0.000000
      19390.0     0.000000
      19400.0     0.000000
      19410.0     0.000000
      19420.0     0.000000
      19430.0     0.000000
      19440.0     0.000000
      19450.0     0.000000
      19460.0     0.000000
      19470.0     0.000000
      19480.0     0.000000
      19490.0     0.000000
      19500.0     0.000000
      19510.0     0.000000
      19520.0     0.000000
      19530.0     0.000000
      19540.0     0.000000
      19550.0     0.000000
      19560.0     0.000000
      19570.0     0.000000
      19580.0     0.000000
      19590.0     0.000000
      19600.0     0.000000
      19610.0     0.000000
      19620.0     0.000000
      19630.0     0.000000
      19640.0     0.000000
      19650.0     0.000000
      19660.0     0.000000
      19670.0     0.000000
      19680.0     0.000000
      19690.0     0.000000
      19700.0     0.000000
      19710.0     0.000000
      19720.0     0.000000
      19730.0     0.000000
      19740.0     0.000000
      19750.0     0.000000
      19760.0     0.000000
      19770.0     0.000000
      19780.0     0.000000
      19790.0     0.000000
      19800.0     0.000000
      19810.0     0.000000
      19820.0     0.000000
      19830.0     0.000000
      19840.0     0.000000
      19850.0     0.000000
      19860.0     0.000000
      19870.0     0.000000
      19880.0     0.000000
      19890.0     0.000000
      19900.0     0.000000
      19910.0     0.000000
      19920.0     0.000000
      19930.0     0.000000
      19940.0     0.000000
      19950.0     0.000000
      19960.0     0.000000
      19970.0     0.000000
      19980.0     0.000000
      19990.0     0.000000
      20000.0     0.000000
      30000.0     0.000000
