   1.952848E+03   8.900453E+04   8.160000E+09   5.323820E-01   1.330388E+01
   1.945848E+03   4.114029E+04   1.780000E+10   8.013172E+00   1.206218E+01
   1.945631E+03   3.890300E+04   1.880000E+10   1.025247E+01   1.197688E+01
   1.945409E+03   3.645791E+04   2.010000E+10   1.383095E+01   1.188242E+01
   1.945206E+03   3.419627E+04   2.140000E+10   1.877058E+01   1.178454E+01
   1.945000E+03   3.175442E+04   2.310000E+10   2.733260E+01   1.167773E+01
   1.944788E+03   2.930678E+04   2.500000E+10   4.204171E+01   1.156483E+01
   1.944579E+03   2.680922E+04   2.730000E+10   7.058178E+01   1.144620E+01
   1.944370E+03   2.436517E+04   2.960000E+10   1.306257E+02   1.132374E+01
   1.944146E+03   2.201633E+04   3.210000E+10   2.766191E+02   1.119164E+01
   1.943924E+03   1.971842E+04   3.570000E+10   7.222832E+02   1.105364E+01
   1.943717E+03   1.783633E+04   3.940000E+10   2.074643E+03   1.092574E+01
   1.943614E+03   1.701864E+04   4.130000E+10   3.622393E+03   1.086527E+01
   1.943514E+03   1.624065E+04   4.330000E+10   6.597146E+03   1.080615E+01
   1.943418E+03   1.568796E+04   4.490000E+10   1.035126E+04   1.075952E+01
   1.943322E+03   1.512818E+04   4.660000E+10   1.690450E+04   1.071199E+01
   1.943224E+03   1.459746E+04   4.830000E+10   2.766191E+04   1.066567E+01
   1.943122E+03   1.419871E+04   4.960000E+10   4.105378E+04   1.062733E+01
   1.943008E+03   1.384431E+04   5.090000E+10   5.927552E+04   1.059113E+01
   1.942875E+03   1.355304E+04   5.200000E+10   8.122942E+04   1.055789E+01
   1.942723E+03   1.321129E+04   5.340000E+10   1.196487E+05   1.051874E+01
   1.942544E+03   1.299936E+04   5.430000E+10   1.525796E+05   1.048845E+01
   1.942331E+03   1.273483E+04   5.550000E+10   2.118551E+05   1.045064E+01
   1.942072E+03   1.254517E+04   5.640000E+10   2.689352E+05   1.042010E+01
   1.941759E+03   1.231358E+04   5.750000E+10   3.655324E+05   1.038251E+01
   1.941389E+03   1.202305E+04   5.890000E+10   5.433589E+05   1.033541E+01
   1.940966E+03   1.173140E+04   6.010000E+10   8.177827E+05   1.028789E+01
   1.940456E+03   1.170725E+04   6.030000E+10   8.496158E+05   1.028211E+01
   1.939793E+03   1.167527E+04   6.060000E+10   8.935236E+05   1.027456E+01
   1.938923E+03   1.163220E+04   6.090000E+10   9.571899E+05   1.026457E+01
   1.937793E+03   1.157488E+04   6.140000E+10   1.048299E+06   1.025147E+01
   1.936345E+03   1.149917E+04   6.180000E+10   1.174533E+06   1.023450E+01
   1.934520E+03   1.140067E+04   6.250000E+10   1.372119E+06   1.021279E+01
   1.932258E+03   1.127384E+04   6.350000E+10   1.701427E+06   1.018534E+01
   1.929583E+03   1.111771E+04   6.450000E+10   2.195390E+06   1.015206E+01
   1.926472E+03   1.095205E+04   6.560000E+10   2.908891E+06   1.011573E+01
   1.922810E+03   1.084106E+04   6.690000E+10   3.578485E+06   1.008519E+01
   1.918461E+03   1.070423E+04   6.810000E+10   4.588364E+06   1.004828E+01
   1.913373E+03   1.053761E+04   7.010000E+10   6.333699E+06   1.000409E+01
   1.907500E+03   1.034249E+04   7.210000E+10   9.209660E+06   9.949200E+00
   1.900786E+03   1.011544E+04   7.510000E+10   1.459934E+07   9.879900E+00
   1.893161E+03   9.837050E+03   7.860000E+10   2.612514E+07   9.795860E+00
   1.884551E+03   9.546440E+03   8.300000E+10   4.961581E+07   9.696810E+00
   1.875025E+03   9.190250E+03   8.880000E+10   1.141603E+08   9.574810E+00
   1.864780E+03   8.823470E+03   9.540000E+10   2.854007E+08   9.431760E+00
   1.853974E+03   8.536720E+03   1.020000E+11   6.278814E+08   9.265540E+00
   1.842851E+03   8.261100E+03   1.100000E+11   1.405049E+09   9.080240E+00
   1.831411E+03   7.994480E+03   1.170000E+11   3.183315E+09   8.878570E+00
   1.819311E+03   7.802420E+03   1.240000E+11   6.037321E+09   8.725000E+00
   1.806578E+03   7.592960E+03   1.310000E+11   1.229418E+10   8.549420E+00
   1.793360E+03   7.455020E+03   1.380000E+11   2.030735E+10   8.371370E+00
   1.779647E+03   7.347790E+03   1.430000E+11   3.062569E+10   8.198110E+00
   1.765434E+03   7.248610E+03   1.480000E+11   4.467618E+10   8.020190E+00
   1.753640E+03   7.177880E+03   1.510000E+11   5.883644E+10   7.877930E+00
   1.743308E+03   7.121770E+03   1.540000E+11   7.365532E+10   7.756290E+00
   1.732785E+03   7.064320E+03   1.560000E+11   9.110867E+10   7.632370E+00
   1.721993E+03   7.007850E+03   1.570000E+11   1.119649E+11   7.509680E+00
   1.710839E+03   6.958600E+03   1.590000E+11   1.350165E+11   7.397670E+00
   1.699259E+03   6.908000E+03   1.590000E+11   1.635565E+11   7.283020E+00
   1.687269E+03   6.858120E+03   1.600000E+11   1.953897E+11   7.167630E+00
   1.674723E+03   6.815300E+03   1.610000E+11   2.294182E+11   7.055290E+00
   1.661565E+03   6.771490E+03   1.610000E+11   2.711306E+11   6.940650E+00
   1.647809E+03   6.726990E+03   1.610000E+11   3.194292E+11   6.824500E+00
   1.633375E+03   6.685120E+03   1.610000E+11   3.721186E+11   6.705020E+00
   1.618169E+03   6.644610E+03   1.610000E+11   4.346872E+11   6.582960E+00
   1.602152E+03   6.603630E+03   1.610000E+11   5.093304E+11   6.459820E+00
   1.585243E+03   6.563950E+03   1.610000E+11   5.960483E+11   6.333180E+00
   1.567327E+03   6.528150E+03   1.620000E+11   6.937431E+11   6.199170E+00
   1.548325E+03   6.491860E+03   1.640000E+11   8.155873E+11   6.063740E+00
   1.528203E+03   6.455170E+03   1.650000E+11   9.571899E+11   5.927300E+00
   1.506937E+03   6.415160E+03   1.660000E+11   1.141603E+12   5.791780E+00
   1.484547E+03   6.373990E+03   1.670000E+11   1.361142E+12   5.656720E+00
   1.460958E+03   6.332760E+03   1.680000E+11   1.624588E+12   5.521830E+00
   1.436096E+03   6.291770E+03   1.690000E+11   1.964874E+12   5.388020E+00
   1.409839E+03   6.253300E+03   1.720000E+11   2.392975E+12   5.261690E+00
   1.382129E+03   6.214360E+03   1.750000E+11   2.919868E+12   5.134350E+00
   1.352992E+03   6.175020E+03   1.790000E+11   3.622393E+12   5.006260E+00
   1.322465E+03   6.135280E+03   1.840000E+11   4.522503E+12   4.877520E+00
   1.290697E+03   6.089270E+03   1.860000E+11   5.697036E+12   4.760800E+00
   1.257896E+03   6.039750E+03   1.880000E+11   7.255763E+12   4.651340E+00
   1.224187E+03   5.990140E+03   1.900000E+11   9.264545E+12   4.542080E+00
   1.189924E+03   5.939130E+03   1.920000E+11   1.196487E+13   4.433480E+00
   1.155604E+03   5.877320E+03   1.880000E+11   1.536773E+13   4.327230E+00
   1.121549E+03   5.816040E+03   1.850000E+11   1.986828E+13   4.222170E+00
   1.088044E+03   5.755190E+03   1.810000E+11   2.557629E+13   4.118100E+00
   1.055374E+03   5.689190E+03   1.750000E+11   3.293085E+13   4.029490E+00
   1.023727E+03   5.621820E+03   1.670000E+11   4.215148E+13   3.946250E+00
   9.932050E+02   5.552680E+03   1.580000E+11   5.367728E+13   3.861570E+00
   9.637340E+02   5.480040E+03   1.480000E+11   6.805708E+13   3.773730E+00
   9.352390E+02   5.407450E+03   1.370000E+11   8.572997E+13   3.686100E+00
   9.079380E+02   5.313740E+03   1.200000E+11   1.076839E+14   3.600350E+00
   8.817530E+02   5.217460E+03   1.040000E+11   1.350165E+14   3.516420E+00
   8.564890E+02   5.122230E+03   9.110000E+10   1.690450E+14   3.435770E+00
   8.317460E+02   5.030490E+03   8.080000E+10   2.107574E+14   3.380260E+00
   8.087340E+02   4.942170E+03   7.340000E+10   2.601537E+14   3.326910E+00
   7.879930E+02   4.859640E+03   6.880000E+10   3.150384E+14   3.276320E+00
   7.692350E+02   4.793380E+03   6.800000E+10   3.765093E+14   3.226140E+00
   7.521860E+02   4.730270E+03   6.910000E+10   4.434687E+14   3.178600E+00
   7.367550E+02   4.669750E+03   7.170000E+10   5.137212E+14   3.133200E+00
   7.228110E+02   4.611210E+03   7.590000E+10   5.894621E+14   3.089450E+00
   7.099920E+02   4.565530E+03   8.200000E+10   6.695938E+14   3.049760E+00
   6.979610E+02   4.522310E+03   8.900000E+10   7.574094E+14   3.011300E+00
   6.863630E+02   4.479430E+03   9.650000E+10   8.485181E+14   2.973360E+00
   6.751590E+02   4.436790E+03   1.050000E+11   9.527991E+14   2.935780E+00
   6.643360E+02   4.398190E+03   1.140000E+11   1.064764E+15   2.901190E+00
   6.535220E+02   4.368140E+03   1.240000E+11   1.185510E+15   2.872600E+00
   6.425370E+02   4.337290E+03   1.350000E+11   1.328211E+15   2.843160E+00
   6.313810E+02   4.305890E+03   1.460000E+11   1.492865E+15   2.812980E+00
   6.198160E+02   4.284630E+03   1.590000E+11   1.679473E+15   2.783640E+00
   6.075560E+02   4.268590E+03   1.750000E+11   1.899012E+15   2.753570E+00
   5.944600E+02   4.252610E+03   1.930000E+11   2.173436E+15   2.721450E+00
   5.803460E+02   4.251230E+03   2.160000E+11   2.491767E+15   2.688190E+00
   5.650770E+02   4.254270E+03   2.460000E+11   2.897914E+15   2.652280E+00
   5.485580E+02   4.264320E+03   2.830000E+11   3.402854E+15   2.619460E+00
   5.311220E+02   4.280420E+03   3.290000E+11   4.017563E+15   2.589940E+00
   5.135170E+02   4.301690E+03   3.850000E+11   4.753019E+15   2.558560E+00
   4.958770E+02   4.333420E+03   4.550000E+11   5.598244E+15   2.522680E+00
   4.780840E+02   4.366820E+03   5.370000E+11   6.542261E+15   2.486650E+00
   4.600990E+02   4.403760E+03   6.350000E+11   7.683864E+15   2.462870E+00
   4.419990E+02   4.444080E+03   7.530000E+11   9.045005E+15   2.451300E+00
   4.237810E+02   4.485590E+03   8.930000E+11   1.063666E+16   2.439700E+00
   4.056390E+02   4.531530E+03   1.060000E+12   1.240395E+16   2.453750E+00
   3.873850E+02   4.579180E+03   1.260000E+12   1.459934E+16   2.474310E+00
   3.688190E+02   4.628220E+03   1.490000E+12   1.712404E+16   2.495000E+00
   3.499850E+02   4.681560E+03   1.780000E+12   2.008782E+16   2.516190E+00
   3.308550E+02   4.735170E+03   2.110000E+12   2.349067E+16   2.537420E+00
   3.114550E+02   4.791760E+03   2.520000E+12   2.755214E+16   2.588770E+00
   2.917940E+02   4.850280E+03   3.010000E+12   3.227223E+16   2.661340E+00
   2.719870E+02   4.909100E+03   3.580000E+12   3.776070E+16   2.733450E+00
   2.522900E+02   4.978110E+03   4.290000E+12   4.412733E+16   2.803630E+00
   2.331360E+02   5.057060E+03   5.130000E+12   5.082327E+16   2.881180E+00
   2.152120E+02   5.143830E+03   6.090000E+12   5.839736E+16   2.954280E+00
   1.983350E+02   5.236730E+03   7.250000E+12   6.597146E+16   3.021620E+00
   1.820800E+02   5.339390E+03   8.640000E+12   7.332602E+16   3.090010E+00
   1.661890E+02   5.449310E+03   1.050000E+13   8.133919E+16   3.154410E+00
   1.506550E+02   5.566510E+03   1.290000E+13   8.968167E+16   3.215840E+00
   1.354380E+02   5.708350E+03   1.650000E+13   9.791437E+16   3.282730E+00
   1.205190E+02   5.873050E+03   2.240000E+13   1.059275E+17   3.344270E+00
   1.059090E+02   6.083300E+03   3.320000E+13   1.130626E+17   3.402020E+00
   9.156700E+01   6.317190E+03   5.190000E+13   1.196487E+17   3.460000E+00
   7.820300E+01   6.587810E+03   8.610000E+13   1.262349E+17   3.521590E+00
   6.637500E+01   6.888110E+03   1.460000E+14   1.295280E+17   3.572900E+00
   5.606600E+01   7.221180E+03   2.520000E+14   1.306257E+17   3.606160E+00
   4.691900E+01   7.545600E+03   4.110000E+14   1.317234E+17   3.629860E+00
   3.850300E+01   7.849900E+03   6.310000E+14   1.317234E+17   3.649490E+00
   3.051300E+01   8.144970E+03   9.290000E+14   1.317234E+17   3.666830E+00
   2.276900E+01   8.435680E+03   1.320000E+15   1.306257E+17   3.684550E+00
   1.517200E+01   8.721040E+03   1.830000E+15   1.306257E+17   3.702020E+00
   7.631996E+00   9.002610E+03   2.480000E+15   1.295280E+17   3.716260E+00
   0.000000E+00   9.255820E+03   3.200000E+15   1.295280E+17   3.727820E+00
