 1.928442016601562E+03 1.701864062500000E+04 4.130000179141018E+10 3.622392921663927E+03 1.086526953125000E+01
 1.928150024414062E+03 1.512817968750000E+04 4.660000002460877E+10 1.690449973907858E+04 1.071199023437500E+01
 1.927836059570312E+03 1.384430957031250E+04 5.090000102227969E+10 5.927552166035830E+04 1.059112988281250E+01
 1.927371948242188E+03 1.299936035156250E+04 5.430000021300839E+10 1.525795856979613E+05 1.048845019531250E+01
 1.926587036132812E+03 1.231358007812500E+04 5.749999995663156E+10 3.655323940632449E+05 1.038250976562500E+01
 1.925284057617188E+03 1.170725000000000E+04 6.030000080604366E+10 8.496158134625743E+05 1.028211035156250E+01
 1.922620971679688E+03 1.157487988281250E+04 6.140000206009140E+10 1.048298589668171E+06 1.025146972656250E+01
 1.917086059570312E+03 1.127383984375000E+04 6.350000054966682E+10 1.701427046923708E+06 1.018533984375000E+01
 1.907637939453125E+03 1.084105957031250E+04 6.689999974039553E+10 3.578485103945192E+06 1.008519042968750E+01
 1.892328002929688E+03 1.034249023437500E+04 7.210000254500865E+10 9.209659562763756E+06 9.949200195312500E+00
 1.869379028320312E+03 9.546440429687500E+03 8.300000247703143E+10 4.961580711266467E+07 9.696809570312499E+00
 1.838802001953125E+03 8.536719726562500E+03 1.020000014916649E+11 6.278814248098514E+08 9.265540039062500E+00
 1.804139038085938E+03 7.802419921875000E+03 1.240000008028160E+11 6.037321347070078E+09 8.725000000000000E+00
 1.764474975585938E+03 7.347790039062500E+03 1.429999998174495E+11 3.062568580871195E+10 8.198110351562500E+00
 1.728135986328125E+03 7.121770019531250E+03 1.540000037679923E+11 7.365532184862396E+10 7.756290039062500E+00
 1.695666992187500E+03 6.958600097656250E+03 1.589999985355653E+11 1.350164673596312E+11 7.397669921875000E+00
 1.659551025390625E+03 6.815299804687500E+03 1.609999930066207E+11 2.294182159032263E+11 7.055290039062500E+00
 1.618203002929688E+03 6.685120117187500E+03 1.609999930066207E+11 3.721185635107623E+11 6.705020019531250E+00
 1.570071044921875E+03 6.563950195312500E+03 1.609999930066207E+11 5.960482921756100E+11 6.333180175781250E+00
 1.513031005859375E+03 6.455169921875000E+03 1.649999991286006E+11 9.571898812096149E+11 5.927299804687500E+00
 1.445786010742188E+03 6.332759765625000E+03 1.679999994251182E+11 1.624588300043359E+12 5.521830078125000E+00
 1.366957031250000E+03 6.214359863281250E+03 1.750000058436158E+11 2.919868346413180E+12 5.134350097656250E+00
 1.275525024414062E+03 6.089270019531250E+03 1.860000012042240E+11 5.697036137778035E+12 4.760799804687500E+00
 1.174751953125000E+03 5.939129882812500E+03 1.920000017972593E+11 1.196487328882114E+13 4.433479980468750E+00
 1.072872009277344E+03 5.755189941406250E+03 1.810000064366510E+11 2.557628875120615E+13 4.118100097656250E+00
 9.780330200195312E+02 5.552680175781250E+03 1.579999927101031E+11 5.367727823758085E+13 3.861570068359375E+00
 8.927659912109375E+02 5.313740234375000E+03 1.200000032707707E+11 1.076838644271032E+14 3.600350097656250E+00
 8.165739746093750E+02 5.030490234375000E+03 8.079999996893594E+10 2.107573982161741E+14 3.380260009765625E+00
 7.540629882812500E+02 4.793379882812500E+03 6.800000099444328E+10 3.765093119641736E+14 3.226139892578125E+00
 7.076389770507812E+02 4.611209960937500E+03 7.590000062994843E+10 5.894621222744262E+14 3.089449951171875E+00
 6.711909790039062E+02 4.479430175781250E+03 9.650000381136078E+10 8.485181230998929E+14 2.973360107421875E+00
 6.383499755859375E+02 4.368140136718750E+03 1.240000008028160E+11 1.185510403587682E+15 2.872600097656250E+00
 6.046439819335938E+02 4.284629882812500E+03 1.589999985355653E+11 1.679473103933969E+15 2.783639892578125E+00
 5.651740112304688E+02 4.251229980468750E+03 2.160000041694004E+11 2.491767236455190E+15 2.688189941406250E+00
 5.159500122070312E+02 4.280419921875000E+03 3.289999924317390E+11 4.017563038671780E+15 2.589939941406250E+00
 4.629119873046875E+02 4.366819824218750E+03 5.370000015370486E+11 6.542261302051336E+15 2.486649902343750E+00
 4.086090087890625E+02 4.485589843750000E+03 8.929999794575771E+11 1.063666299158180E+16 2.439699951171875E+00
 3.536470031738281E+02 4.628220214843750E+03 1.490000021284717E+12 1.712403883679436E+16 2.495000000000000E+00
 2.962830047607422E+02 4.791759765625000E+03 2.520000111635858E+12 2.755213968776726E+16 2.588770019531250E+00
 2.371179962158203E+02 4.978109863281250E+03 4.289999977343616E+12 4.412733137154083E+16 2.803629882812500E+00
 1.831630020141602E+02 5.236729980468750E+03 7.249999903403804E+12 6.597146017353414E+16 3.021620117187500E+00
 1.354830017089844E+02 5.566509765625000E+03 1.290000038167262E+13 8.968166608247242E+16 3.215840087890625E+00
 9.073699951171875E+01 6.083299804687500E+03 3.319999989130095E+13 1.130625654298505E+17 3.402020019531250E+00
 5.120300006866455E+01 6.888109863281250E+03 1.459999972964686E+14 1.295279923794190E+17 3.572899902343750E+00
 2.333100128173828E+01 7.849899902343750E+03 6.309999771095779E+14 1.317233760479242E+17 3.649489990234375E+00
 0.000000000000000E+00 8.721040039062500E+03 1.829999990935122E+15 1.306256842136716E+17 3.702020019531250E+00
