 1.758831047058105E+03 9.003386718750000E+04 8.060000052183042E+09 5.148188728061762E-01 1.073073046875000E+01
 1.758376945495605E+03 3.781017187500000E+04 1.930000033277543E+10 1.163556514231443E+01 9.326730468750000E+00
 1.757728996276855E+03 3.069474023437500E+04 2.380000077755188E+10 3.260153629497534E+01 9.013040039062501E+00
 1.757055046081543E+03 2.344914062500000E+04 3.039999971190375E+10 1.712403926604765E+02 8.644429687500001E+00
 1.756484001159668E+03 1.849646093750000E+04 3.799999802926695E+10 1.394072427428238E+03 8.322070312499999E+00
 1.756166007995605E+03 1.663426953125000E+04 4.219999930338509E+10 4.851810844370293E+03 8.170680175781250E+00
 1.755818962097168E+03 1.538288964843750E+04 4.569999821766656E+10 1.350164662539360E+04 8.051299804687501E+00
 1.755301017761230E+03 1.458658984375000E+04 4.819999989642036E+10 2.821075671497889E+04 7.949879882812501E+00
 1.754414054870605E+03 1.397984960937500E+04 5.039999810954855E+10 5.192096717758541E+04 7.845240234375000E+00
 1.752923942565918E+03 1.349021972656250E+04 5.240000117053851E+10 8.825466278559071E+04 7.746080078125000E+00
 1.749843009948730E+03 1.353287011718750E+04 5.250000089409127E+10 8.529088535372539E+04 7.715810058593751E+00
 1.743354972839355E+03 1.342008984375000E+04 5.370000187169179E+10 9.934137911048245E+04 7.650490234375000E+00
 1.732209953308105E+03 1.304113964843750E+04 5.659999814968935E+10 1.613611397997765E+05 7.551580078125000E+00
 1.714279045104980E+03 1.234098046875000E+04 6.219999984851355E+10 4.193194286734157E+05 7.417259765625000E+00
 1.687828971862793E+03 1.108876953125000E+04 7.239999742069966E+10 2.941822224740325E+06 7.167970214843750E+00
 1.652772941589355E+03 9.517370117187500E+03 9.090000211253659E+10 6.388583740194957E+07 6.741990234375000E+00
 1.614791007995605E+03 8.256889648437500E+03 1.180000002097808E+11 1.668496206200874E+09 6.208089843750000E+00
 1.574285026550293E+03 7.353240234375000E+03 1.409999967564595E+11 2.985729919829049E+10 5.687680175781250E+00
 1.535586051940918E+03 6.843850097656250E+03 1.309999986313790E+11 1.405049357397564E+11 5.251279785156250E+00
 1.492547966003418E+03 6.508080078125000E+03 1.050000017881825E+11 3.216245714372953E+11 4.897069824218750E+00
 1.430545036315918E+03 6.230520019531250E+03 8.329999735272244E+10 6.355653097723196E+11 4.558890136718750E+00
 1.343850944519043E+03 5.991229980468750E+03 7.029999893112424E+10 1.317233769024293E+12 4.212930175781250E+00
 1.235645011901855E+03 5.785729980468750E+03 6.539999959213671E+10 3.018660852688447E+12 3.845649902343750E+00
 1.119973014831543E+03 5.616160156250000E+03 6.650000084618446E+10 7.299670866032949E+12 3.444760009765625E+00
 1.013325981140137E+03 5.439700195312500E+03 6.379999972032513E+10 1.690449980951272E+13 3.044270019531250E+00
 9.222169723510742E+02 5.267879882812500E+03 5.809999829794817E+10 3.545554179258930E+13 2.661550048828125E+00
 8.446130294799805E+02 5.088009765625000E+03 4.940000087402087E+10 6.849615538579915E+13 2.292590087890625E+00
 7.780070114135742E+02 4.883299804687500E+03 3.949999817752576E+10 1.251372148462791E+14 1.969290039062500E+00
 7.229139938354492E+02 4.647589843750000E+03 3.359999945552692E+10 2.118551042632134E+14 1.657780029296875E+00
 6.816039962768555E+02 4.397330078125000E+03 3.789999830571418E+10 3.282107479765842E+14 1.404410034179687E+00
 6.528950119018555E+02 4.115430175781250E+03 4.500000015279719E+10 4.654226134751865E+14 1.146390014648438E+00
 6.319440231323242E+02 3.796379882812500E+03 4.049999970802074E+10 6.289791537508105E+14 9.290100097656250E-01
 6.127549972534180E+02 3.530969970703125E+03 2.870000011653940E+10 8.331503929281550E+14 7.767800292968751E-01
 5.922790145874023E+02 3.328179931640625E+03 1.990000082157568E+10 1.130625641939560E+15 6.417700195312500E-01
 5.691209945678711E+02 3.184399902343750E+03 1.670000000421069E+10 1.558726674654144E+15 5.271099853515625E-01
 5.434949874877930E+02 3.077409912109375E+03 1.709999997216359E+10 2.206366599474404E+15 4.275799865722656E-01
 5.148659896850586E+02 3.050590087890625E+03 2.179999986404557E+10 3.172338188199817E+15 3.397200012207031E-01
 4.815030136108398E+02 3.148820068359375E+03 3.700000079373927E+10 4.873765104100947E+15 2.454299926757812E-01
 4.422900009155273E+02 3.349050048828125E+03 8.060000052183041E+10 7.837541151691855E+15 1.483899993896484E-01
 4.018879928588867E+02 3.473040039062500E+03 1.499999976460125E+11 1.240395134338442E+16 4.638000106811523E-02
 3.587679977416992E+02 3.469770019531250E+03 2.119999980474204E+11 2.041712422670806E+16 0.000000000000000E+00
 3.130689926147461E+02 3.460800048828125E+03 3.070000017105224E+11 3.391877111202855E+16 5.461999893188477E-02
 2.663859939575195E+02 3.477479980468750E+03 4.749999839557715E+11 5.620197615336508E+16 1.472400054931641E-01
 2.203919982910156E+02 3.548179931640625E+03 7.999999874453997E+11 9.231613834926578E+16 3.594599914550781E-01
 1.817959976196289E+02 3.715149902343750E+03 1.479999963030094E+12 1.427003240519178E+17 5.747700195312501E-01
 1.511700019836426E+02 3.965820068359375E+03 2.999999884200772E+12 1.997804675147034E+17 7.666099853515626E-01
 1.236930007934570E+02 4.399759765625000E+03 7.879999725154338E+12 2.667398473729180E+17 9.505000000000000E-01
 8.998299980163574E+01 5.101979980468750E+03 2.219999958289036E+13 3.095499475546402E+17 1.119280029296875E+00
 4.370299911499023E+01 5.960080078125000E+03 5.930000020326162E+13 3.765093076385428E+17 1.194930053710938E+00
 0.000000000000000E+00 6.729879882812500E+03 2.159999916624556E+14 4.445663991053220E+17 1.246819946289063E+00
