   1.790000E+03   9.003387E+04   8.060000E+09   5.148189E-01   1.073073E+01
   1.783094E+03   4.247054E+04   1.720000E+10   6.970362E+00   9.504280E+00
   1.782871E+03   4.024385E+04   1.810000E+10   8.792536E+00   9.420030E+00
   1.782640E+03   3.781017E+04   1.930000E+10   1.163557E+01   9.326730E+00
   1.782428E+03   3.555956E+04   2.050000E+10   1.547750E+01   9.230050E+00
   1.782213E+03   3.312951E+04   2.200000E+10   2.195390E+01   9.124550E+00
   1.781992E+03   3.069474E+04   2.380000E+10   3.260154E+01   9.013040E+00
   1.781772E+03   2.821087E+04   2.580000E+10   5.203073E+01   8.895870E+00
   1.781553E+03   2.578138E+04   2.820000E+10   9.001098E+01   8.774910E+00
   1.781318E+03   2.344914E+04   3.040000E+10   1.712404E+02   8.644430E+00
   1.781082E+03   2.116893E+04   3.320000E+10   3.819978E+02   8.508130E+00
   1.780860E+03   1.930470E+04   3.640000E+10   8.935236E+02   8.381800E+00
   1.780747E+03   1.849646E+04   3.800000E+10   1.394072E+03   8.322070E+00
   1.780639E+03   1.772790E+04   3.960000E+10   2.239297E+03   8.263680E+00
   1.780534E+03   1.718458E+04   4.090000E+10   3.238200E+03   8.217620E+00
   1.780429E+03   1.663427E+04   4.220000E+10   4.851811E+03   8.170680E+00
   1.780321E+03   1.611351E+04   4.360000E+10   7.321625E+03   8.124920E+00
   1.780208E+03   1.572535E+04   4.470000E+10   1.007684E+04   8.087060E+00
   1.780082E+03   1.538289E+04   4.570000E+10   1.350165E+04   8.051300E+00
   1.779934E+03   1.510557E+04   4.650000E+10   1.734358E+04   8.018470E+00
   1.779764E+03   1.477981E+04   4.760000E+10   2.338090E+04   7.979800E+00
   1.779564E+03   1.458659E+04   4.820000E+10   2.821076E+04   7.949880E+00
   1.779324E+03   1.434417E+04   4.900000E+10   3.578485E+04   7.912540E+00
   1.779032E+03   1.418071E+04   4.960000E+10   4.215148E+04   7.882370E+00
   1.778677E+03   1.397985E+04   5.040000E+10   5.192097E+04   7.845240E+00
   1.778255E+03   1.372443E+04   5.140000E+10   6.805708E+04   7.798720E+00
   1.777771E+03   1.347120E+04   5.240000E+10   8.990121E+04   7.751790E+00
   1.777187E+03   1.349022E+04   5.240000E+10   8.825466E+04   7.746080E+00
   1.776425E+03   1.350914E+04   5.240000E+10   8.671789E+04   7.738620E+00
   1.775419E+03   1.352505E+04   5.240000E+10   8.562019E+04   7.728750E+00
   1.774106E+03   1.353287E+04   5.250000E+10   8.529089E+04   7.715810E+00
   1.772417E+03   1.352470E+04   5.280000E+10   8.671789E+04   7.699050E+00
   1.770279E+03   1.349102E+04   5.310000E+10   9.077936E+04   7.677610E+00
   1.767618E+03   1.342009E+04   5.370000E+10   9.934138E+04   7.650490E+00
   1.764461E+03   1.330356E+04   5.460000E+10   1.152580E+05   7.617620E+00
   1.760793E+03   1.315697E+04   5.560000E+10   1.383095E+05   7.581740E+00
   1.756473E+03   1.304114E+04   5.660000E+10   1.613611E+05   7.551580E+00
   1.751355E+03   1.287097E+04   5.800000E+10   2.019759E+05   7.515120E+00
   1.745388E+03   1.263823E+04   5.980000E+10   2.766191E+05   7.471470E+00
   1.738542E+03   1.234098E+04   6.220000E+10   4.193194E+05   7.417260E+00
   1.730770E+03   1.198158E+04   6.510000E+10   7.080132E+05   7.348810E+00
   1.721986E+03   1.155008E+04   6.860000E+10   1.372119E+06   7.265800E+00
   1.712092E+03   1.108877E+04   7.240000E+10   2.941822E+06   7.167970E+00
   1.701118E+03   1.054920E+04   7.720000E+10   7.672887E+06   7.047460E+00
   1.689334E+03   9.993090E+03   8.370000E+10   2.272228E+07   6.906170E+00
   1.677036E+03   9.517370E+03   9.090000E+10   6.388584E+07   6.741990E+00
   1.664579E+03   9.059580E+03   9.920000E+10   1.888035E+08   6.558970E+00
   1.652019E+03   8.618520E+03   1.080000E+11   5.949506E+08   6.359780E+00
   1.639054E+03   8.256890E+03   1.180000E+11   1.668496E+09   6.208090E+00
   1.625787E+03   7.885750E+03   1.280000E+11   5.181120E+09   6.034670E+00
   1.612346E+03   7.597730E+03   1.360000E+11   1.317234E+10   5.858810E+00
   1.598548E+03   7.353240E+03   1.410000E+11   2.985730E+10   5.687680E+00
   1.584047E+03   7.130270E+03   1.410000E+11   6.103183E+10   5.511940E+00
   1.571512E+03   6.969840E+03   1.370000E+11   9.879253E+10   5.371430E+00
   1.559849E+03   6.843850E+03   1.310000E+11   1.405049E+11   5.251280E+00
   1.547085E+03   6.723040E+03   1.230000E+11   1.920966E+11   5.128890E+00
   1.532864E+03   6.609250E+03   1.130000E+11   2.524698E+11   5.007700E+00
   1.516811E+03   6.508080E+03   1.050000E+11   3.216246E+11   4.897070E+00
   1.498620E+03   6.409670E+03   9.690000E+10   4.061471E+11   4.783830E+00
   1.478072E+03   6.315210E+03   8.920000E+10   5.082327E+11   4.669850E+00
   1.454808E+03   6.230520E+03   8.330000E+10   6.355653E+11   4.558890E+00
   1.428702E+03   6.147490E+03   7.810000E+10   8.002195E+11   4.445660E+00
   1.399781E+03   6.066650E+03   7.360000E+10   1.018661E+12   4.330940E+00
   1.368114E+03   5.991230E+03   7.030000E+10   1.317234E+12   4.212930E+00
   1.333944E+03   5.919870E+03   6.800000E+10   1.712404E+12   4.092370E+00
   1.297705E+03   5.850780E+03   6.630000E+10   2.261251E+12   3.970740E+00
   1.259908E+03   5.785730E+03   6.540000E+10   3.018661E+12   3.845650E+00
   1.221238E+03   5.727290E+03   6.560000E+10   4.050494E+12   3.713290E+00
   1.182444E+03   5.671170E+03   6.610000E+10   5.444566E+12   3.579520E+00
   1.144236E+03   5.616160E+03   6.650000E+10   7.299671E+12   3.444760E+00
   1.107141E+03   5.557930E+03   6.610000E+10   9.736553E+12   3.310910E+00
   1.071513E+03   5.498760E+03   6.520000E+10   1.284303E+13   3.177500E+00
   1.037589E+03   5.439700E+03   6.380000E+10   1.690450E+13   3.044270E+00
   1.005505E+03   5.380980E+03   6.200000E+10   2.184413E+13   2.912100E+00
   9.751740E+02   5.324730E+03   6.020000E+10   2.799122E+13   2.787330E+00
   9.464800E+02   5.267880E+03   5.810000E+10   3.545554E+13   2.661550E+00
   9.192850E+02   5.210440E+03   5.560000E+10   4.445664E+13   2.535030E+00
   8.934310E+02   5.152390E+03   5.300000E+10   5.543359E+13   2.407880E+00
   8.688760E+02   5.088010E+03   4.940000E+10   6.849616E+13   2.292590E+00
   8.455670E+02   5.020230E+03   4.570000E+10   8.419319E+13   2.184470E+00
   8.233740E+02   4.952420E+03   4.240000E+10   1.027442E+14   2.076560E+00
   8.022700E+02   4.883300E+03   3.950000E+10   1.251372E+14   1.969290E+00
   7.824590E+02   4.803750E+03   3.630000E+10   1.503842E+14   1.864350E+00
   7.640900E+02   4.725260E+03   3.440000E+10   1.800220E+14   1.760580E+00
   7.471770E+02   4.647590E+03   3.360000E+10   2.118551E+14   1.657780E+00
   7.318660E+02   4.565200E+03   3.390000E+10   2.480790E+14   1.570260E+00
   7.181040E+02   4.481920E+03   3.550000E+10   2.875960E+14   1.488050E+00
   7.058670E+02   4.397330E+03   3.790000E+10   3.282107E+14   1.404410E+00
   6.951040E+02   4.309750E+03   4.080000E+10   3.721185E+14   1.317640E+00
   6.855440E+02   4.222720E+03   4.350000E+10   4.171240E+14   1.231090E+00
   6.771580E+02   4.115430E+03   4.500000E+10   4.654226E+14   1.146390E+00
   6.697510E+02   4.006550E+03   4.500000E+10   5.159166E+14   1.063500E+00
   6.629060E+02   3.899490E+03   4.340000E+10   5.686059E+14   9.838400E-01
   6.562070E+02   3.796380E+03   4.050000E+10   6.289792E+14   9.290100E-01
   6.497290E+02   3.697610E+03   3.660000E+10   6.937431E+14   8.763100E-01
   6.434060E+02   3.605730E+03   3.230000E+10   7.574094E+14   8.263400E-01
   6.370180E+02   3.530970E+03   2.870000E+10   8.331504E+14   7.767800E-01
   6.304230E+02   3.460140E+03   2.540000E+10   9.187705E+14   7.298300E-01
   6.236010E+02   3.392720E+03   2.240000E+10   1.015368E+15   6.849800E-01
   6.165420E+02   3.328180E+03   1.990000E+10   1.130626E+15   6.417700E-01
   6.091720E+02   3.277410E+03   1.850000E+10   1.251372E+15   6.025700E-01
   6.014370E+02   3.230100E+03   1.750000E+10   1.394072E+15   5.645800E-01
   5.933840E+02   3.184400E+03   1.670000E+10   1.558727E+15   5.271100E-01
   5.850910E+02   3.140520E+03   1.640000E+10   1.745335E+15   4.899900E-01
   5.765880E+02   3.102620E+03   1.640000E+10   1.964874E+15   4.558200E-01
   5.677580E+02   3.077410E+03   1.710000E+10   2.206367E+15   4.275800E-01
   5.585630E+02   3.058000E+03   1.810000E+10   2.480790E+15   3.985100E-01
   5.490630E+02   3.045240E+03   1.950000E+10   2.788145E+15   3.686900E-01
   5.391290E+02   3.050590E+03   2.180000E+10   3.172338E+15   3.397200E-01
   5.286270E+02   3.069910E+03   2.530000E+10   3.633370E+15   3.100100E-01
   5.175210E+02   3.098080E+03   2.980000E+10   4.182217E+15   2.782900E-01
   5.057660E+02   3.148820E+03   3.700000E+10   4.873765E+15   2.454300E-01
   4.933070E+02   3.209770E+03   4.710000E+10   5.697036E+15   2.099700E-01
   4.801190E+02   3.279430E+03   6.140000E+10   6.684961E+15   1.775500E-01
   4.665530E+02   3.349050E+03   8.060000E+10   7.837541E+15   1.483900E-01
   4.531120E+02   3.408040E+03   1.030000E+11   9.143798E+15   1.174000E-01
   4.397290E+02   3.454560E+03   1.280000E+11   1.064764E+16   8.196000E-02
   4.261510E+02   3.473040E+03   1.500000E+11   1.240395E+16   4.638000E-02
   4.121740E+02   3.474660E+03   1.680000E+11   1.459934E+16   2.289000E-02
   3.977810E+02   3.473890E+03   1.890000E+11   1.723381E+16   1.146000E-02
   3.830310E+02   3.469770E+03   2.120000E+11   2.041712E+16   0.000000E+00
   3.679960E+02   3.466790E+03   2.390000E+11   2.414929E+16   1.388000E-02
   3.527460E+02   3.463480E+03   2.710000E+11   2.864983E+16   3.419000E-02
   3.373320E+02   3.460800E+03   3.070000E+11   3.391877E+16   5.462000E-02
   3.218180E+02   3.462940E+03   3.530000E+11   4.017563E+16   7.555000E-02
   3.062440E+02   3.467170E+03   4.070000E+11   4.753018E+16   9.651000E-02
   2.906490E+02   3.477480E+03   4.750000E+11   5.620198E+16   1.472400E-01
   2.750900E+02   3.494110E+03   5.600000E+11   6.641054E+16   2.189100E-01
   2.596750E+02   3.514770E+03   6.630000E+11   7.826564E+16   2.901400E-01
   2.446550E+02   3.548180E+03   8.000000E+11   9.231614E+16   3.594600E-01
   2.305010E+02   3.594120E+03   9.770000E+11   1.081229E+17   4.360600E-01
   2.177010E+02   3.650520E+03   1.200000E+12   1.251372E+17   5.082600E-01
   2.060590E+02   3.715150E+03   1.480000E+12   1.427003E+17   5.747700E-01
   1.952970E+02   3.790900E+03   1.860000E+12   1.613611E+17   6.423200E-01
   1.851650E+02   3.874630E+03   2.350000E+12   1.800220E+17   7.059300E-01
   1.754330E+02   3.965820E+03   3.000000E+12   1.997805E+17   7.666100E-01
   1.659760E+02   4.081330E+03   3.990000E+12   2.184413E+17   8.326800E-01
   1.570130E+02   4.218790E+03   5.460000E+12   2.557629E+17   8.934600E-01
   1.479560E+02   4.399760E+03   7.880000E+12   2.667398E+17   9.505000E-01
   1.379510E+02   4.601020E+03   1.130000E+13   2.799122E+17   1.007770E+00
   1.267620E+02   4.836790E+03   1.610000E+13   2.941822E+17   1.068600E+00
   1.142460E+02   5.101980E+03   2.220000E+13   3.095499E+17   1.119280E+00
   9.999199E+01   5.400190E+03   3.000000E+13   3.249177E+17   1.152130E+00
   8.421399E+01   5.690010E+03   4.110000E+13   3.501647E+17   1.175540E+00
   6.796599E+01   5.960080E+03   5.930000E+13   3.765093E+17   1.194930E+00
   5.224599E+01   6.221210E+03   9.000000E+13   4.017563E+17   1.212060E+00
   3.764999E+01   6.478160E+03   1.400000E+14   4.237102E+17   1.229560E+00
   2.426299E+01   6.729880E+03   2.160000E+14   4.445664E+17   1.246820E+00
   1.184899E+01   6.977810E+03   3.290000E+14   4.621295E+17   1.260880E+00
   0.000000E+00   7.197350E+03   4.730000E+14   4.796927E+17   1.272300E+00
