      200.000      0.00000
      250.000      0.00000
      303.000      0.00000
      350.000      0.00000
      400.000     0.242487
      450.000     0.262246
      500.000     0.272504
      550.000     0.276037
      600.000     0.276420
      650.000     0.273934
      700.000     0.270931
      750.000     0.268693
      800.000     0.268517
      810.000     0.268804
      820.000     0.269278
      830.000     0.269752
      840.000     0.270479
      850.000     0.271486
      860.000     0.272492
      870.000     0.273685
      880.000     0.275317
      890.000     0.276950
      900.000     0.278582
      920.000     0.283425
      930.000     0.285903
      940.000     0.288545
      950.000     0.292092
      960.000     0.295639
      970.000     0.299185
      980.000     0.302904
      990.000     0.307865
      1000.00     0.312827
      1020.00     0.322749
      1030.00     0.329005
      1040.00     0.335745
      1050.00     0.342486
      1060.00     0.349226
      1070.00     0.355966
      1080.00     0.364851
      1090.00     0.373921
      1110.00     0.392061
      1120.00     0.401131
      1130.00     0.412146
      1140.00     0.424257
      1150.00     0.436369
      1160.00     0.448480
      1170.00     0.460592
      1180.00     0.472703
      1190.00     0.486575
      1210.00     0.516697
      1220.00     0.532723
      1230.00     0.549610
      2095.51       0.5789
      2100.00      0.00000
      2110.00      0.00000
      2120.00      0.00000
      2130.00      0.00000
      2140.00      0.00000
      2150.00      0.00000
      2160.00      0.00000
      2170.00      0.00000
      2180.00      0.00000
      2200.00      0.00000
      2210.00      0.00000
      2220.00      0.00000
      2230.00      0.00000
      2240.00      0.00000
      2280.00      0.00000
      2290.00      0.00000
      2310.00      0.00000
      2320.00      0.00000
      2330.00      0.00000
      2340.00      0.00000
      2350.00      0.00000
      2360.00      0.00000
      2370.00      0.00000
      2380.00      0.00000
      2390.00      0.00000
      2400.00      0.00000
      2420.00      0.00000
      2430.00      0.00000
      2440.00      0.00000
      2450.00      0.00000
      2460.00      0.00000
      2470.00      0.00000
      2480.00      0.00000
      2490.00      0.00000
      2500.00      0.00000
      2530.00      0.00000
      2540.00      0.00000
      2550.00      0.00000
      2560.00      0.00000
      2570.00      0.00000
      2580.00      0.00000
      2590.00      0.00000
      2610.00      0.00000
      2620.00      0.00000
      2630.00      0.00000
      2640.00      0.00000
      2650.00      0.00000
      2660.00      0.00000
      2670.00      0.00000
      2680.00      0.00000
      2690.00      0.00000
      2700.00      0.00000
      2710.00      0.00000
      2720.00      0.00000
      2730.00      0.00000
      2740.00      0.00000
      2750.00      0.00000
      2760.00      0.00000
      2770.00      0.00000
      2780.00      0.00000
      2790.00      0.00000
      2800.00      0.00000
      2810.00      0.00000
      2820.00      0.00000
      2830.00      0.00000
      2840.00      0.00000
      2850.00      0.00000
      2880.00      0.00000
      2890.00      0.00000
      2900.00      0.00000
      2910.00      0.00000
      2950.00      0.00000
      2960.00      0.00000
      2970.00      0.00000
      2980.00      0.00000
      2990.00      0.00000
      3000.00      0.00000
      3010.00      0.00000
      3020.00      0.00000
      3030.00      0.00000
      3040.00      0.00000
      3050.00      0.00000
      3060.00      0.00000
      3070.00      0.00000
      3080.00      0.00000
      3090.00      0.00000
      3140.00      0.00000
      3150.00      0.00000
      3160.00      0.00000
      3170.00      0.00000
      3180.00      0.00000
      3190.00      0.00000
      3200.00      0.00000
      3210.00      0.00000
      3220.00      0.00000
      3230.00      0.00000
      3240.00      0.00000
      3250.00      0.00000
      3260.00      0.00000
      3270.00      0.00000
      3280.00      0.00000
      3290.00      0.00000
      3300.00      0.00000
      3310.00      0.00000
      3320.00      0.00000
      3330.00      0.00000
      3340.00      0.00000
      3350.00      0.00000
      3360.00      0.00000
      3370.00      0.00000
      3380.00      0.00000
      3450.00      0.00000
      3460.00      0.00000
      3470.00      0.00000
      3480.00      0.00000
      3490.00      0.00000
      3500.00      0.00000
      3510.00      0.00000
      3520.00      0.00000
      3530.00      0.00000
      3540.00      0.00000
      3550.00      0.00000
      3560.00      0.00000
      3570.00      0.00000
      3580.00      0.00000
      3590.00      0.00000
      3600.00      0.00000
      3610.00      0.00000
      3620.00      0.00000
      3630.00      0.00000
      3660.00      0.00000
      3670.00      0.00000
      3690.00      0.00000
      3700.00      0.00000
      3710.00      0.00000
      3720.00      0.00000
      3730.00      0.00000
      3740.00      0.00000
      3770.00      0.00000
      3780.00      0.00000
      3790.00      0.00000
      3800.00      0.00000
      3810.00      0.00000
      3820.00      0.00000
      3830.00      0.00000
      3840.00      0.00000
      3860.00      0.00000
      3870.00      0.00000
      3890.00      0.00000
      3900.00      0.00000
      3910.00      0.00000
      3920.00      0.00000
      3930.00      0.00000
      3940.00      0.00000
      3950.00      0.00000
      3960.00      0.00000
      3970.00      0.00000
      3980.00      0.00000
      3990.00      0.00000
      4000.00      0.00000
      4010.00      0.00000
      4020.00      0.00000
      4030.00      0.00000
      4050.00      0.00000
      4110.00      0.00000
      4120.00      0.00000
      4130.00      0.00000
      4140.00      0.00000
      4150.00      0.00000
      4160.00      0.00000
      4170.00      0.00000
      4180.00      0.00000
      4190.00      0.00000
      4200.00      0.00000
      4210.00      0.00000
      4220.00      0.00000
      4230.00      0.00000
      4240.00      0.00000
      4250.00      0.00000
      4260.00      0.00000
      4270.00      0.00000
      4280.00      0.00000
      4290.00      0.00000
      4300.00      0.00000
      4310.00      0.00000
      4320.00      0.00000
      4330.00      0.00000
      4340.00      0.00000
      4350.00      0.00000
      4360.00      0.00000
      4370.00      0.00000
      4380.00      0.00000
      4390.00      0.00000
      4400.00      0.00000
      4410.00      0.00000
      4420.00      0.00000
      4430.00      0.00000
      4440.00      0.00000
      4450.00      0.00000
      4460.00      0.00000
      4470.00      0.00000
      4480.00      0.00000
      4490.00      0.00000
      4500.00      0.00000
      4510.00      0.00000
      4520.00      0.00000
      4530.00      0.00000
      4540.00      0.00000
      4560.00      0.00000
      4570.00      0.00000
      4580.00      0.00000
      4590.00      0.00000
      4600.00      0.00000
      4610.00      0.00000
      4620.00      0.00000
      4630.00      0.00000
      4640.00      0.00000
      4650.00      0.00000
      4660.00      0.00000
      4670.00      0.00000
      4680.00      0.00000
      4690.00      0.00000
      4700.00      0.00000
      4710.00      0.00000
      4720.00      0.00000
      4730.00      0.00000
      4740.00      0.00000
      4750.00      0.00000
      4760.00      0.00000
      4770.00      0.00000
      4780.00      0.00000
      4790.00      0.00000
      4800.00      0.00000
      4810.00      0.00000
      4820.00      0.00000
      4830.00      0.00000
      4840.00      0.00000
      4850.00      0.00000
      4860.00      0.00000
      4870.00      0.00000
      4880.00      0.00000
      4890.00      0.00000
      4900.00      0.00000
      4910.00      0.00000
      4920.00      0.00000
      4930.00      0.00000
      4940.00      0.00000
      4950.00      0.00000
      4960.00      0.00000
      4970.00      0.00000
      4980.00      0.00000
      4990.00      0.00000
      5000.00      0.00000
      5010.00      0.00000
      5020.00      0.00000
      5030.00      0.00000
      5040.00      0.00000
      5050.00      0.00000
      5060.00      0.00000
      5070.00      0.00000
      5080.00      0.00000
      5090.00      0.00000
      5100.00      0.00000
      5110.00      0.00000
      5120.00      0.00000
      5130.00      0.00000
      5140.00      0.00000
      5150.00      0.00000
      5160.00      0.00000
      5170.00      0.00000
      5180.00      0.00000
      5190.00      0.00000
      5200.00      0.00000
      5210.00      0.00000
      5220.00      0.00000
      5230.00      0.00000
      5240.00      0.00000
      5250.00      0.00000
      5260.00      0.00000
      5270.00      0.00000
      5280.00      0.00000
      5290.00      0.00000
      5300.00      0.00000
      5310.00      0.00000
      5320.00      0.00000
      5330.00      0.00000
      5340.00      0.00000
      5350.00      0.00000
      5360.00      0.00000
      5370.00      0.00000
      5380.00      0.00000
      5390.00      0.00000
      5400.00      0.00000
      5410.00      0.00000
      5420.00      0.00000
      5430.00      0.00000
      5440.00      0.00000
      5450.00      0.00000
      5460.00      0.00000
      5470.00      0.00000
      5480.00      0.00000
      5490.00      0.00000
      5500.00      0.00000
      5510.00      0.00000
      5520.00      0.00000
      5530.00      0.00000
      5540.00      0.00000
      5550.00      0.00000
      5560.00      0.00000
      5570.00      0.00000
      5580.00      0.00000
      5590.00      0.00000
      5600.00      0.00000
      5610.00      0.00000
      5620.00      0.00000
      5630.00      0.00000
      5640.00      0.00000
      5650.00      0.00000
      5660.00      0.00000
      5670.00      0.00000
      5680.00      0.00000
      5690.00      0.00000
      5700.00      0.00000
      5710.00      0.00000
      5720.00      0.00000
      5730.00      0.00000
      5740.00      0.00000
      5750.00      0.00000
      5760.00      0.00000
      5770.00      0.00000
      5780.00      0.00000
      5790.00      0.00000
      5800.00      0.00000
      5810.00      0.00000
      5820.00      0.00000
      5830.00      0.00000
      5840.00      0.00000
      5850.00      0.00000
      5860.00      0.00000
      5870.00      0.00000
      5880.00      0.00000
      5890.00      0.00000
      5900.00      0.00000
      5910.00      0.00000
      5920.00      0.00000
      5930.00      0.00000
      5940.00      0.00000
      5950.00      0.00000
      5960.00      0.00000
      5970.00      0.00000
      5980.00      0.00000
      5990.00      0.00000
      6000.00      0.00000
      6010.00      0.00000
      6020.00      0.00000
      6030.00      0.00000
      6040.00      0.00000
      6050.00      0.00000
      6060.00      0.00000
      6070.00      0.00000
      6080.00      0.00000
      6090.00      0.00000
      6100.00      0.00000
      6110.00      0.00000
      6120.00      0.00000
      6130.00      0.00000
      6140.00      0.00000
      6150.00      0.00000
      6160.00      0.00000
      6170.00      0.00000
      6180.00      0.00000
      6190.00      0.00000
      6200.00      0.00000
      6210.00      0.00000
      6220.00      0.00000
      6230.00      0.00000
      6240.00      0.00000
      6250.00      0.00000
      6260.00      0.00000
      6270.00      0.00000
      6280.00      0.00000
      6290.00      0.00000
      6300.00      0.00000
      6310.00      0.00000
      6320.00      0.00000
      6330.00      0.00000
      6340.00      0.00000
      6350.00      0.00000
      6380.00      0.00000
      6390.00      0.00000
      6400.00      0.00000
      6410.00      0.00000
      6420.00      0.00000
      6430.00      0.00000
      6440.00      0.00000
      6450.00      0.00000
      6460.00      0.00000
      6470.00      0.00000
      6480.00      0.00000
      6490.00      0.00000
      6500.00      0.00000
      6510.00      0.00000
      6520.00      0.00000
      6530.00      0.00000
      6540.00      0.00000
      6550.00      0.00000
      6560.00      0.00000
      6570.00      0.00000
      6580.00      0.00000
      6590.00      0.00000
      6600.00      0.00000
      6610.00      0.00000
      6620.00      0.00000
      6630.00      0.00000
      6640.00      0.00000
      6650.00      0.00000
      6660.00      0.00000
      6670.00      0.00000
      6680.00      0.00000
      6690.00      0.00000
      6700.00      0.00000
      6710.00      0.00000
      6720.00      0.00000
      6730.00      0.00000
      6740.00      0.00000
      6750.00      0.00000
      6760.00      0.00000
      6770.00      0.00000
      6780.00      0.00000
      6790.00      0.00000
      6800.00      0.00000
      6810.00      0.00000
      6820.00      0.00000
      6830.00      0.00000
      6840.00      0.00000
      6850.00      0.00000
      6860.00      0.00000
      6870.00      0.00000
      6880.00      0.00000
      6890.00      0.00000
      6900.00      0.00000
      6910.00      0.00000
      6920.00      0.00000
      6930.00      0.00000
      6940.00      0.00000
      6950.00      0.00000
      6960.00      0.00000
      6970.00      0.00000
      6980.00      0.00000
      6990.00      0.00000
      7000.00      0.00000
      7010.00      0.00000
      7020.00      0.00000
      7030.00      0.00000
      7040.00      0.00000
      7050.00      0.00000
      7060.00      0.00000
      7070.00      0.00000
      7080.00      0.00000
      7090.00      0.00000
      7100.00      0.00000
      7110.00      0.00000
      7120.00      0.00000
      7130.00      0.00000
      7140.00      0.00000
      7170.00      0.00000
      7180.00      0.00000
      7190.00      0.00000
      7200.00      0.00000
      7210.00      0.00000
      7220.00      0.00000
      7230.00      0.00000
      7240.00      0.00000
      7250.00      0.00000
      7260.00      0.00000
      7270.00      0.00000
      7280.00      0.00000
      7290.00      0.00000
      7300.00      0.00000
      7310.00      0.00000
      7320.00      0.00000
      7330.00      0.00000
      7340.00      0.00000
      7350.00      0.00000
      7360.00      0.00000
      7370.00      0.00000
      7380.00      0.00000
      7390.00      0.00000
      7400.00      0.00000
      7470.00      0.00000
      7480.00      0.00000
      7490.00      0.00000
      7500.00      0.00000
      7510.00      0.00000
      7520.00      0.00000
      7530.00      0.00000
      7540.00      0.00000
      7550.00      0.00000
      7560.00      0.00000
      7570.00      0.00000
      7580.00      0.00000
      7590.00      0.00000
      7600.00      0.00000
      7610.00      0.00000
      7620.00      0.00000
      7630.00      0.00000
      7640.00      0.00000
      7650.00      0.00000
      7660.00      0.00000
      7670.00      0.00000
      7680.00      0.00000
      7690.00      0.00000
      7700.00      0.00000
      7710.00      0.00000
      7720.00      0.00000
      7730.00      0.00000
      7740.00      0.00000
      7750.00      0.00000
      7760.00      0.00000
      7770.00      0.00000
      7780.00      0.00000
      7790.00      0.00000
      7800.00      0.00000
      7810.00      0.00000
      7820.00      0.00000
      7830.00      0.00000
      7840.00      0.00000
      7850.00      0.00000
      7860.00      0.00000
      7870.00      0.00000
      7880.00      0.00000
      7890.00      0.00000
      7900.00      0.00000
      7910.00      0.00000
      7920.00      0.00000
      7930.00      0.00000
      7940.00      0.00000
      7950.00      0.00000
      7960.00      0.00000
      7970.00      0.00000
      7980.00      0.00000
      7990.00      0.00000
      8000.00      0.00000
      8010.00      0.00000
      8020.00      0.00000
      8030.00      0.00000
      8040.00      0.00000
      8050.00      0.00000
      8060.00      0.00000
      8070.00      0.00000
      8080.00      0.00000
      8090.00      0.00000
      8100.00      0.00000
      8110.00      0.00000
      8120.00      0.00000
      8170.00      0.00000
      8290.00      0.00000
      8300.00      0.00000
      8310.00      0.00000
      8320.00      0.00000
      8330.00      0.00000
      8340.00      0.00000
      8350.00      0.00000
      8360.00      0.00000
      8370.00      0.00000
      8380.00      0.00000
      8390.00      0.00000
      8400.00      0.00000
      8410.00      0.00000
      8420.00      0.00000
      8430.00      0.00000
      8440.00      0.00000
      8450.00      0.00000
      8460.00      0.00000
      8470.00      0.00000
      8480.00      0.00000
      8490.00      0.00000
      8500.00      0.00000
      8510.00      0.00000
      8520.00      0.00000
      8530.00      0.00000
      8540.00      0.00000
      8550.00      0.00000
      8560.00      0.00000
      8570.00      0.00000
      8580.00      0.00000
      8590.00      0.00000
      8600.00      0.00000
      8610.00      0.00000
      8620.00      0.00000
      8630.00      0.00000
      8640.00      0.00000
      8650.00      0.00000
      8660.00      0.00000
      8670.00      0.00000
      8680.00      0.00000
      8690.00      0.00000
      8700.00      0.00000
      8710.00      0.00000
      8720.00      0.00000
      8730.00      0.00000
      8740.00      0.00000
      8750.00      0.00000
      8760.00      0.00000
      8770.00      0.00000
      8780.00      0.00000
      8790.00      0.00000
      8800.00      0.00000
      8810.00      0.00000
      8820.00      0.00000
      8830.00      0.00000
      8840.00      0.00000
      8850.00      0.00000
      8860.00      0.00000
      8870.00      0.00000
      8880.00      0.00000
      8890.00      0.00000
      8900.00      0.00000
      8910.00      0.00000
      8920.00      0.00000
      8960.00      0.00000
      8970.00      0.00000
      8980.00      0.00000
      8990.00      0.00000
      9000.00      0.00000
      9010.00      0.00000
      9020.00      0.00000
      9030.00      0.00000
      9040.00      0.00000
      9050.00      0.00000
      9060.00      0.00000
      9070.00      0.00000
      9080.00      0.00000
      9090.00      0.00000
      9100.00      0.00000
      9110.00      0.00000
      9120.00      0.00000
      9130.00      0.00000
      9140.00      0.00000
      9150.00      0.00000
      9160.00      0.00000
      9170.00      0.00000
      9180.00      0.00000
      9190.00      0.00000
      9200.00      0.00000
      9210.00      0.00000
      9220.00      0.00000
      9230.00      0.00000
      9240.00      0.00000
      9250.00      0.00000
      9260.00      0.00000
      9270.00      0.00000
      9280.00      0.00000
      9290.00      0.00000
      9300.00      0.00000
      9310.00      0.00000
      9320.00      0.00000
      9330.00      0.00000
      9340.00      0.00000
      9350.00      0.00000
      9360.00      0.00000
      9370.00      0.00000
      9380.00      0.00000
      9390.00      0.00000
      9400.00      0.00000
      9410.00      0.00000
      9420.00      0.00000
      9430.00      0.00000
      9440.00      0.00000
      9450.00      0.00000
      9460.00      0.00000
      9470.00      0.00000
      9480.00      0.00000
      9490.00      0.00000
      9500.00      0.00000
      9510.00      0.00000
      9520.00      0.00000
      9530.00      0.00000
      9540.00      0.00000
      9550.00      0.00000
      9560.00      0.00000
      9570.00      0.00000
      9580.00      0.00000
      9590.00      0.00000
      9600.00      0.00000
      9610.00      0.00000
      9620.00      0.00000
      9630.00      0.00000
      9640.00      0.00000
      9650.00      0.00000
      9660.00      0.00000
      9670.00      0.00000
      9680.00      0.00000
      9690.00      0.00000
      9730.00      0.00000
      9740.00      0.00000
      9750.00      0.00000
      9760.00      0.00000
      9770.00      0.00000
      9780.00      0.00000
      9790.00      0.00000
      9800.00      0.00000
      9810.00      0.00000
      9820.00      0.00000
      9830.00      0.00000
      9840.00      0.00000
      9850.00      0.00000
      9860.00      0.00000
      9870.00      0.00000
      9880.00      0.00000
      9890.00      0.00000
      9900.00      0.00000
      9910.00      0.00000
      9920.00      0.00000
      9930.00      0.00000
      9940.00      0.00000
      9950.00      0.00000
      9960.00      0.00000
      9970.00      0.00000
      9980.00      0.00000
      9990.00      0.00000
      10000.0      0.00000
      10010.0      0.00000
      10020.0      0.00000
      10030.0      0.00000
      10040.0      0.00000
      10050.0      0.00000
      10060.0      0.00000
      10070.0      0.00000
      10080.0      0.00000
      10090.0      0.00000
      10100.0      0.00000
      10110.0      0.00000
      10120.0      0.00000
      10130.0      0.00000
      10140.0      0.00000
      10150.0      0.00000
      10160.0      0.00000
      10170.0      0.00000
      10180.0      0.00000
      10190.0      0.00000
      10200.0      0.00000
      10210.0      0.00000
      10220.0      0.00000
      10230.0      0.00000
      10240.0      0.00000
      10250.0      0.00000
      10260.0      0.00000
      10270.0      0.00000
      10280.0      0.00000
      10290.0      0.00000
      10300.0      0.00000
      10310.0      0.00000
      10320.0      0.00000
      10330.0      0.00000
      10340.0      0.00000
      10350.0      0.00000
      10360.0      0.00000
      10370.0      0.00000
      10380.0      0.00000
      10390.0      0.00000
      10400.0      0.00000
      10410.0      0.00000
      10420.0      0.00000
      10430.0      0.00000
      10440.0      0.00000
      10450.0      0.00000
      10460.0      0.00000
      10470.0      0.00000
      10480.0      0.00000
      10490.0      0.00000
      10500.0      0.00000
      10510.0      0.00000
      10520.0      0.00000
      10530.0      0.00000
      10540.0      0.00000
      10550.0      0.00000
      10560.0      0.00000
      10570.0      0.00000
      10580.0      0.00000
      10590.0      0.00000
      10600.0      0.00000
      10610.0      0.00000
      10620.0      0.00000
      10630.0      0.00000
      10640.0      0.00000
      10650.0      0.00000
      10660.0      0.00000
      10670.0      0.00000
      10680.0      0.00000
      10690.0      0.00000
      10700.0      0.00000
      10710.0      0.00000
      10720.0      0.00000
      10730.0      0.00000
      10740.0      0.00000
      10750.0      0.00000
      10760.0      0.00000
      10770.0      0.00000
      10780.0      0.00000
      10790.0      0.00000
      10800.0      0.00000
      10810.0      0.00000
      10820.0      0.00000
      10830.0      0.00000
      10840.0      0.00000
      10850.0      0.00000
      10860.0      0.00000
      10870.0      0.00000
      10880.0      0.00000
      10890.0      0.00000
      10900.0      0.00000
      10910.0      0.00000
      10920.0      0.00000
      10930.0      0.00000
      10940.0      0.00000
      10950.0      0.00000
      10960.0      0.00000
      10970.0      0.00000
      10980.0      0.00000
      10990.0      0.00000
      11000.0      0.00000
      11010.0      0.00000
      11020.0      0.00000
      11030.0      0.00000
      11040.0      0.00000
      11050.0      0.00000
      11060.0      0.00000
      11070.0      0.00000
      11080.0      0.00000
      11090.0      0.00000
      11100.0      0.00000
      11110.0      0.00000
      11120.0      0.00000
      11130.0      0.00000
      11140.0      0.00000
      11150.0      0.00000
      11160.0      0.00000
      11170.0      0.00000
      11180.0      0.00000
      11190.0      0.00000
      11200.0      0.00000
      11210.0      0.00000
      11220.0      0.00000
      11230.0      0.00000
      11240.0      0.00000
      11250.0      0.00000
      11260.0      0.00000
      11270.0      0.00000
      11280.0      0.00000
      11290.0      0.00000
      11300.0      0.00000
      11310.0      0.00000
      11320.0      0.00000
      11330.0      0.00000
      11340.0      0.00000
      11350.0      0.00000
      11360.0      0.00000
      11370.0      0.00000
      11380.0      0.00000
      11390.0      0.00000
      11400.0      0.00000
      11410.0      0.00000
      11420.0      0.00000
      11430.0      0.00000
      11440.0      0.00000
      11450.0      0.00000
      11460.0      0.00000
      11470.0      0.00000
      11480.0      0.00000
      11490.0      0.00000
      11500.0      0.00000
      11510.0      0.00000
      11520.0      0.00000
      11530.0      0.00000
      11540.0      0.00000
      11550.0      0.00000
      11560.0      0.00000
      11570.0      0.00000
      11580.0      0.00000
      11590.0      0.00000
      11600.0      0.00000
      11610.0      0.00000
      11620.0      0.00000
      11630.0      0.00000
      11640.0      0.00000
      11650.0      0.00000
      11660.0      0.00000
      11670.0      0.00000
      11680.0      0.00000
      11690.0      0.00000
      11700.0      0.00000
      11710.0      0.00000
      11720.0      0.00000
      11730.0      0.00000
      11740.0      0.00000
      11750.0      0.00000
      11760.0      0.00000
      11770.0      0.00000
      11780.0      0.00000
      11790.0      0.00000
      11800.0      0.00000
      11810.0      0.00000
      11820.0      0.00000
      11830.0      0.00000
      11840.0      0.00000
      11850.0      0.00000
      11860.0      0.00000
      11870.0      0.00000
      11880.0      0.00000
      11890.0      0.00000
      11900.0      0.00000
      11910.0      0.00000
      11920.0      0.00000
      11930.0      0.00000
      11940.0      0.00000
      11950.0      0.00000
      11960.0      0.00000
      11970.0      0.00000
      11980.0      0.00000
      11990.0      0.00000
      12000.0      0.00000
      12010.0      0.00000
      12020.0      0.00000
      12030.0      0.00000
      12040.0      0.00000
      12050.0      0.00000
      12060.0      0.00000
      12070.0      0.00000
      12080.0      0.00000
      12090.0      0.00000
      12100.0      0.00000
      12160.0      0.00000
      12170.0      0.00000
      12180.0      0.00000
      12190.0      0.00000
      12200.0      0.00000
      12210.0      0.00000
      12220.0      0.00000
      12230.0      0.00000
      12240.0      0.00000
      12250.0      0.00000
      12260.0      0.00000
      12270.0      0.00000
      12280.0      0.00000
      12290.0      0.00000
      12300.0      0.00000
      12310.0      0.00000
      12320.0      0.00000
      12330.0      0.00000
      12340.0      0.00000
      12350.0      0.00000
      12360.0      0.00000
      12370.0      0.00000
      12380.0      0.00000
      12390.0      0.00000
      12400.0      0.00000
      12410.0      0.00000
      12420.0      0.00000
      12430.0      0.00000
      12440.0      0.00000
      12450.0      0.00000
      12460.0      0.00000
      12470.0      0.00000
      12480.0      0.00000
      12490.0      0.00000
      12500.0      0.00000
      12510.0      0.00000
      12520.0      0.00000
      12530.0      0.00000
      12540.0      0.00000
      12550.0      0.00000
      12560.0      0.00000
      12570.0      0.00000
      12580.0      0.00000
      12590.0      0.00000
      12600.0      0.00000
      12610.0      0.00000
      12620.0      0.00000
      12630.0      0.00000
      12640.0      0.00000
      12650.0      0.00000
      12660.0      0.00000
      12670.0      0.00000
      12680.0      0.00000
      12690.0      0.00000
      12700.0      0.00000
      12710.0      0.00000
      12720.0      0.00000
      12730.0      0.00000
      12740.0      0.00000
      12750.0      0.00000
      12760.0      0.00000
      12770.0      0.00000
      12780.0      0.00000
      12790.0      0.00000
      12800.0      0.00000
      12810.0      0.00000
      12820.0      0.00000
      12830.0      0.00000
      12840.0      0.00000
      12850.0      0.00000
      12860.0      0.00000
      12870.0      0.00000
      12880.0      0.00000
      12890.0      0.00000
      12900.0      0.00000
      12910.0      0.00000
      12920.0      0.00000
      12930.0      0.00000
      12940.0      0.00000
      12950.0      0.00000
      12960.0      0.00000
      12970.0      0.00000
      12980.0      0.00000
      12990.0      0.00000
      13000.0      0.00000
      13010.0      0.00000
      13020.0      0.00000
      13030.0      0.00000
      13040.0      0.00000
      13050.0      0.00000
      13060.0      0.00000
      13070.0      0.00000
      13080.0      0.00000
      13090.0      0.00000
      13100.0      0.00000
      13110.0      0.00000
      13170.0      0.00000
      13180.0      0.00000
      13190.0      0.00000
      13200.0      0.00000
      13260.0      0.00000
      13270.0      0.00000
      13280.0      0.00000
      13290.0      0.00000
      13300.0      0.00000
      13310.0      0.00000
      13320.0      0.00000
      13330.0      0.00000
      13340.0      0.00000
      13350.0      0.00000
      13360.0      0.00000
      13370.0      0.00000
      13380.0      0.00000
      13390.0      0.00000
      13400.0      0.00000
      13410.0      0.00000
      13420.0      0.00000
      13430.0      0.00000
      13440.0      0.00000
      13450.0      0.00000
      13460.0      0.00000
      13470.0      0.00000
      13480.0      0.00000
      13490.0      0.00000
      13500.0      0.00000
      13510.0      0.00000
      13520.0      0.00000
      13530.0      0.00000
      13540.0      0.00000
      13550.0      0.00000
      13560.0      0.00000
      13570.0      0.00000
      13580.0      0.00000
      13590.0      0.00000
      13600.0      0.00000
      13610.0      0.00000
      13620.0      0.00000
      13630.0      0.00000
      13640.0      0.00000
      13650.0      0.00000
      13660.0      0.00000
      13670.0      0.00000
      13680.0      0.00000
      13690.0      0.00000
      13700.0      0.00000
      13710.0      0.00000
      13720.0      0.00000
      13730.0      0.00000
      13740.0      0.00000
      13750.0      0.00000
      13760.0      0.00000
      13770.0      0.00000
      13780.0      0.00000
      13790.0      0.00000
      13800.0      0.00000
      13810.0      0.00000
      13820.0      0.00000
      13830.0      0.00000
      13840.0      0.00000
      13850.0      0.00000
      13860.0      0.00000
      13870.0      0.00000
      13880.0      0.00000
      13890.0      0.00000
      13900.0      0.00000
      13910.0      0.00000
      13920.0      0.00000
      13930.0      0.00000
      13940.0      0.00000
      13950.0      0.00000
      13960.0      0.00000
      13970.0      0.00000
      13980.0      0.00000
      13990.0      0.00000
      14000.0      0.00000
      14010.0      0.00000
      14020.0      0.00000
      14030.0      0.00000
      14040.0      0.00000
      14050.0      0.00000
      14060.0      0.00000
      14070.0      0.00000
      14080.0      0.00000
      14090.0      0.00000
      14100.0      0.00000
      14110.0      0.00000
      14120.0      0.00000
      14130.0      0.00000
      14140.0      0.00000
      14150.0      0.00000
      14160.0      0.00000
      14170.0      0.00000
      14180.0      0.00000
      14190.0      0.00000
      14200.0      0.00000
      14210.0      0.00000
      14220.0      0.00000
      14230.0      0.00000
      14240.0      0.00000
      14250.0      0.00000
      14260.0      0.00000
      14270.0      0.00000
      14280.0      0.00000
      14290.0      0.00000
      14300.0      0.00000
      14310.0      0.00000
      14320.0      0.00000
      14330.0      0.00000
      14340.0      0.00000
      14350.0      0.00000
      14360.0      0.00000
      14370.0      0.00000
      14380.0      0.00000
      14390.0      0.00000
      14400.0      0.00000
      14410.0      0.00000
      14420.0      0.00000
      14430.0      0.00000
      14440.0      0.00000
      14450.0      0.00000
      14460.0      0.00000
      14620.0      0.00000
      14630.0      0.00000
      14640.0      0.00000
      14650.0      0.00000
      14660.0      0.00000
      14670.0      0.00000
      14680.0      0.00000
      14690.0      0.00000
      14700.0      0.00000
      14710.0      0.00000
      14720.0      0.00000
      14730.0      0.00000
      14740.0      0.00000
      14750.0      0.00000
      14760.0      0.00000
      14770.0      0.00000
      14780.0      0.00000
      14790.0      0.00000
      14800.0      0.00000
      14810.0      0.00000
      14820.0      0.00000
      14830.0      0.00000
      14840.0      0.00000
      14850.0      0.00000
      14860.0      0.00000
      14870.0      0.00000
      14880.0      0.00000
      14890.0      0.00000
      14900.0      0.00000
      14910.0      0.00000
      14920.0      0.00000
      14930.0      0.00000
      14940.0      0.00000
      14950.0      0.00000
      14960.0      0.00000
      14970.0      0.00000
      14980.0      0.00000
      14990.0      0.00000
      15000.0      0.00000
      15010.0      0.00000
      15020.0      0.00000
      15030.0      0.00000
      15040.0      0.00000
      15050.0      0.00000
      15060.0      0.00000
      15070.0      0.00000
      15080.0      0.00000
      15090.0      0.00000
      15100.0      0.00000
      15110.0      0.00000
      15120.0      0.00000
      15130.0      0.00000
      15140.0      0.00000
      15150.0      0.00000
      15160.0      0.00000
      15170.0      0.00000
      15180.0      0.00000
      15190.0      0.00000
      15200.0      0.00000
      15210.0      0.00000
      15220.0      0.00000
      15230.0      0.00000
      15240.0      0.00000
      15250.0      0.00000
      15260.0      0.00000
      15270.0      0.00000
      15280.0      0.00000
      15290.0      0.00000
      15300.0      0.00000
      15310.0      0.00000
      15320.0      0.00000
      15330.0      0.00000
      15340.0      0.00000
      15350.0      0.00000
      15360.0      0.00000
      15370.0      0.00000
      15380.0      0.00000
      15390.0      0.00000
      15400.0      0.00000
      15410.0      0.00000
      15420.0      0.00000
      15430.0      0.00000
      15440.0      0.00000
      15450.0      0.00000
      15460.0      0.00000
      15470.0      0.00000
      15480.0      0.00000
      15490.0      0.00000
      15500.0      0.00000
      15510.0      0.00000
      15520.0      0.00000
      15530.0      0.00000
      15540.0      0.00000
      15550.0      0.00000
      15560.0      0.00000
      15570.0      0.00000
      15630.0      0.00000
      15640.0      0.00000
      15650.0      0.00000
      15660.0      0.00000
      15670.0      0.00000
      15680.0      0.00000
      15690.0      0.00000
      15700.0      0.00000
      15710.0      0.00000
      15720.0      0.00000
      15730.0      0.00000
      15740.0      0.00000
      15750.0      0.00000
      15760.0      0.00000
      15770.0      0.00000
      15780.0      0.00000
      15790.0      0.00000
      15800.0      0.00000
      15810.0      0.00000
      15820.0      0.00000
      15830.0      0.00000
      15840.0      0.00000
      15850.0      0.00000
      15860.0      0.00000
      15870.0      0.00000
      15880.0      0.00000
      15890.0      0.00000
      15900.0      0.00000
      15910.0      0.00000
      15920.0      0.00000
      15930.0      0.00000
      15940.0      0.00000
      15950.0      0.00000
      15960.0      0.00000
      15970.0      0.00000
      15980.0      0.00000
      15990.0      0.00000
      16000.0      0.00000
      16010.0      0.00000
      16020.0      0.00000
      16030.0      0.00000
      16040.0      0.00000
      16050.0      0.00000
      16060.0      0.00000
      16070.0      0.00000
      16080.0      0.00000
      16090.0      0.00000
      16100.0      0.00000
      16110.0      0.00000
      16120.0      0.00000
      16130.0      0.00000
      16140.0      0.00000
      16150.0      0.00000
      16160.0      0.00000
      16170.0      0.00000
      16180.0      0.00000
      16190.0      0.00000
      16200.0      0.00000
      16210.0      0.00000
      16220.0      0.00000
      16230.0      0.00000
      16240.0      0.00000
      16250.0      0.00000
      16260.0      0.00000
      16270.0      0.00000
      16280.0      0.00000
      16290.0      0.00000
      16300.0      0.00000
      16310.0      0.00000
      16320.0      0.00000
      16330.0      0.00000
      16340.0      0.00000
      16350.0      0.00000
      16360.0      0.00000
      16370.0      0.00000
      16380.0      0.00000
      16390.0      0.00000
      16400.0      0.00000
      16410.0      0.00000
      16420.0      0.00000
      16430.0      0.00000
      16440.0      0.00000
      16450.0      0.00000
      16460.0      0.00000
      16470.0      0.00000
      16480.0      0.00000
      16490.0      0.00000
      16500.0      0.00000
      16510.0      0.00000
      16520.0      0.00000
      16530.0      0.00000
      16540.0      0.00000
      16550.0      0.00000
      16560.0      0.00000
      16570.0      0.00000
      16580.0      0.00000
      16590.0      0.00000
      16600.0      0.00000
      16610.0      0.00000
      16620.0      0.00000
      16690.0      0.00000
      16700.0      0.00000
      16710.0      0.00000
      16720.0      0.00000
      16730.0      0.00000
      16740.0      0.00000
      16750.0      0.00000
      16760.0      0.00000
      16770.0      0.00000
      16780.0      0.00000
      16790.0      0.00000
      16800.0      0.00000
      16810.0      0.00000
      16820.0      0.00000
      16830.0      0.00000
      16840.0      0.00000
      16850.0      0.00000
      16860.0      0.00000
      16870.0      0.00000
      16880.0      0.00000
      16890.0      0.00000
      16900.0      0.00000
      16910.0      0.00000
      16920.0      0.00000
      16930.0      0.00000
      16940.0      0.00000
      16950.0      0.00000
      16960.0      0.00000
      16970.0      0.00000
      16980.0      0.00000
      16990.0      0.00000
      17000.0      0.00000
      17010.0      0.00000
      17020.0      0.00000
      17030.0      0.00000
      17040.0      0.00000
      17050.0      0.00000
      17060.0      0.00000
      17070.0      0.00000
      17080.0      0.00000
      17090.0      0.00000
      17100.0      0.00000
      17110.0      0.00000
      17120.0      0.00000
      17130.0      0.00000
      17140.0      0.00000
      17150.0      0.00000
      17160.0      0.00000
      17170.0      0.00000
      17180.0      0.00000
      17190.0      0.00000
      17200.0      0.00000
      17210.0      0.00000
      17220.0      0.00000
      17230.0      0.00000
      17240.0      0.00000
      17250.0      0.00000
      17260.0      0.00000
      17270.0      0.00000
      17280.0      0.00000
      17290.0      0.00000
      17300.0      0.00000
      17310.0      0.00000
      17320.0      0.00000
      17330.0      0.00000
      17340.0      0.00000
      17350.0      0.00000
      17360.0      0.00000
      17370.0      0.00000
      17380.0      0.00000
      17390.0      0.00000
      17400.0      0.00000
      17410.0      0.00000
      17420.0      0.00000
      17430.0      0.00000
      17440.0      0.00000
      17450.0      0.00000
      17460.0      0.00000
      17470.0      0.00000
      17480.0      0.00000
      17490.0      0.00000
      17500.0      0.00000
      17510.0      0.00000
      17520.0      0.00000
      17530.0      0.00000
      17540.0      0.00000
      17550.0      0.00000
      17560.0      0.00000
      17570.0      0.00000
      17580.0      0.00000
      17590.0      0.00000
      17600.0      0.00000
      17610.0      0.00000
      17620.0      0.00000
      17630.0      0.00000
      17640.0      0.00000
      17650.0      0.00000
      17660.0      0.00000
      17670.0      0.00000
      17680.0      0.00000
      17690.0      0.00000
      17700.0      0.00000
      17710.0      0.00000
      17720.0      0.00000
      17730.0      0.00000
      17740.0      0.00000
      17750.0      0.00000
      17760.0      0.00000
      17770.0      0.00000
      17780.0      0.00000
      17790.0      0.00000
      17800.0      0.00000
      17810.0      0.00000
      17820.0      0.00000
      17830.0      0.00000
      17840.0      0.00000
      17850.0      0.00000
      17860.0      0.00000
      17870.0      0.00000
      17880.0      0.00000
      17890.0      0.00000
      17900.0      0.00000
      17910.0      0.00000
      17920.0      0.00000
      17930.0      0.00000
      17940.0      0.00000
      17950.0      0.00000
      17960.0      0.00000
      17970.0      0.00000
      17980.0      0.00000
      17990.0      0.00000
      18000.0      0.00000
      18010.0      0.00000
      18020.0      0.00000
      18030.0      0.00000
      18040.0      0.00000
      18050.0      0.00000
      18060.0      0.00000
      18070.0      0.00000
      18080.0      0.00000
      18090.0      0.00000
      18100.0      0.00000
      18110.0      0.00000
      18120.0      0.00000
      18130.0      0.00000
      18140.0      0.00000
      18150.0      0.00000
      18160.0      0.00000
      18170.0      0.00000
      18180.0      0.00000
      18190.0      0.00000
      18200.0      0.00000
      18210.0      0.00000
      18220.0      0.00000
      18230.0      0.00000
      18240.0      0.00000
      18250.0      0.00000
      18260.0      0.00000
      18270.0      0.00000
      18280.0      0.00000
      18290.0      0.00000
      18300.0      0.00000
      18310.0      0.00000
      18320.0      0.00000
      18330.0      0.00000
      18340.0      0.00000
      18350.0      0.00000
      18360.0      0.00000
      18370.0      0.00000
      18380.0      0.00000
      18390.0      0.00000
      18400.0      0.00000
      18410.0      0.00000
      18420.0      0.00000
      18430.0      0.00000
      18440.0      0.00000
      18450.0      0.00000
      18460.0      0.00000
      18470.0      0.00000
      18480.0      0.00000
      18490.0      0.00000
      18500.0      0.00000
      18510.0      0.00000
      18520.0      0.00000
      18530.0      0.00000
      18540.0      0.00000
      18550.0      0.00000
      18560.0      0.00000
      18570.0      0.00000
      18580.0      0.00000
      18590.0      0.00000
      18600.0      0.00000
      18610.0      0.00000
      18620.0      0.00000
      18630.0      0.00000
      18640.0      0.00000
      18650.0      0.00000
      18660.0      0.00000
      18670.0      0.00000
      18680.0      0.00000
      18690.0      0.00000
      18700.0      0.00000
      18710.0      0.00000
      18720.0      0.00000
      18730.0      0.00000
      18740.0      0.00000
      18750.0      0.00000
      18760.0      0.00000
      18770.0      0.00000
      18780.0      0.00000
      18790.0      0.00000
      18800.0      0.00000
      18810.0      0.00000
      18820.0      0.00000
      18830.0      0.00000
      18840.0      0.00000
      18850.0      0.00000
      18860.0      0.00000
      18870.0      0.00000
      18880.0      0.00000
      18890.0      0.00000
      18900.0      0.00000
      18910.0      0.00000
      18920.0      0.00000
      18930.0      0.00000
      18940.0      0.00000
      18950.0      0.00000
      18960.0      0.00000
      18970.0      0.00000
      18980.0      0.00000
      18990.0      0.00000
      19000.0      0.00000
      19010.0      0.00000
      19020.0      0.00000
      19030.0      0.00000
      19040.0      0.00000
      19050.0      0.00000
      19060.0      0.00000
      19070.0      0.00000
      19080.0      0.00000
      19090.0      0.00000
      19100.0      0.00000
      19110.0      0.00000
      19120.0      0.00000
      19130.0      0.00000
      19140.0      0.00000
      19150.0      0.00000
      19160.0      0.00000
      19170.0      0.00000
      19180.0      0.00000
      19190.0      0.00000
      19200.0      0.00000
      19210.0      0.00000
      19220.0      0.00000
      19230.0      0.00000
      19240.0      0.00000
      19250.0      0.00000
      19260.0      0.00000
      19270.0      0.00000
      19280.0      0.00000
      19290.0      0.00000
      19300.0      0.00000
      19310.0      0.00000
      19320.0      0.00000
      19330.0      0.00000
      19340.0      0.00000
      19350.0      0.00000
      19360.0      0.00000
      19370.0      0.00000
      19380.0      0.00000
      19390.0      0.00000
      19400.0      0.00000
      19410.0      0.00000
      19420.0      0.00000
      19430.0      0.00000
      19440.0      0.00000
      19450.0      0.00000
      19460.0      0.00000
      19470.0      0.00000
      19480.0      0.00000
      19490.0      0.00000
      19500.0      0.00000
      19510.0      0.00000
      19520.0      0.00000
      19530.0      0.00000
      19540.0      0.00000
      19550.0      0.00000
      19560.0      0.00000
      19570.0      0.00000
      19580.0      0.00000
      19590.0      0.00000
      19600.0      0.00000
      19610.0      0.00000
      19620.0      0.00000
      19630.0      0.00000
      19640.0      0.00000
      19760.0      0.00000
      19770.0      0.00000
      19780.0      0.00000
      19790.0      0.00000
      19800.0      0.00000
      19810.0      0.00000
      19820.0      0.00000
      19830.0      0.00000
      19840.0      0.00000
      19850.0      0.00000
      19860.0      0.00000
      19870.0      0.00000
      19880.0      0.00000
      19890.0      0.00000
      19900.0      0.00000
      19910.0      0.00000
      19920.0      0.00000
      19930.0      0.00000
      19940.0      0.00000
      19950.0      0.00000
      19960.0      0.00000
      19970.0      0.00000
      19980.0      0.00000
      19990.0      0.00000
      20000.0      0.00000
      30000.0      0.00000
