      2214.04      100000. 1.18420e+010 1.08837e+010      10.7636
      2212.50      95400.0 1.23513e+010 1.14413e+010      10.6826
      2211.40      89350.0 1.31179e+010 1.22376e+010      10.5745
      2210.40      83380.0 1.39694e+010 1.31431e+010      10.4609
      2209.70      77620.0 1.49152e+010 1.41396e+010      10.3458
      2208.97      71040.0 1.61718e+010 1.54738e+010      10.2056
      2208.39      65760.0 1.73491e+010 1.67370e+010      10.0851
      2207.82      59720.0 1.89403e+010 1.84458e+010      9.93784
      2207.47      54780.0 2.04963e+010 2.01070e+010      9.80914
      2207.13      49350.0 2.25473e+010 2.23013e+010      9.65857
      2206.87      45290.0 2.43719e+010 2.42792e+010      9.54359
      2206.63      41010.0 2.66653e+010 2.67684e+010      9.41153
      2206.39      36670.0 2.94873e+010 2.98732e+010      9.26303
      2206.16      32280.0 3.30452e+010 3.38348e+010      9.09449
      2205.95      28110.0 3.73575e+010 3.86982e+010      8.91272
      2205.72      24200.0 4.25652e+010 4.47553e+010      8.71591
      2205.54      21000.0 4.81229e+010 5.12942e+010      8.53136
      2205.37      18350.0 5.39209e+010 5.84549e+010      8.34469
      2205.19      16230.0 5.95723e+010 6.59642e+010      8.16238
      2204.99      14510.0 6.49300e+010 7.38140e+010      7.99285
      2204.78      13050.0 7.02049e+010 8.21893e+010      7.83076
      2204.31      11820.0 7.35900e+010 9.22052e+010      7.67927
      2203.49      11130.0 7.26601e+010 1.01254e+011      7.56249
      2202.00      10720.0 6.90459e+010 1.09749e+011      7.46830
      2198.00      10240.0 6.61130e+010 1.19998e+011      7.36811
      2190.00      9970.00 6.69205e+010 1.26516e+011      7.30948
      2175.00      9640.00 6.89938e+010 1.36713e+011      7.22445
      2155.00      9380.00 7.07092e+010 1.49751e+011      7.12584
      2130.00      9170.00 7.23301e+010 1.66471e+011      7.01302
      2100.00      8950.00 7.39078e+010 1.89295e+011      6.87858
      2065.00      8700.00 7.54833e+010 2.21005e+011      6.72025
      2020.00      8400.00 7.77970e+010 2.70738e+011      6.51909
      1980.00      8150.00 8.05619e+010 3.25328e+011      6.34320
      1940.00      7930.00 8.46960e+010 3.90938e+011      6.17587
      1890.00      7720.00 9.19814e+010 4.90863e+011      5.97610
      1830.00      7530.00 1.00599e+011 6.47935e+011      5.74074
      1740.00      7350.00 1.15194e+011 9.89009e+011      5.40765
      1650.00      7200.00 1.24966e+011 1.54239e+012      5.08174
      1560.00      7060.00 1.40899e+011 2.44743e+012      4.74310
      1460.00      6910.00 1.63585e+011 4.20169e+012      4.31764
      1370.00      6760.00 1.85074e+011 7.03887e+012      3.89575
      1270.00      6580.00 2.06598e+011 1.29175e+013      3.40047
      1170.00      6370.00 2.19030e+011 2.46263e+013      2.90860
      1080.00      6170.00 2.24353e+011 4.54066e+013      2.48640
      1000.00      5960.00 2.15196e+011 8.05283e+013      2.15196
      940.000      5770.00 1.96607e+011 1.26710e+014      1.91030
      890.000      5600.00 1.78148e+011 1.88105e+014      1.69109
      840.000      5400.00 1.55158e+011 2.85116e+014      1.46952
      790.000      5160.00 1.32190e+011 4.43651e+014      1.25721
      740.000      4920.00 1.25837e+011 7.06200e+014      1.05309
      690.000      4740.00 1.52132e+011 1.13445e+015     0.872993
      650.000      4650.00 2.00854e+011 1.65746e+015     0.738140
      615.000      4610.00 2.64546e+011 2.30155e+015     0.629037
      580.000      4600.00 3.53635e+011 3.18047e+015     0.542802
      540.000      4620.00 4.96232e+011 4.56931e+015     0.472434
      490.000      4675.00 7.56774e+011 7.11634e+015     0.392678
      440.000      4745.00 1.15382e+012 1.09811e+016     0.339715
      390.000      4830.00 1.75533e+012 1.67621e+016     0.358366
      340.000      4925.00 2.65219e+012 2.52910e+016     0.481232
      290.000      5040.00 4.03523e+012 3.75746e+016     0.669395
      265.000      5100.00 4.96549e+012 4.56131e+016     0.733691
      240.000      5174.00 6.14236e+012 5.49487e+016     0.876307
      215.000      5270.00 7.68066e+012 6.56920e+016     0.993072
      190.000      5410.00 9.86941e+012 7.74702e+016      1.13129
      165.000      5590.00 1.34376e+013 9.02073e+016      1.25776
      140.000      5790.00 1.95142e+013 1.03915e+017      1.41516
      125.000      5965.00 2.68960e+013 1.11775e+017      1.49716
      110.000      6175.00 3.99739e+013 1.19258e+017      1.57444
      100.000      6335.00 5.41493e+013 1.23929e+017      1.63096
      90.0000      6520.00 7.64621e+013 1.28213e+017      1.67364
      80.0000      6735.00 1.12751e+014 1.31954e+017      1.70745
      70.0000      6980.00 1.72026e+014 1.34983e+017      1.75832
      60.0000      7280.00 2.79101e+014 1.36951e+017      1.79489
      50.0000      7590.00 4.44937e+014 1.38452e+017      1.86260
      40.0000      7905.00 6.91725e+014 1.39926e+017      1.88950
      30.0000      8220.00 1.04169e+015 1.41063e+017      1.95091
      20.0000      8550.00 1.54944e+015 1.41791e+017      2.00000
      10.0000      8860.00 2.19579e+015 1.42880e+017      2.00000
     0.000000      9125.00 2.91239e+015 1.44554e+017      2.00000
