2293.04        89345.0      9.932E+09      9.219E+09      12.36
2291.44        83373.0      1.056E+10      9.873E+09      12.25
2289.76        77615.5      1.127E+10      1.061E+10      12.14
2288.06        71042.0      1.220E+10      1.159E+10      12.01
2286.99        65753.0      1.306E+10      1.251E+10      11.89
2285.92        59712.5      1.421E+10      1.374E+10      11.75
2285.06        54780.0      1.535E+10      1.495E+10      11.62
2284.23        49352.0      1.685E+10      1.655E+10      11.47
2283.73        45282.5      1.816E+10      1.797E+10      11.35
2283.27        41003.0      1.979E+10      1.973E+10      11.21
2282.82        36664.0      2.176E+10      2.192E+10      11.05
2282.38        32282.0      2.420E+10      2.471E+10      10.87
2281.97        28102.5      2.711E+10      2.812E+10      10.68
2281.56        24196.0      3.051E+10      3.230E+10      10.48
2281.22        21169.0      3.383E+10      3.657E+10      10.31
2280.84        18348.0      3.786E+10      4.186E+10      10.13
2280.55        16480.0      4.079E+10      4.618E+10      9.99
2280.21        14703.0      4.400E+10      5.137E+10      9.85
2279.88        13412.0      4.660E+10      5.610E+10      9.74
2279.46        12240.0      4.905E+10      6.143E+10      9.62
2278.85        11278.0      5.067E+10      6.712E+10      9.50
2277.94        10470.0      5.114E+10      7.337E+10      9.39
2276.46         9841.5      5.007E+10      8.005E+10      9.27
2273.52         9342.5      4.771E+10      8.726E+10      9.15
2270.46         8993.5      4.632E+10      9.249E+10      9.07
2264.53         8804.0      4.495E+10      9.749E+10      8.98
2248.37         8654.0      4.526E+10      1.038E+11      8.87
2221.37         8524.0      4.716E+10      1.127E+11      8.74
2180.37         8344.0      5.065E+10      1.286E+11      8.56
2126.37         8107.5      5.551E+10      1.551E+11      8.33
2076.87         7886.5      5.884E+10      1.870E+11      8.10
2023.87         7690.0      6.185E+10      2.302E+11      7.86
1971.96         7550.0      6.499E+10      2.830E+11      7.62
1900.00         7387.0      6.837E+10      3.563E+11      7.36
1840.00         7264.0      7.250E+10      4.857E+11      7.01
1750.00         7108.0      7.587E+10      7.111E+11      6.60
1660.00         6972.0      7.978E+10      1.065E+12      6.18
1570.00         6840.0      8.574E+10      1.742E+12      5.68
1473.07         6685.0      9.475E+10      3.010E+12      5.11
1374.88         6525.0      1.038E+11      5.282E+12      4.52
1276.51         6335.0      1.097E+11      9.750E+12      3.87
1178.78         6150.0      1.162E+11      1.867E+13      3.19
1082.52         5915.0      1.127E+11      3.699E+13      2.60
1010.00         5720.0      1.059E+11      6.337E+13      2.27
955.00           5525.0     9.319E+10      9.801E+13      2.05
905.00           5305.0     7.807E+10      1.493E+14      1.82
855.00           5040.0     6.478E+10      2.347E+14      1.57
805.00           4760.0     6.206E+10      3.803E+14      1.33
750.00           4550.0     8.176E+10      6.537E+14      1.09
700.00           4450.0     1.207E+11      1.067E+15      0.90
660.00           4415.0     1.689E+11      1.574E+15      0.76
625.00           4400.0     2.281E+11      2.209E+15      0.64
590.00           4410.0     3.094E+11      3.084E+15      0.55
550.00           4450.0     4.400E+11      4.475E+15      0.48
500.00           4530.0     6.849E+11      7.040E+15      0.39
450.00           4625.0     1.062E+12      1.094E+16      0.34
400.00           4730.0     1.638E+12      1.680E+16      0.36
350.00           4850.0     2.520E+12      2.540E+16      0.48
300.00           4980.0     3.860E+12      3.783E+16      0.67
275.00           5057.5     4.796E+12      4.586E+16      0.74
250.00           5150.0     5.983E+12      5.511E+16      0.88
225.00           5270.0     7.585E+12      6.562E+16      0.99
200.00           5410.0     9.817E+12      7.738E+16      1.13
175.00           5582.5     1.333E+13      9.023E+16      1.26
150.00           5790.0     1.951E+13      1.038E+17      1.41
135.00           5975.0     2.729E+13      1.115E+17      1.49
120.00           6180.0     4.029E+13      1.190E+17      1.57
110.00           6340.0     5.457E+13      1.237E+17      1.63
100.00          6520.0      7.642E+13      1.281E+17      1.67
90.00            6727.5     1.113E+14      1.319E+17      1.71
80.00            6980.0     1.719E+14      1.348E+17      1.76
70.00            7280.0     2.790E+14      1.368E+17      1.79
60.00            7590.0     4.447E+14      1.383E+17      1.86
50.00            7902.5     6.892E+14      1.398E+17      1.89
40.00            8220.0     1.041E+15      1.410E+17      1.94
30.00            8545.0     1.540E+15      1.417E+17      2.00
20.00            8860.0     2.195E+15      1.427E+17      2.00
10.00            9132.5     2.932E+15      1.443E+17      2.00
0.00             9400.0     3.832E+15      1.456E+17      2.00