      1046.65    -0.409000      1.77700
      1023.41    -0.409000      1.77700
      1002.49    -0.409000      1.77700
      983.121    -0.409000      1.77700
      964.847    -0.409000      1.77700
      947.291    -0.409000      1.77700
      930.245    -0.409000      1.77700
      913.604    -0.409000      1.77700
      897.287    -0.409000      1.77700
      881.234    -0.409000      1.77700
      865.388    -0.409000      1.77700
      849.689    -0.389728      1.75161
      834.088    -0.366214      1.72064
      818.543    -0.342783      1.68977
      803.038    -0.319414      1.65899
      787.570    -0.298913      1.62074
      772.131    -0.283000      1.57039
      756.710    -0.267103      1.52009
      741.282    -0.251202      1.46977
      725.843    -0.234721      1.42153
      710.376    -0.215451      1.38350
      694.859    -0.196118      1.34534
      679.288    -0.176718      1.30705
      663.667    -0.160129      1.26724
      647.988    -0.152428      1.22296
      632.245    -0.144694      1.17849
      616.436    -0.136928      1.13384
      600.549    -0.127566      1.09935
      584.569    -0.117209      1.07094
      568.498    -0.106793      1.04237
      552.339   -0.0988346      1.01372
      536.094   -0.0981848     0.985130
      519.759   -0.0975314     0.956380
      503.329   -0.0958373     0.930401
      486.804   -0.0897303     0.916750
      470.177   -0.0835854     0.903015
      453.443   -0.0814384     0.892123
      436.607   -0.0848820     0.885236
      419.671   -0.0883462     0.878307
      402.630   -0.0869233     0.883922
      385.485   -0.0843516     0.892495
      368.228   -0.0858975     0.907030
      350.846   -0.0920047     0.928170
      333.335   -0.0961806     0.955723
      315.686   -0.0966997     0.995175
      297.890   -0.0993704      1.04076
      279.930    -0.104983      1.09464
      261.779    -0.107000      1.15957
      243.426    -0.107202      1.23188
      224.876    -0.110769      1.31821
      206.173    -0.110032      1.41000
      187.494    -0.107456      1.50852
      169.102    -0.104983      1.61513
      151.513   -0.0974448      1.71982
      135.722   -0.0888861      1.81747
      122.213   -0.0759986      1.90696
      110.108   -0.0601214      1.99208
      98.8830   -0.0364907      2.08306
      88.6684  -0.00544754      2.17539
      79.5261    0.0367084      2.27240
      71.4388    0.0802407      2.36193
      64.5315     0.126289      2.44366
      58.3884     0.167243      2.51636
      52.4079     0.208470      2.57988
      46.3407     0.250940      2.64088
      39.9931     0.295373      2.70469
      33.2502     0.337879      2.76169
      25.9833     0.380673      2.81619
      18.0958     0.424287      2.87105
      9.46650     0.457366      2.90893
     0.000000     0.490622      2.94695