      1046.65    -0.409000      2.59468
      1023.41    -0.409000      2.59468
      1002.49    -0.409000      2.59468
      983.121    -0.409000      2.59468
      964.847    -0.409000      2.59468
      947.291    -0.409000      2.59468
      930.245    -0.409000      2.59468
      913.604    -0.409000      2.59468
      897.287    -0.409000      2.59468
      881.234    -0.409000      2.59468
      865.388    -0.409000      2.59468
      849.689    -0.389728      2.53121
      834.088    -0.366214      2.45377
      818.543    -0.342783      2.37661
      803.038    -0.319414      2.29965
      787.570    -0.298913      2.20403
      772.131    -0.283000      2.07815
      756.710    -0.267103      1.95240
      741.282    -0.251202      1.82661
      725.843    -0.234721      1.70600
      710.376    -0.215451      1.61092
      694.859    -0.196118      1.51553
      679.288    -0.176718      1.41980
      663.667    -0.160129      1.32029
      647.988    -0.152428      1.20958
      632.245    -0.144694      1.09841
      616.436    -0.136928     0.986772
      600.549    -0.127566     0.900563
      584.569    -0.117209     0.829541
      568.498    -0.106793     0.758114
      552.339   -0.0988346     0.686481
      536.094   -0.0981848     0.615004
      519.759   -0.0975314     0.543130
      503.329   -0.0958373     0.478181
      486.804   -0.0897303     0.444054
      470.177   -0.0835854     0.409716
      453.443   -0.0814384     0.382487
      436.607   -0.0848820     0.365269
      419.671   -0.0883462     0.347948
      402.630   -0.0869233     0.361985
      385.485   -0.0843516     0.383416
      368.228   -0.0858975     0.419754
      350.846   -0.0920047     0.472604
      333.335   -0.0961806     0.541488
      315.686   -0.0966997     0.640117
      297.890   -0.0993704     0.754069
      279.930    -0.104983     0.888767
      261.779    -0.107000      1.05111
      243.426    -0.107202      1.23188
      224.876    -0.110769      1.44770
      206.173    -0.110032      1.67718
      187.494    -0.107456      1.92349
      169.102    -0.104983      2.19000
      151.513   -0.0974448      2.45174
      135.722   -0.0888861      2.69584
      122.213   -0.0759986      2.91959
      110.108   -0.0601214      3.13239
      98.8830   -0.0364907      3.35983
      88.6684  -0.00544754      3.59066
      79.5261    0.0367084      3.83318
      71.4388    0.0802407      4.05700
      64.5315     0.126289      4.26134
      58.3884     0.167243      4.44307
      52.4079     0.208470      4.60189
      46.3407     0.250940      4.75437
      39.9931     0.295373      4.91389
      33.2502     0.337879      5.05639
      25.9833     0.380673      5.19265
      18.0958     0.424287      5.32981
      9.46650     0.457366      5.42449
     0.000000     0.490622      5.51955
