      303.000     0.277270
      350.000     0.427405
      400.000     0.637993
      450.000     0.798657
      500.000     0.938735
      550.000      1.09713
      600.000      1.26023
      650.000      1.43290
      700.000      1.61238
      750.000      1.81471
      800.000      2.04970
      810.000      2.09669
      820.000      2.14369
      830.000      2.19069
      840.000      2.24070
      850.000      2.29489
      860.000      2.34907
      870.000      2.40326
      880.000      2.45745
      890.000      2.51163
      900.000      2.56582
      920.000      2.67419
      930.000      2.72838
      940.000      2.78257
      950.000      2.83676
      960.000      2.89094
      970.000      2.94513
      980.000      2.99932
      990.000      3.05350
      1000.00      3.10784
      1020.00      3.23976
      1030.00      3.30572
      1040.00      3.37168
      1050.00      3.43764
      1060.00      3.50360
      1070.00      3.56956
      1080.00      3.63552
      1090.00      3.70149
      1110.00      3.83341
      1120.00      3.89937
      1130.00      3.96533
      1140.00      4.03129
      1150.00      4.09725
      1160.00      4.17983
      1170.00      4.26314
      1180.00      4.34645
      1190.00      4.42976
      1200.00      4.51306
      1210.00      4.59637
      1220.00      4.67968
      1230.00      4.76299
      1250.00      4.92960
      1260.00      5.01291
      1270.00      5.09622
      1280.00      5.17952
      1290.00      5.26283
      1300.00      5.34614
      1310.00      5.42945
      1320.00      5.51471
      1325.35      5.56158
      1328.01      5.58489
      1330.00      5.60232
      1340.00      5.68994
      1350.00      5.77756
      1360.00      5.86518
      1370.00      5.95279
      1380.00      6.04041
      1390.00      6.12803
      1400.00      6.21564
      1410.00      6.30326
      1420.00      6.39088
      1430.00      6.47849
      1440.00      6.56611
      1450.00      6.65373
      1460.00      6.74134
      1470.00      6.82896
      1480.00      6.91658
      1490.00      7.00419
      1500.00      7.09181
      1510.00      7.17943
      1530.00      7.35466
      1540.00      7.44228
      1550.00      7.52990
      1560.00      7.61751
      1570.00      7.70513
      1580.00      7.79275
      1590.00      7.88136
      1600.00      7.97941
      1610.00      8.07747
      1630.00      8.27357
      1640.00      8.37163
      1650.00      8.46968
      1660.00      8.56773
      1670.00      8.66579
      1690.00      8.86189
      1700.00      8.95995
      1710.00      9.05800
      1720.00      9.15606
      1730.00      9.25411
      1740.00      9.35216
      1750.00      9.45022
      1760.00      9.54827
      1770.00      9.64632
      1780.00      9.74438
      1790.00      9.84243
      1800.00      9.94048
      1810.00      10.0385
      1820.00      10.1366
      1830.00      10.2346
      1840.00      10.3327
      1850.00      10.4451
      1860.00      10.5710
      1867.86      10.6698
      1871.60      10.7169
      1880.00      10.8226
      1890.00      10.9484
      1900.00      11.0743
      1910.00      11.2001
      1920.00      11.3259
      1930.00      11.4517
      1940.00      11.5776
      1950.00      11.7034
      1970.00      11.9550
      1980.00      12.0809
      1990.00      12.2067
      2000.00      12.3325
      2010.00      12.4583
      2020.00      12.5842
      2040.00      12.8358
      2050.00      12.9616
      2060.00      14.9391
      2080.00      12.9685
      2090.00      11.4230
      2100.00      11.6021
      2110.00      13.5023
      2120.00      11.8328
      2130.00      19.3760
      2140.00      13.7507
      2150.00      13.6392
      2160.00      14.9991
      2170.00      12.7429
      2180.00      12.7061
      2200.00      14.4681
      2210.00      14.2758
      2220.00      14.3228
      2230.00      14.8236
      2240.00      15.9507
      2250.00      17.0779
      2270.00      13.2368
      2280.00      13.1829
      2290.00      16.0129
      2300.00      22.3721
      2310.00      26.3677
      2320.00      19.5763
      2330.00      16.2838
      2340.00      15.3931
      2350.00      15.3861
      2360.00      15.4241
      2370.00      15.4621
      2380.00      15.7187
      2390.00      16.1707
      2400.00      16.6227
      2420.00      18.2196
      2430.00      19.3285
      2440.00      20.4374
      2450.00      21.5318
      2460.00      22.1977
      2470.00      22.6592
      2480.00      21.4740
      2490.00      20.2948
      2500.00      19.2265
      2520.00      18.1993
      2530.00      18.4477
      2540.00      19.1095
      2550.00      20.2425
      2560.00      21.3754
      2570.00      23.1734
      2580.00      25.0390
      2590.00      26.9046
      2600.00      28.6138
      2610.00      29.5679
      2620.00      30.2540
      2630.00      29.4075
      2640.00      28.5611
      2650.00      27.7136
      2660.00      26.7189
      2670.00      25.7243
      2680.00      24.7296
      2690.00      23.7349
      2700.00      20.5412
      2710.00      3.74751
      2720.00      20.5030
      2730.00      20.3675
      2740.00      15.6242
      2750.00      21.6365
      2760.00      26.9455
      2770.00      2.33274
      2780.00      16.2331
      2790.00      20.8886
      2800.00      25.3700
      2810.00      26.8337
      2820.00      13.9412
      2830.00      9.52360
      2840.00      16.4345
      2850.00      24.5864
      2880.00      27.3885
      2890.00      26.4685
      2900.00      24.1661
      2910.00      16.6501
      2920.00      1.88363
      2950.00      18.7245
      2960.00      19.8382
      2970.00      25.4664
      2980.00      23.0431
      2990.00      23.0216
      3000.00      23.0002
      3010.00      22.9787
      3020.00      22.9572
      3030.00      22.9358
      3040.00      23.5541
      3050.00      24.4418
      3060.00      37.3928
      3070.00      38.4586
      3080.00      23.4637
      3090.00      12.7638
      3100.00      2.47266
      3110.00      4.25323
      3120.00      10.3513
      3130.00      14.3118
      3140.00      16.4238
      3150.00      18.2711
      3160.00      18.9944
      3170.00      19.7177
      3180.00      20.4411
      3190.00      20.3404
      3200.00      9.11845
      3210.00      24.1726
      3220.00      23.8999
      3230.00      24.2618
      3240.00      24.6237
      3250.00      24.9856
      3260.00      25.3476
      3270.00      25.7095
      3280.00      26.0714
      3290.00      26.9330
      3300.00      27.9564
      3310.00      28.9798
      3320.00      30.0033
      3330.00      31.1327
      3340.00      33.1720
      3350.00      35.2114
      3360.00      37.2508
      3370.00      39.2902
      3380.00      41.3296
      3390.00      41.9547
      3400.00      42.4341
      3410.00      41.8434
      3420.00      40.6865
      3430.00      39.5295
      3440.00      38.3726
      3450.00      37.2156
      3460.00      36.0587
      3470.00      34.5161
      3480.00      32.6256
      3490.00      30.7351
      3500.00      27.2084
      3510.00      22.3298
      3520.00      16.1994
      3530.00      9.47764
      3540.00      5.05608
      3550.00      2.64018
      3560.00      4.19525
      3570.00      6.39440
      3580.00      9.13998
      3590.00      11.5197
      3600.00      13.6848
      3610.00      15.4490
      3620.00      16.7910
      3630.00      17.9148
      3642.15      45.2400
      3660.00     0.000000
      3670.00     0.000000
      3680.00     0.000000
      3690.00     0.000000
      3700.00     0.000000
      3710.00     0.000000
      3720.00     0.000000
      3730.00     0.000000
      3740.00     0.000000
      3750.00     0.000000
      3770.00     0.000000
      3780.00     0.000000
      3790.00     0.000000
      3800.00     0.000000
      3810.00     0.000000
      3820.00     0.000000
      3830.00     0.000000
      3840.00     0.000000
      3860.00     0.000000
      3870.00     0.000000
      3880.00     0.000000
      3890.00     0.000000
      3900.00     0.000000
      3910.00     0.000000
      3920.00     0.000000
      3930.00     0.000000
      3940.00     0.000000
      3950.00     0.000000
      3960.00     0.000000
      3970.00     0.000000
      3980.00     0.000000
      3990.00     0.000000
      4000.00     0.000000
      4010.00     0.000000
      4020.00     0.000000
      4030.00     0.000000
      4050.00     0.000000
      4060.00     0.000000
      4070.00     0.000000
      4080.00     0.000000
      4090.00     0.000000
      4100.00     0.000000
      4110.00     0.000000
      4120.00     0.000000
      4130.00     0.000000
      4140.00     0.000000
      4150.00     0.000000
      4160.00     0.000000
      4170.00     0.000000
      4180.00     0.000000
      4190.00     0.000000
      4200.00     0.000000
      4210.00     0.000000
      4220.00     0.000000
      4230.00     0.000000
      4240.00     0.000000
      4250.00     0.000000
      4260.00     0.000000
      4270.00     0.000000
      4280.00     0.000000
      4290.00     0.000000
      4300.00     0.000000
      4310.00     0.000000
      4320.00     0.000000
      4330.00     0.000000
      4340.00     0.000000
      4350.00     0.000000
      4360.00     0.000000
      4370.00     0.000000
      4380.00     0.000000
      4390.00     0.000000
      4400.00     0.000000
      4410.00     0.000000
      4420.00     0.000000
      4430.00     0.000000
      4440.00     0.000000
      4450.00     0.000000
      4460.00     0.000000
      4470.00     0.000000
      4480.00     0.000000
      4490.00     0.000000
      4500.00     0.000000
      4510.00     0.000000
      4520.00     0.000000
      4530.00     0.000000
      4540.00     0.000000
      4560.00     0.000000
      4570.00     0.000000
      4580.00     0.000000
      4590.00     0.000000
      4600.00     0.000000
      4610.00     0.000000
      4620.00     0.000000
      4630.00     0.000000
      4640.00     0.000000
      4650.00     0.000000
      4660.00     0.000000
      4670.00     0.000000
      4680.00     0.000000
      4690.00     0.000000
      4700.00     0.000000
      4710.00     0.000000
      4720.00     0.000000
      4730.00     0.000000
      4740.00     0.000000
      4750.00     0.000000
      4760.00     0.000000
      4770.00     0.000000
      4780.00     0.000000
      4790.00     0.000000
      4800.00     0.000000
      4810.00     0.000000
      4820.00     0.000000
      4830.00     0.000000
      4840.00     0.000000
      4850.00     0.000000
      4860.00     0.000000
      4870.00     0.000000
      4880.00     0.000000
      4890.00     0.000000
      4900.00     0.000000
      4910.00     0.000000
      4920.00     0.000000
      4930.00     0.000000
      4940.00     0.000000
      4950.00     0.000000
      4960.00     0.000000
      4970.00     0.000000
      4980.00     0.000000
      4990.00     0.000000
      5000.00     0.000000
      5010.00     0.000000
      5020.00     0.000000
      5030.00     0.000000
      5040.00     0.000000
      5050.00     0.000000
      5060.00     0.000000
      5070.00     0.000000
      5080.00     0.000000
      5090.00     0.000000
      5100.00     0.000000
      5110.00     0.000000
      5120.00     0.000000
      5130.00     0.000000
      5140.00     0.000000
      5150.00     0.000000
      5160.00     0.000000
      5170.00     0.000000
      5180.00     0.000000
      5190.00     0.000000
      5200.00     0.000000
      5210.00     0.000000
      5220.00     0.000000
      5230.00     0.000000
      5240.00     0.000000
      5250.00     0.000000
      5260.00     0.000000
      5270.00     0.000000
      5280.00     0.000000
      5290.00     0.000000
      5300.00     0.000000
      5310.00     0.000000
      5320.00     0.000000
      5330.00     0.000000
      5340.00     0.000000
      5350.00     0.000000
      5360.00     0.000000
      5370.00     0.000000
      5380.00     0.000000
      5390.00     0.000000
      5400.00     0.000000
      5410.00     0.000000
      5420.00     0.000000
      5430.00     0.000000
      5440.00     0.000000
      5450.00     0.000000
      5460.00     0.000000
      5470.00     0.000000
      5480.00     0.000000
      5490.00     0.000000
      5500.00     0.000000
      5510.00     0.000000
      5520.00     0.000000
      5530.00     0.000000
      5540.00     0.000000
      5550.00     0.000000
      5560.00     0.000000
      5570.00     0.000000
      5580.00     0.000000
      5590.00     0.000000
      5600.00     0.000000
      5610.00     0.000000
      5620.00     0.000000
      5630.00     0.000000
      5640.00     0.000000
      5650.00     0.000000
      5660.00     0.000000
      5670.00     0.000000
      5680.00     0.000000
      5690.00     0.000000
      5700.00     0.000000
      5710.00     0.000000
      5720.00     0.000000
      5730.00     0.000000
      5740.00     0.000000
      5750.00     0.000000
      5760.00     0.000000
      5770.00     0.000000
      5780.00     0.000000
      5790.00     0.000000
      5800.00     0.000000
      5810.00     0.000000
      5820.00     0.000000
      5830.00     0.000000
      5840.00     0.000000
      5850.00     0.000000
      5860.00     0.000000
      5870.00     0.000000
      5880.00     0.000000
      5890.00     0.000000
      5900.00     0.000000
      5910.00     0.000000
      5920.00     0.000000
      5930.00     0.000000
      5940.00     0.000000
      5950.00     0.000000
      5960.00     0.000000
      5970.00     0.000000
      5980.00     0.000000
      5990.00     0.000000
      6000.00     0.000000
      6010.00     0.000000
      6020.00     0.000000
      6030.00     0.000000
      6040.00     0.000000
      6050.00     0.000000
      6060.00     0.000000
      6070.00     0.000000
      6080.00     0.000000
      6090.00     0.000000
      6100.00     0.000000
      6110.00     0.000000
      6120.00     0.000000
      6130.00     0.000000
      6140.00     0.000000
      6150.00     0.000000
      6160.00     0.000000
      6170.00     0.000000
      6180.00     0.000000
      6190.00     0.000000
      6200.00     0.000000
      6210.00     0.000000
      6220.00     0.000000
      6230.00     0.000000
      6240.00     0.000000
      6250.00     0.000000
      6260.00     0.000000
      6270.00     0.000000
      6280.00     0.000000
      6290.00     0.000000
      6300.00     0.000000
      6310.00     0.000000
      6320.00     0.000000
      6330.00     0.000000
      6340.00     0.000000
      6350.00     0.000000
      6360.00     0.000000
      6370.00     0.000000
      6380.00     0.000000
      6390.00     0.000000
      6400.00     0.000000
      6410.00     0.000000
      6420.00     0.000000
      6430.00     0.000000
      6440.00     0.000000
      6450.00     0.000000
      6460.00     0.000000
      6470.00     0.000000
      6480.00     0.000000
      6490.00     0.000000
      6500.00     0.000000
      6510.00     0.000000
      6520.00     0.000000
      6530.00     0.000000
      6540.00     0.000000
      6550.00     0.000000
      6560.00     0.000000
      6570.00     0.000000
      6580.00     0.000000
      6590.00     0.000000
      6600.00     0.000000
      6610.00     0.000000
      6620.00     0.000000
      6630.00     0.000000
      6640.00     0.000000
      6650.00     0.000000
      6660.00     0.000000
      6670.00     0.000000
      6680.00     0.000000
      6690.00     0.000000
      6700.00     0.000000
      6710.00     0.000000
      6720.00     0.000000
      6730.00     0.000000
      6740.00     0.000000
      6750.00     0.000000
      6760.00     0.000000
      6770.00     0.000000
      6780.00     0.000000
      6790.00     0.000000
      6800.00     0.000000
      6810.00     0.000000
      6820.00     0.000000
      6830.00     0.000000
      6840.00     0.000000
      6850.00     0.000000
      6860.00     0.000000
      6870.00     0.000000
      6880.00     0.000000
      6890.00     0.000000
      6900.00     0.000000
      6910.00     0.000000
      6920.00     0.000000
      6930.00     0.000000
      6940.00     0.000000
      6950.00     0.000000
      6960.00     0.000000
      6970.00     0.000000
      6980.00     0.000000
      6990.00     0.000000
      7000.00     0.000000
      7010.00     0.000000
      7020.00     0.000000
      7030.00     0.000000
      7040.00     0.000000
      7050.00     0.000000
      7060.00     0.000000
      7070.00     0.000000
      7080.00     0.000000
      7090.00     0.000000
      7100.00     0.000000
      7110.00     0.000000
      7120.00     0.000000
      7130.00     0.000000
      7140.00     0.000000
      7170.00     0.000000
      7180.00     0.000000
      7190.00     0.000000
      7200.00     0.000000
      7210.00     0.000000
      7220.00     0.000000
      7230.00     0.000000
      7240.00     0.000000
      7250.00     0.000000
      7260.00     0.000000
      7270.00     0.000000
      7280.00     0.000000
      7290.00     0.000000
      7300.00     0.000000
      7310.00     0.000000
      7320.00     0.000000
      7330.00     0.000000
      7340.00     0.000000
      7350.00     0.000000
      7360.00     0.000000
      7370.00     0.000000
      7380.00     0.000000
      7390.00     0.000000
      7400.00     0.000000
      7410.00     0.000000
      7420.00     0.000000
      7430.00     0.000000
      7440.00     0.000000
      7450.00     0.000000
      7460.00     0.000000
      7470.00     0.000000
      7480.00     0.000000
      7490.00     0.000000
      7500.00     0.000000
      7510.00     0.000000
      7520.00     0.000000
      7530.00     0.000000
      7540.00     0.000000
      7550.00     0.000000
      7560.00     0.000000
      7570.00     0.000000
      7580.00     0.000000
      7590.00     0.000000
      7600.00     0.000000
      7610.00     0.000000
      7620.00     0.000000
      7630.00     0.000000
      7640.00     0.000000
      7650.00     0.000000
      7660.00     0.000000
      7670.00     0.000000
      7680.00     0.000000
      7690.00     0.000000
      7700.00     0.000000
      7710.00     0.000000
      7720.00     0.000000
      7730.00     0.000000
      7740.00     0.000000
      7750.00     0.000000
      7760.00     0.000000
      7770.00     0.000000
      7780.00     0.000000
      7790.00     0.000000
      7800.00     0.000000
      7810.00     0.000000
      7820.00     0.000000
      7830.00     0.000000
      7840.00     0.000000
      7850.00     0.000000
      7860.00     0.000000
      7870.00     0.000000
      7880.00     0.000000
      7890.00     0.000000
      7900.00     0.000000
      7910.00     0.000000
      7920.00     0.000000
      7930.00     0.000000
      7940.00     0.000000
      7950.00     0.000000
      7960.00     0.000000
      7970.00     0.000000
      7980.00     0.000000
      7990.00     0.000000
      8000.00     0.000000
      9000.00     0.000000
      10000.0     0.000000
