      303.000     0.000000
      350.000    0.0635471
      400.000    0.0938949
      450.000     0.123113
      500.000     0.158839
      550.000     0.199126
      600.000     0.250580
      650.000     0.314476
      700.000     0.393662
      750.000     0.488742
      800.000     0.610759
      810.000     0.635162
      820.000     0.661904
      830.000     0.692400
      840.000     0.722896
      850.000     0.753392
      860.000     0.783888
      870.000     0.814384
      880.000     0.844880
      890.000     0.875376
      900.000     0.908642
      920.000     0.983183
      930.000      1.02045
      940.000      1.05772
      950.000      1.09499
      960.000      1.13226
      970.000      1.16953
      980.000      1.20680
      990.000      1.24407
      1000.00      1.28712
      1020.00      1.37801
      1030.00      1.42345
      1040.00      1.46890
      1050.00      1.51434
      1060.00      1.55979
      1070.00      1.60523
      1080.00      1.65067
      1090.00      1.69937
      1110.00      1.81278
      1120.00      1.86949
      1130.00      1.92619
      1140.00      1.98290
      1150.00      2.03961
      1160.00      2.09631
      1170.00      2.15302
      1180.00      2.20972
      1190.00      2.26643
      1200.00      2.32314
      1210.00      2.39335
      1220.00      2.46511
      1230.00      2.53688
      1250.00      2.68042
      1260.00      2.75219
      1270.00      2.82395
      1280.00      2.89572
      1290.00      2.96749
      1300.00      3.03926
      1310.00      3.11103
      1320.00      3.18280
      1325.35      3.22119
      1328.01      3.24028
      1330.00      3.25456
      1340.00      3.32633
      1350.00      3.40787
      1360.00      3.49130
      1370.00      3.57473
      1380.00      3.65816
      1390.00      3.74159
      1400.00      3.82502
      1410.00      3.90846
      1420.00      3.99189
      1430.00      4.07532
      1440.00      4.15875
      1450.00      4.24218
      1460.00      4.32561
      1470.00      4.40905
      1480.00      4.49248
      1490.00      4.57591
      1500.00      4.65934
      1510.00      4.74277
      1530.00      4.92067
      1540.00      5.01461
      1550.00      5.10854
      1560.00      5.20248
      1570.00      5.29642
      1580.00      5.39036
      1590.00      5.48429
      1600.00      5.57823
      1610.00      5.67217
      1630.00      5.86004
      1640.00      5.95398
      1650.00      6.04792
      1660.00      6.14185
      1670.00      6.23579
      1690.00      6.42366
      1700.00      6.51760
      1710.00      6.61154
      1720.00      5.60889
      1730.00      5.63234
      1740.00      5.72200
      1750.00      9.96156
      1760.00      5.86929
      1770.00      6.17961
      1780.00      8.88636
      1790.00      6.10223
      1800.00      6.23935
      1810.00      8.19795
      1820.00      11.4473
      1830.00      6.46093
      1840.00      6.53723
      1850.00      6.61353
      1860.00      6.68983
      1867.86      6.74980
      1871.60      6.77834
      1880.00      7.22051
      1890.00      10.0042
      1900.00      13.8356
      1910.00      14.9018
      1920.00      8.10789
      1930.00      7.32777
      1940.00      7.45129
      1950.00      7.57480
      1970.00      7.82182
      1980.00      7.94533
      1990.00      8.06885
      2000.00      8.19236
      2010.00      8.31587
      2020.00      8.43938
      2040.00      8.87881
      2050.00      10.0563
      2060.00      11.8966
      2080.00      9.52031
      2090.00      9.37454
      2100.00      9.84712
      2110.00      16.2075
      2120.00      51.5870
      2130.00      34.3869
      2140.00      18.9035
      2150.00      16.6990
      2160.00      36.9146
      2170.00      11.5891
      2180.00      13.8040
      2200.00      14.5268
      2210.00      12.2635
      2220.00      11.2886
      2230.00      11.6604
      2240.00      12.4882
      2250.00      12.2543
      2270.00      11.4740
      2280.00      11.8610
      2290.00      12.2481
      2300.00      11.6352
      2310.00      12.3129
      2320.00      12.3178
      2330.00      11.5252
      2340.00      1.82185
      2350.00      11.1777
      2360.00      12.3727
      2370.00      12.6035
      2380.00      12.8342
      2390.00      13.0649
      2400.00      13.2956
      2420.00      14.2722
      2430.00      12.5362
      2440.00      13.2799
      2450.00      13.2112
      2460.00      13.1426
      2470.00      13.0739
      2480.00      12.8177
      2490.00      11.8754
      2500.00      9.16598
      2520.00      6.22304
      2530.00      12.0371
      2540.00      13.8680
      2550.00      14.5168
      2560.00      14.7484
      2570.00      14.9010
      2580.00      15.0537
      2590.00      15.2064
      2600.00      15.3590
      2610.00      15.5117
      2620.00      15.6644
      2630.00      15.8170
      2640.00      15.9697
      2650.00      16.1223
      2660.00      16.2838
      2670.00      16.4464
      2680.00      16.6090
      2690.00      16.7716
      2700.00      16.9342
      2710.00      17.0968
      2720.00      17.2594
      2730.00      17.4220
      2740.00      17.5846
      2750.00      14.0882
      2760.00      10.3791
      2770.00      15.8432
      2780.00      16.2808
      2790.00      16.2974
      2800.00      16.3140
      2810.00      16.3305
      2820.00      16.3471
      2830.00      16.3637
      2840.00      16.3802
      2850.00      16.3968
      2880.00      16.1733
      2890.00      15.9158
      2900.00      15.6583
      2910.00      15.4007
      2920.00      15.1432
      2937.47       3.0060
      2950.00     0.000000
      2960.00     0.000000
      2970.00     0.000000
      2980.00     0.000000
      2990.00     0.000000
      3000.00     0.000000
      3010.00     0.000000
      3020.00     0.000000
      3030.00     0.000000
      3040.00     0.000000
      3050.00     0.000000
      3060.00     0.000000
      3070.00     0.000000
      3080.00     0.000000
      3090.00     0.000000
      3100.00     0.000000
      3110.00     0.000000
      3120.00     0.000000
      3130.00     0.000000
      3140.00     0.000000
      3150.00     0.000000
      3160.00     0.000000
      3170.00     0.000000
      3180.00     0.000000
      3190.00     0.000000
      3200.00     0.000000
      3210.00     0.000000
      3220.00     0.000000
      3230.00     0.000000
      3240.00     0.000000
      3250.00     0.000000
      3260.00     0.000000
      3270.00     0.000000
      3280.00     0.000000
      3290.00     0.000000
      3300.00     0.000000
      3310.00     0.000000
      3320.00     0.000000
      3330.00     0.000000
      3340.00     0.000000
      3350.00     0.000000
      3360.00     0.000000
      3370.00     0.000000
      3380.00     0.000000
      3390.00     0.000000
      3400.00     0.000000
      3410.00     0.000000
      3420.00     0.000000
      3430.00     0.000000
      3440.00     0.000000
      3450.00     0.000000
      3460.00     0.000000
      3470.00     0.000000
      3480.00     0.000000
      3490.00     0.000000
      3500.00     0.000000
      3510.00     0.000000
      3520.00     0.000000
      3530.00     0.000000
      3540.00     0.000000
      3550.00     0.000000
      3560.00     0.000000
      3570.00     0.000000
      3580.00     0.000000
      3590.00     0.000000
      3600.00     0.000000
      3610.00     0.000000
      3620.00     0.000000
      3630.00     0.000000
      3660.00     0.000000
      3670.00     0.000000
      3680.00     0.000000
      3690.00     0.000000
      3700.00     0.000000
      3710.00     0.000000
      3720.00     0.000000
      3730.00     0.000000
      3740.00     0.000000
      3750.00     0.000000
      3770.00     0.000000
      3780.00     0.000000
      3790.00     0.000000
      3800.00     0.000000
      3810.00     0.000000
      3820.00     0.000000
      3830.00     0.000000
      3840.00     0.000000
      3860.00     0.000000
      3870.00     0.000000
      3880.00     0.000000
      3890.00     0.000000
      3900.00     0.000000
      3910.00     0.000000
      3920.00     0.000000
      3930.00     0.000000
      3940.00     0.000000
      3950.00     0.000000
      3960.00     0.000000
      3970.00     0.000000
      3980.00     0.000000
      3990.00     0.000000
      4000.00     0.000000
      4010.00     0.000000
      4020.00     0.000000
      4030.00     0.000000
      4050.00     0.000000
      4060.00     0.000000
      4070.00     0.000000
      4080.00     0.000000
      4090.00     0.000000
      4100.00     0.000000
      4110.00     0.000000
      4120.00     0.000000
      4130.00     0.000000
      4140.00     0.000000
      4150.00     0.000000
      4160.00     0.000000
      4170.00     0.000000
      4180.00     0.000000
      4190.00     0.000000
      4200.00     0.000000
      4210.00     0.000000
      4220.00     0.000000
      4230.00     0.000000
      4240.00     0.000000
      4250.00     0.000000
      4260.00     0.000000
      4270.00     0.000000
      4280.00     0.000000
      4290.00     0.000000
      4300.00     0.000000
      4310.00     0.000000
      4320.00     0.000000
      4330.00     0.000000
      4340.00     0.000000
      4350.00     0.000000
      4360.00     0.000000
      4370.00     0.000000
      4380.00     0.000000
      4390.00     0.000000
      4400.00     0.000000
      4410.00     0.000000
      4420.00     0.000000
      4430.00     0.000000
      4440.00     0.000000
      4450.00     0.000000
      4460.00     0.000000
      4470.00     0.000000
      4480.00     0.000000
      4490.00     0.000000
      4500.00     0.000000
      4510.00     0.000000
      4520.00     0.000000
      4530.00     0.000000
      4540.00     0.000000
      4560.00     0.000000
      4570.00     0.000000
      4580.00     0.000000
      4590.00     0.000000
      4600.00     0.000000
      4610.00     0.000000
      4620.00     0.000000
      4630.00     0.000000
      4640.00     0.000000
      4650.00     0.000000
      4660.00     0.000000
      4670.00     0.000000
      4680.00     0.000000
      4690.00     0.000000
      4700.00     0.000000
      4710.00     0.000000
      4720.00     0.000000
      4730.00     0.000000
      4740.00     0.000000
      4750.00     0.000000
      4760.00     0.000000
      4770.00     0.000000
      4780.00     0.000000
      4790.00     0.000000
      4800.00     0.000000
      4810.00     0.000000
      4820.00     0.000000
      4830.00     0.000000
      4840.00     0.000000
      4850.00     0.000000
      4860.00     0.000000
      4870.00     0.000000
      4880.00     0.000000
      4890.00     0.000000
      4900.00     0.000000
      4910.00     0.000000
      4920.00     0.000000
      4930.00     0.000000
      4940.00     0.000000
      4950.00     0.000000
      4960.00     0.000000
      4970.00     0.000000
      4980.00     0.000000
      4990.00     0.000000
      5000.00     0.000000
      5010.00     0.000000
      5020.00     0.000000
      5030.00     0.000000
      5040.00     0.000000
      5050.00     0.000000
      5060.00     0.000000
      5070.00     0.000000
      5080.00     0.000000
      5090.00     0.000000
      5100.00     0.000000
      5110.00     0.000000
      5120.00     0.000000
      5130.00     0.000000
      5140.00     0.000000
      5150.00     0.000000
      5160.00     0.000000
      5170.00     0.000000
      5180.00     0.000000
      5190.00     0.000000
      5200.00     0.000000
      5210.00     0.000000
      5220.00     0.000000
      5230.00     0.000000
      5240.00     0.000000
      5250.00     0.000000
      5260.00     0.000000
      5270.00     0.000000
      5280.00     0.000000
      5290.00     0.000000
      5300.00     0.000000
      5310.00     0.000000
      5320.00     0.000000
      5330.00     0.000000
      5340.00     0.000000
      5350.00     0.000000
      5360.00     0.000000
      5370.00     0.000000
      5380.00     0.000000
      5390.00     0.000000
      5400.00     0.000000
      5410.00     0.000000
      5420.00     0.000000
      5430.00     0.000000
      5440.00     0.000000
      5450.00     0.000000
      5460.00     0.000000
      5470.00     0.000000
      5480.00     0.000000
      5490.00     0.000000
      5500.00     0.000000
      5510.00     0.000000
      5520.00     0.000000
      5530.00     0.000000
      5540.00     0.000000
      5550.00     0.000000
      5560.00     0.000000
      5570.00     0.000000
      5580.00     0.000000
      5590.00     0.000000
      5600.00     0.000000
      5610.00     0.000000
      5620.00     0.000000
      5630.00     0.000000
      5640.00     0.000000
      5650.00     0.000000
      5660.00     0.000000
      5670.00     0.000000
      5680.00     0.000000
      5690.00     0.000000
      5700.00     0.000000
      5710.00     0.000000
      5720.00     0.000000
      5730.00     0.000000
      5740.00     0.000000
      5750.00     0.000000
      5760.00     0.000000
      5770.00     0.000000
      5780.00     0.000000
      5790.00     0.000000
      5800.00     0.000000
      5810.00     0.000000
      5820.00     0.000000
      5830.00     0.000000
      5840.00     0.000000
      5850.00     0.000000
      5860.00     0.000000
      5870.00     0.000000
      5880.00     0.000000
      5890.00     0.000000
      5900.00     0.000000
      5910.00     0.000000
      5920.00     0.000000
      5930.00     0.000000
      5940.00     0.000000
      5950.00     0.000000
      5960.00     0.000000
      5970.00     0.000000
      5980.00     0.000000
      5990.00     0.000000
      6000.00     0.000000
      6010.00     0.000000
      6020.00     0.000000
      6030.00     0.000000
      6040.00     0.000000
      6050.00     0.000000
      6060.00     0.000000
      6070.00     0.000000
      6080.00     0.000000
      6090.00     0.000000
      6100.00     0.000000
      6110.00     0.000000
      6120.00     0.000000
      6130.00     0.000000
      6140.00     0.000000
      6150.00     0.000000
      6160.00     0.000000
      6170.00     0.000000
      6180.00     0.000000
      6190.00     0.000000
      6200.00     0.000000
      6210.00     0.000000
      6220.00     0.000000
      6230.00     0.000000
      6240.00     0.000000
      6250.00     0.000000
      6260.00     0.000000
      6270.00     0.000000
      6280.00     0.000000
      6290.00     0.000000
      6300.00     0.000000
      6310.00     0.000000
      6320.00     0.000000
      6330.00     0.000000
      6340.00     0.000000
      6350.00     0.000000
      6360.00     0.000000
      6370.00     0.000000
      6380.00     0.000000
      6390.00     0.000000
      6400.00     0.000000
      6410.00     0.000000
      6420.00     0.000000
      6430.00     0.000000
      6440.00     0.000000
      6450.00     0.000000
      6460.00     0.000000
      6470.00     0.000000
      6480.00     0.000000
      6490.00     0.000000
      6500.00     0.000000
      6510.00     0.000000
      6520.00     0.000000
      6530.00     0.000000
      6540.00     0.000000
      6550.00     0.000000
      6560.00     0.000000
      6570.00     0.000000
      6580.00     0.000000
      6590.00     0.000000
      6600.00     0.000000
      6610.00     0.000000
      6620.00     0.000000
      6630.00     0.000000
      6640.00     0.000000
      6650.00     0.000000
      6660.00     0.000000
      6670.00     0.000000
      6680.00     0.000000
      6690.00     0.000000
      6700.00     0.000000
      6710.00     0.000000
      6720.00     0.000000
      6730.00     0.000000
      6740.00     0.000000
      6750.00     0.000000
      6760.00     0.000000
      6770.00     0.000000
      6780.00     0.000000
      6790.00     0.000000
      6800.00     0.000000
      6810.00     0.000000
      6820.00     0.000000
      6830.00     0.000000
      6840.00     0.000000
      6850.00     0.000000
      6860.00     0.000000
      6870.00     0.000000
      6880.00     0.000000
      6890.00     0.000000
      6900.00     0.000000
      6910.00     0.000000
      6920.00     0.000000
      6930.00     0.000000
      6940.00     0.000000
      6950.00     0.000000
      6960.00     0.000000
      6970.00     0.000000
      6980.00     0.000000
      6990.00     0.000000
      7000.00     0.000000
      7010.00     0.000000
      7020.00     0.000000
      7030.00     0.000000
      7040.00     0.000000
      7050.00     0.000000
      7060.00     0.000000
      7070.00     0.000000
      7080.00     0.000000
      7090.00     0.000000
      7100.00     0.000000
      7110.00     0.000000
      7120.00     0.000000
      7130.00     0.000000
      7140.00     0.000000
      7170.00     0.000000
      7180.00     0.000000
      7190.00     0.000000
      7200.00     0.000000
      7210.00     0.000000
      7220.00     0.000000
      7230.00     0.000000
      7240.00     0.000000
      7250.00     0.000000
      7260.00     0.000000
      7270.00     0.000000
      7280.00     0.000000
      7290.00     0.000000
      7300.00     0.000000
      7310.00     0.000000
      7320.00     0.000000
      7330.00     0.000000
      7340.00     0.000000
      7350.00     0.000000
      7360.00     0.000000
      7370.00     0.000000
      7380.00     0.000000
      7390.00     0.000000
      7400.00     0.000000
      7410.00     0.000000
      7420.00     0.000000
      7430.00     0.000000
      7440.00     0.000000
      7450.00     0.000000
      7460.00     0.000000
      7470.00     0.000000
      7480.00     0.000000
      7490.00     0.000000
      7500.00     0.000000
      7510.00     0.000000
      7520.00     0.000000
      7530.00     0.000000
      7540.00     0.000000
      7550.00     0.000000
      7560.00     0.000000
      7570.00     0.000000
      7580.00     0.000000
      7590.00     0.000000
      7600.00     0.000000
      7610.00     0.000000
      7620.00     0.000000
      7630.00     0.000000
      7640.00     0.000000
      7650.00     0.000000
      7660.00     0.000000
      7670.00     0.000000
      7680.00     0.000000
      7690.00     0.000000
      7700.00     0.000000
      7710.00     0.000000
      7720.00     0.000000
      7730.00     0.000000
      7740.00     0.000000
      7750.00     0.000000
      7760.00     0.000000
      7770.00     0.000000
      7780.00     0.000000
      7790.00     0.000000
      7800.00     0.000000
      7810.00     0.000000
      7820.00     0.000000
      7830.00     0.000000
      7840.00     0.000000
      7850.00     0.000000
      7860.00     0.000000
      7870.00     0.000000
      7880.00     0.000000
      7890.00     0.000000
      7900.00     0.000000
      7910.00     0.000000
      7920.00     0.000000
      7930.00     0.000000
      7940.00     0.000000
      7950.00     0.000000
      7960.00     0.000000
      7970.00     0.000000
      7980.00     0.000000
      7990.00     0.000000
      8000.00     0.000000
      9000.00     0.000000
      10000.0     0.000000
