      303.000     0.000000
      350.000     0.000000
      400.000     0.000000
      450.000     0.000000
      500.000     0.000000
      550.000     0.000000
      600.000     0.000000
      650.000      9.41345
      700.000      9.32113
      750.000      9.22882
      800.000      9.13650
      810.000      9.11803
      820.000      9.09957
      830.000      9.08111
      840.000      9.06264
      850.000      8.38962
      860.000      8.38148
      870.000      8.66129
      880.000      8.36208
      890.000      8.36732
      900.000      8.37257
      920.000      8.46470
      930.000      8.38507
      940.000      8.68277
      950.000      8.20563
      960.000      8.34748
      970.000      8.54360
      980.000      7.77778
      990.000      12.9593
      1000.00      7.99448
      1020.00      8.00560
      1030.00      8.09545
      1040.00      7.83744
      1050.00      7.85849
      1060.00      8.06463
      1070.00      8.27078
      1080.00      8.08239
      1090.00      8.17525
      1110.00      8.20714
      1120.00      8.45317
      1130.00      8.40961
      1140.00      7.82452
      1150.00      7.99963
      1160.00      8.28190
      1170.00      7.25581
      1180.00      8.10568
      1190.00      7.43976
      1200.00      7.23766
      1210.00      7.35127
      1220.00      9.17255
      1230.00      8.34513
      1250.00      8.31948
      1260.00      7.70887
      1270.00      7.77173
      1280.00      7.54247
      1290.00      8.45414
      1300.00      5.91546
      1310.00      14.6065
      1320.00      6.20484
      1325.35      7.07223
      1328.01      7.08364
      1330.00      7.09217
      1340.00      6.38330
      1350.00      9.74060
      1360.00      10.4905
      1370.00      7.91139
      1380.00      8.78722
      1390.00      9.22134
      1400.00      9.94266
      1410.00      13.5122
      1420.00      9.88858
      1430.00      16.2125
      1440.00      50.8061
      1450.00      11.9511
      1460.00      13.2264
      1470.00      21.7758
      1480.00      34.7178
      1490.00      21.6644
      1500.00      15.1462
      1510.00      10.2709
      1530.00      10.5594
      1540.00      13.3739
      1550.00      21.8434
      1560.00      34.4933
      1570.00      12.5260
      1580.00      69.2080
      1590.00      10.5906
      1600.00      147.070
      1610.00      32.7282
      1630.00      7.13681
      1640.00      7.20587
      1650.00      7.31385
      1660.00      7.25165
      1670.00      7.28395
      1690.00      7.37082
      1700.00      6.82557
      1710.00      6.46630
      1720.00      8.08991
      1730.00      6.98396
      1740.00      7.91636
      1750.00      5.35297
      1760.00      7.23599
      1770.00      8.17901
      1780.00      12.9226
      1790.00      5.10474
      1800.00      6.03226
      1810.00      6.61385
      1820.00      7.11255
      1830.00      12.2243
      1840.00      7.08614
      1850.00      7.95506
      1860.00      9.77756
      1867.86      21.2521
      1871.60      8.25249
      1880.00      4.20203
      1890.00      5.49833
      1900.00      5.92697
      1910.00      6.33375
      1920.00      6.62408
      1930.00      6.31017
      1940.00      6.93020
      1950.00      7.18316
      1970.00      7.84934
      1980.00      7.55636
      1990.00      7.87576
      2000.00      8.50988
      2010.00      9.16940
      2020.00      10.0617
      2040.00      13.7321
      2050.00      18.2869
      2060.00      25.6132
      2080.00      13.0278
      2090.00      18.4096
      2100.00      1.34006
      2110.00      3.19618
      2120.00      3.62121
      2130.00      4.15732
      2140.00      4.57029
      2150.00      4.99689
      2160.00      5.41979
      2170.00      5.91069
      2183.62       4.7690
      2200.00     0.000000
      2210.00     0.000000
      2220.00     0.000000
      2230.00     0.000000
      2240.00     0.000000
      2250.00     0.000000
      2270.00     0.000000
      2280.00     0.000000
      2290.00     0.000000
      2300.00     0.000000
      2310.00     0.000000
      2320.00     0.000000
      2330.00     0.000000
      2340.00     0.000000
      2350.00     0.000000
      2360.00     0.000000
      2370.00     0.000000
      2380.00     0.000000
      2390.00     0.000000
      2400.00     0.000000
      2420.00     0.000000
      2430.00     0.000000
      2440.00     0.000000
      2450.00     0.000000
      2460.00     0.000000
      2470.00     0.000000
      2480.00     0.000000
      2490.00     0.000000
      2500.00     0.000000
      2520.00     0.000000
      2530.00     0.000000
      2540.00     0.000000
      2550.00     0.000000
      2560.00     0.000000
      2570.00     0.000000
      2580.00     0.000000
      2590.00     0.000000
      2600.00     0.000000
      2610.00     0.000000
      2620.00     0.000000
      2630.00     0.000000
      2640.00     0.000000
      2650.00     0.000000
      2660.00     0.000000
      2670.00     0.000000
      2680.00     0.000000
      2690.00     0.000000
      2700.00     0.000000
      2710.00     0.000000
      2720.00     0.000000
      2730.00     0.000000
      2740.00     0.000000
      2750.00     0.000000
      2760.00     0.000000
      2770.00     0.000000
      2780.00     0.000000
      2790.00     0.000000
      2800.00     0.000000
      2810.00     0.000000
      2820.00     0.000000
      2830.00     0.000000
      2840.00     0.000000
      2850.00     0.000000
      2880.00     0.000000
      2890.00     0.000000
      2900.00     0.000000
      2910.00     0.000000
      2920.00     0.000000
      2950.00     0.000000
      2960.00     0.000000
      2970.00     0.000000
      2980.00     0.000000
      2990.00     0.000000
      3000.00     0.000000
      3010.00     0.000000
      3020.00     0.000000
      3030.00     0.000000
      3040.00     0.000000
      3050.00     0.000000
      3060.00     0.000000
      3070.00     0.000000
      3080.00     0.000000
      3090.00     0.000000
      3100.00     0.000000
      3110.00     0.000000
      3120.00     0.000000
      3130.00     0.000000
      3140.00     0.000000
      3150.00     0.000000
      3160.00     0.000000
      3170.00     0.000000
      3180.00     0.000000
      3190.00     0.000000
      3200.00     0.000000
      3210.00     0.000000
      3220.00     0.000000
      3230.00     0.000000
      3240.00     0.000000
      3250.00     0.000000
      3260.00     0.000000
      3270.00     0.000000
      3280.00     0.000000
      3290.00     0.000000
      3300.00     0.000000
      3310.00     0.000000
      3320.00     0.000000
      3330.00     0.000000
      3340.00     0.000000
      3350.00     0.000000
      3360.00     0.000000
      3370.00     0.000000
      3380.00     0.000000
      3390.00     0.000000
      3400.00     0.000000
      3410.00     0.000000
      3420.00     0.000000
      3430.00     0.000000
      3440.00     0.000000
      3450.00     0.000000
      3460.00     0.000000
      3470.00     0.000000
      3480.00     0.000000
      3490.00     0.000000
      3500.00     0.000000
      3510.00     0.000000
      3520.00     0.000000
      3530.00     0.000000
      3540.00     0.000000
      3550.00     0.000000
      3560.00     0.000000
      3570.00     0.000000
      3580.00     0.000000
      3590.00     0.000000
      3600.00     0.000000
      3610.00     0.000000
      3620.00     0.000000
      3630.00     0.000000
      3660.00     0.000000
      3670.00     0.000000
      3680.00     0.000000
      3690.00     0.000000
      3700.00     0.000000
      3710.00     0.000000
      3720.00     0.000000
      3730.00     0.000000
      3740.00     0.000000
      3750.00     0.000000
      3770.00     0.000000
      3780.00     0.000000
      3790.00     0.000000
      3800.00     0.000000
      3810.00     0.000000
      3820.00     0.000000
      3830.00     0.000000
      3840.00     0.000000
      3860.00     0.000000
      3870.00     0.000000
      3880.00     0.000000
      3890.00     0.000000
      3900.00     0.000000
      3910.00     0.000000
      3920.00     0.000000
      3930.00     0.000000
      3940.00     0.000000
      3950.00     0.000000
      3960.00     0.000000
      3970.00     0.000000
      3980.00     0.000000
      3990.00     0.000000
      4000.00     0.000000
      4010.00     0.000000
      4020.00     0.000000
      4030.00     0.000000
      4050.00     0.000000
      4060.00     0.000000
      4070.00     0.000000
      4080.00     0.000000
      4090.00     0.000000
      4100.00     0.000000
      4110.00     0.000000
      4120.00     0.000000
      4130.00     0.000000
      4140.00     0.000000
      4150.00     0.000000
      4160.00     0.000000
      4170.00     0.000000
      4180.00     0.000000
      4190.00     0.000000
      4200.00     0.000000
      4210.00     0.000000
      4220.00     0.000000
      4230.00     0.000000
      4240.00     0.000000
      4250.00     0.000000
      4260.00     0.000000
      4270.00     0.000000
      4280.00     0.000000
      4290.00     0.000000
      4300.00     0.000000
      4310.00     0.000000
      4320.00     0.000000
      4330.00     0.000000
      4340.00     0.000000
      4350.00     0.000000
      4360.00     0.000000
      4370.00     0.000000
      4380.00     0.000000
      4390.00     0.000000
      4400.00     0.000000
      4410.00     0.000000
      4420.00     0.000000
      4430.00     0.000000
      4440.00     0.000000
      4450.00     0.000000
      4460.00     0.000000
      4470.00     0.000000
      4480.00     0.000000
      4490.00     0.000000
      4500.00     0.000000
      4510.00     0.000000
      4520.00     0.000000
      4530.00     0.000000
      4540.00     0.000000
      4560.00     0.000000
      4570.00     0.000000
      4580.00     0.000000
      4590.00     0.000000
      4600.00     0.000000
      4610.00     0.000000
      4620.00     0.000000
      4630.00     0.000000
      4640.00     0.000000
      4650.00     0.000000
      4660.00     0.000000
      4670.00     0.000000
      4680.00     0.000000
      4690.00     0.000000
      4700.00     0.000000
      4710.00     0.000000
      4720.00     0.000000
      4730.00     0.000000
      4740.00     0.000000
      4750.00     0.000000
      4760.00     0.000000
      4770.00     0.000000
      4780.00     0.000000
      4790.00     0.000000
      4800.00     0.000000
      4810.00     0.000000
      4820.00     0.000000
      4830.00     0.000000
      4840.00     0.000000
      4850.00     0.000000
      4860.00     0.000000
      4870.00     0.000000
      4880.00     0.000000
      4890.00     0.000000
      4900.00     0.000000
      4910.00     0.000000
      4920.00     0.000000
      4930.00     0.000000
      4940.00     0.000000
      4950.00     0.000000
      4960.00     0.000000
      4970.00     0.000000
      4980.00     0.000000
      4990.00     0.000000
      5000.00     0.000000
      5010.00     0.000000
      5020.00     0.000000
      5030.00     0.000000
      5040.00     0.000000
      5050.00     0.000000
      5060.00     0.000000
      5070.00     0.000000
      5080.00     0.000000
      5090.00     0.000000
      5100.00     0.000000
      5110.00     0.000000
      5120.00     0.000000
      5130.00     0.000000
      5140.00     0.000000
      5150.00     0.000000
      5160.00     0.000000
      5170.00     0.000000
      5180.00     0.000000
      5190.00     0.000000
      5200.00     0.000000
      5210.00     0.000000
      5220.00     0.000000
      5230.00     0.000000
      5240.00     0.000000
      5250.00     0.000000
      5260.00     0.000000
      5270.00     0.000000
      5280.00     0.000000
      5290.00     0.000000
      5300.00     0.000000
      5310.00     0.000000
      5320.00     0.000000
      5330.00     0.000000
      5340.00     0.000000
      5350.00     0.000000
      5360.00     0.000000
      5370.00     0.000000
      5380.00     0.000000
      5390.00     0.000000
      5400.00     0.000000
      5410.00     0.000000
      5420.00     0.000000
      5430.00     0.000000
      5440.00     0.000000
      5450.00     0.000000
      5460.00     0.000000
      5470.00     0.000000
      5480.00     0.000000
      5490.00     0.000000
      5500.00     0.000000
      5510.00     0.000000
      5520.00     0.000000
      5530.00     0.000000
      5540.00     0.000000
      5550.00     0.000000
      5560.00     0.000000
      5570.00     0.000000
      5580.00     0.000000
      5590.00     0.000000
      5600.00     0.000000
      5610.00     0.000000
      5620.00     0.000000
      5630.00     0.000000
      5640.00     0.000000
      5650.00     0.000000
      5660.00     0.000000
      5670.00     0.000000
      5680.00     0.000000
      5690.00     0.000000
      5700.00     0.000000
      5710.00     0.000000
      5720.00     0.000000
      5730.00     0.000000
      5740.00     0.000000
      5750.00     0.000000
      5760.00     0.000000
      5770.00     0.000000
      5780.00     0.000000
      5790.00     0.000000
      5800.00     0.000000
      5810.00     0.000000
      5820.00     0.000000
      5830.00     0.000000
      5840.00     0.000000
      5850.00     0.000000
      5860.00     0.000000
      5870.00     0.000000
      5880.00     0.000000
      5890.00     0.000000
      5900.00     0.000000
      5910.00     0.000000
      5920.00     0.000000
      5930.00     0.000000
      5940.00     0.000000
      5950.00     0.000000
      5960.00     0.000000
      5970.00     0.000000
      5980.00     0.000000
      5990.00     0.000000
      6000.00     0.000000
      6010.00     0.000000
      6020.00     0.000000
      6030.00     0.000000
      6040.00     0.000000
      6050.00     0.000000
      6060.00     0.000000
      6070.00     0.000000
      6080.00     0.000000
      6090.00     0.000000
      6100.00     0.000000
      6110.00     0.000000
      6120.00     0.000000
      6130.00     0.000000
      6140.00     0.000000
      6150.00     0.000000
      6160.00     0.000000
      6170.00     0.000000
      6180.00     0.000000
      6190.00     0.000000
      6200.00     0.000000
      6210.00     0.000000
      6220.00     0.000000
      6230.00     0.000000
      6240.00     0.000000
      6250.00     0.000000
      6260.00     0.000000
      6270.00     0.000000
      6280.00     0.000000
      6290.00     0.000000
      6300.00     0.000000
      6310.00     0.000000
      6320.00     0.000000
      6330.00     0.000000
      6340.00     0.000000
      6350.00     0.000000
      6360.00     0.000000
      6370.00     0.000000
      6380.00     0.000000
      6390.00     0.000000
      6400.00     0.000000
      6410.00     0.000000
      6420.00     0.000000
      6430.00     0.000000
      6440.00     0.000000
      6450.00     0.000000
      6460.00     0.000000
      6470.00     0.000000
      6480.00     0.000000
      6490.00     0.000000
      6500.00     0.000000
      6510.00     0.000000
      6520.00     0.000000
      6530.00     0.000000
      6540.00     0.000000
      6550.00     0.000000
      6560.00     0.000000
      6570.00     0.000000
      6580.00     0.000000
      6590.00     0.000000
      6600.00     0.000000
      6610.00     0.000000
      6620.00     0.000000
      6630.00     0.000000
      6640.00     0.000000
      6650.00     0.000000
      6660.00     0.000000
      6670.00     0.000000
      6680.00     0.000000
      6690.00     0.000000
      6700.00     0.000000
      6710.00     0.000000
      6720.00     0.000000
      6730.00     0.000000
      6740.00     0.000000
      6750.00     0.000000
      6760.00     0.000000
      6770.00     0.000000
      6780.00     0.000000
      6790.00     0.000000
      6800.00     0.000000
      6810.00     0.000000
      6820.00     0.000000
      6830.00     0.000000
      6840.00     0.000000
      6850.00     0.000000
      6860.00     0.000000
      6870.00     0.000000
      6880.00     0.000000
      6890.00     0.000000
      6900.00     0.000000
      6910.00     0.000000
      6920.00     0.000000
      6930.00     0.000000
      6940.00     0.000000
      6950.00     0.000000
      6960.00     0.000000
      6970.00     0.000000
      6980.00     0.000000
      6990.00     0.000000
      7000.00     0.000000
      7010.00     0.000000
      7020.00     0.000000
      7030.00     0.000000
      7040.00     0.000000
      7050.00     0.000000
      7060.00     0.000000
      7070.00     0.000000
      7080.00     0.000000
      7090.00     0.000000
      7100.00     0.000000
      7110.00     0.000000
      7120.00     0.000000
      7130.00     0.000000
      7140.00     0.000000
      7170.00     0.000000
      7180.00     0.000000
      7190.00     0.000000
      7200.00     0.000000
      7210.00     0.000000
      7220.00     0.000000
      7230.00     0.000000
      7240.00     0.000000
      7250.00     0.000000
      7260.00     0.000000
      7270.00     0.000000
      7280.00     0.000000
      7290.00     0.000000
      7300.00     0.000000
      7310.00     0.000000
      7320.00     0.000000
      7330.00     0.000000
      7340.00     0.000000
      7350.00     0.000000
      7360.00     0.000000
      7370.00     0.000000
      7380.00     0.000000
      7390.00     0.000000
      7400.00     0.000000
      7410.00     0.000000
      7420.00     0.000000
      7430.00     0.000000
      7440.00     0.000000
      7450.00     0.000000
      7460.00     0.000000
      7470.00     0.000000
      7480.00     0.000000
      7490.00     0.000000
      7500.00     0.000000
      7510.00     0.000000
      7520.00     0.000000
      7530.00     0.000000
      7540.00     0.000000
      7550.00     0.000000
      7560.00     0.000000
      7570.00     0.000000
      7580.00     0.000000
      7590.00     0.000000
      7600.00     0.000000
      7610.00     0.000000
      7620.00     0.000000
      7630.00     0.000000
      7640.00     0.000000
      7650.00     0.000000
      7660.00     0.000000
      7670.00     0.000000
      7680.00     0.000000
      7690.00     0.000000
      7700.00     0.000000
      7710.00     0.000000
      7720.00     0.000000
      7730.00     0.000000
      7740.00     0.000000
      7750.00     0.000000
      7760.00     0.000000
      7770.00     0.000000
      7780.00     0.000000
      7790.00     0.000000
      7800.00     0.000000
      7810.00     0.000000
      7820.00     0.000000
      7830.00     0.000000
      7840.00     0.000000
      7850.00     0.000000
      7860.00     0.000000
      7870.00     0.000000
      7880.00     0.000000
      7890.00     0.000000
      7900.00     0.000000
      7910.00     0.000000
      7920.00     0.000000
      7930.00     0.000000
      7940.00     0.000000
      7950.00     0.000000
      7960.00     0.000000
      7970.00     0.000000
      7980.00     0.000000
      7990.00     0.000000
      8000.00     0.000000
      9000.00     0.000000
      10000.0     0.000000
