      303.000    0.0830435
      350.000     0.128019
      400.000     0.191032
      450.000     0.206347
      500.000     0.212860
      550.000     0.219373
      600.000     0.221676
      650.000     0.217980
      700.000     0.214285
      750.000     0.210589
      800.000     0.206894
      810.000     0.206154
      820.000     0.205415
      830.000     0.204676
      840.000     0.247161
      850.000     0.201107
      860.000     0.200080
      870.000     0.233725
      880.000     0.205318
      890.000     0.342260
      900.000     0.230308
      920.000     0.220654
      930.000     0.219780
      940.000     0.193650
      950.000     0.185281
      960.000     0.205188
      970.000     0.214119
      980.000     0.223239
      990.000     0.220570
      1000.00     0.236552
      1020.00     0.247562
      1030.00     0.252604
      1040.00     0.261508
      1050.00     0.298825
      1060.00     0.352416
      1070.00     0.255836
      1080.00     0.188761
      1090.00     0.272083
      1110.00     0.295500
      1120.00     0.426251
      1130.00     0.573089
      1140.00     0.277638
      1150.00     0.303362
      1160.00     0.334550
      1170.00     0.358327
      1180.00     0.432656
      1190.00     0.461757
      1200.00     0.515269
      1210.00     0.581342
      1220.00     0.587991
      1230.00     0.610131
      1250.00     0.654411
      1260.00     0.676551
      1270.00     0.698691
      1280.00     0.720831
      1290.00     0.739877
      1300.00     0.725400
      1310.00     0.698920
      1320.00     0.619549
      1325.35     0.577086
      1328.01     0.555973
      1330.00     0.542383
      1340.00     0.543832
      1350.00     0.630499
      1360.00     0.733504
      1370.00     0.836509
      1380.00     0.913080
      1390.00     0.976574
      1400.00      1.04007
      1410.00      1.10356
      1420.00      1.17548
      1430.00      1.29800
      1440.00      1.41719
      1450.00      1.46571
      1460.00      1.51423
      1470.00      1.56275
      1480.00      1.61127
      1490.00      1.65979
      1500.00      1.71594
      1510.00      1.77800
      1530.00      1.90214
      1540.00      1.96420
      1550.00      2.02627
      1560.00      2.08834
      1570.00      2.15040
      1580.00      2.21247
      1590.00      2.27454
      1600.00      2.33660
      1610.00      2.39867
      1630.00      2.25949
      1640.00      2.73764
      1650.00      3.50104
      1660.00      3.15082
      1670.00     0.394055
      1690.00      2.85872
      1700.00      2.14030
      1710.00      4.09523
      1720.00      4.41907
      1730.00      1.17215
      1740.00     0.732407
      1750.00      3.10375
      1760.00      4.40221
      1770.00      5.05338
      1780.00      5.38404
      1790.00      5.18328
      1800.00      3.91966
      1810.00      1.38743
      1820.00     0.228482
      1830.00      1.28105
      1840.00      2.71490
      1850.00      3.93930
      1860.00      4.91148
      1867.86      5.45349
      1871.60      5.67822
      1880.00      6.18297
      1890.00      6.72943
      1900.00      7.01539
      1910.00      7.30135
      1920.00      7.58731
      1930.00      7.54071
      1940.00      7.43415
      1950.00      7.24245
      1970.00      5.76204
      1980.00      4.63132
      1990.00      3.37887
      2000.00      2.12643
      2010.00      1.03625
      2020.00     0.418133
      2040.00     0.733387
      2050.00      1.50007
      2060.00      2.48570
      2080.00      4.60265
      2090.00      5.66113
      2100.00      6.71961
      2110.00      7.77808
      2120.00      8.63526
      2130.00      9.45634
      2140.00      10.2774
      2150.00      11.0985
      2160.00      11.9196
      2170.00      12.7407
      2180.00      13.5618
      2200.00      15.2039
      2210.00      16.0250
      2220.00      16.8461
      2230.00      17.6449
      2240.00      18.4065
      2250.00      19.1681
      2270.00      20.6913
      2280.00      21.4529
      2290.00      22.2145
      2300.00      22.9761
      2310.00      23.7377
      2320.00      24.4993
      2330.00      25.2610
      2340.00      26.0226
      2350.00      26.7842
      2360.00      27.5458
      2370.00      28.3074
      2380.00      29.0690
      2390.00      29.8306
      2400.00      30.5922
      2420.00      32.1822
      2430.00      33.0238
      2440.00      33.8655
      2450.00      34.7072
      2460.00      35.5488
      2470.00      36.3905
      2480.00      37.2322
      2490.00      38.0738
      2500.00      38.9155
      2520.00      40.5988
      2530.00      41.4405
      2540.00      42.2821
      2550.00      43.1238
      2560.00      43.9655
      2570.00      44.8071
      2580.00      45.6488
      2590.00      46.4905
      2600.00      47.3321
      2610.00      48.1738
      2620.00      49.0155
      2630.00      49.8571
      2640.00      50.6988
      2650.00      51.5404
      2660.00      52.3821
      2670.00      53.2238
      2680.00      54.0654
      2690.00      54.9071
      2700.00      55.8078
      2710.00      56.7740
      2720.00      57.7402
      2730.00      58.7065
      2740.00      59.6727
      2750.00      60.6389
      2760.00      61.6052
      2770.00      62.5714
      2780.00      63.5376
      2790.00      64.5039
      2800.00      65.4701
      2810.00      66.4363
      2820.00      67.4026
      2830.00      68.3688
      2840.00      69.3350
      2850.00      70.3012
      2880.00      77.0196
      2890.00      79.3230
      2900.00      82.9279
      2910.00      89.0431
      2920.00      95.1583
      2950.00      210.982
      2960.00      328.047
      2970.00      441.380
      2980.00      329.942
      2990.00      218.504
      3000.00      143.652
      3010.00      120.781
      3020.00      97.9099
      3030.00      88.5850
      3040.00      84.4665
      3050.00      80.3481
      3060.00      79.0489
      3070.00      77.9305
      3080.00      76.8820
      3090.00      76.9155
      3100.00      76.9489
      3110.00      76.9824
      3120.00      77.0159
      3130.00      77.0493
      3140.00      77.0828
      3150.00      77.1162
      3160.00      77.1497
      3170.00      77.1831
      3180.00      77.2166
      3190.00      77.2500
      3200.00      77.2835
      3210.00      77.3169
      3220.00      77.3504
      3230.00      77.3839
      3240.00      77.4173
      3250.00      77.4508
      3260.00      77.4842
      3270.00      77.5177
      3280.00      77.5511
      3290.00      77.5846
      3300.00      77.6180
      3310.00      77.6515
      3320.00      77.6850
      3330.00      77.7184
      3340.00      77.7519
      3350.00      77.7853
      3360.00      77.8188
      3370.00      77.8522
      3380.00      77.8857
      3390.00      77.9191
      3400.00      77.9526
      3410.00      77.9860
      3420.00      78.0195
      3430.00      78.0530
      3440.00      78.0864
      3450.00      78.1199
      3460.00      78.1533
      3470.00      78.1868
      3480.00      78.1748
      3490.00      78.0598
      3500.00      77.9447
      3510.00      77.8297
      3520.00      77.7146
      3530.00      77.5996
      3540.00      77.4845
      3550.00      77.3695
      3560.00      77.2544
      3570.00      77.1394
      3580.00      77.0243
      3590.00      76.9093
      3600.00      76.7942
      3610.00      76.6792
      3620.00      76.5641
      3630.00      76.4491
      3660.00      76.1039
      3670.00      75.9889
      3680.00      75.8738
      3690.00      75.7588
      3700.00      75.6437
      3710.00      75.5287
      3720.00      75.4136
      3730.00      75.2986
      3740.00      75.1835
      3750.00      75.0685
      3756.61      73.4600
      3770.00     0.000000
      3780.00     0.000000
      3790.00     0.000000
      3800.00     0.000000
      3810.00     0.000000
      3820.00     0.000000
      3830.00     0.000000
      3840.00     0.000000
      3860.00     0.000000
      3870.00     0.000000
      3880.00     0.000000
      3890.00     0.000000
      3900.00     0.000000
      3910.00     0.000000
      3920.00     0.000000
      3930.00     0.000000
      3940.00     0.000000
      3950.00     0.000000
      3960.00     0.000000
      3970.00     0.000000
      3980.00     0.000000
      3990.00     0.000000
      4000.00     0.000000
      4010.00     0.000000
      4020.00     0.000000
      4030.00     0.000000
      4050.00     0.000000
      4060.00     0.000000
      4070.00     0.000000
      4080.00     0.000000
      4090.00     0.000000
      4100.00     0.000000
      4110.00     0.000000
      4120.00     0.000000
      4130.00     0.000000
      4140.00     0.000000
      4150.00     0.000000
      4160.00     0.000000
      4170.00     0.000000
      4180.00     0.000000
      4190.00     0.000000
      4200.00     0.000000
      4210.00     0.000000
      4220.00     0.000000
      4230.00     0.000000
      4240.00     0.000000
      4250.00     0.000000
      4260.00     0.000000
      4270.00     0.000000
      4280.00     0.000000
      4290.00     0.000000
      4300.00     0.000000
      4310.00     0.000000
      4320.00     0.000000
      4330.00     0.000000
      4340.00     0.000000
      4350.00     0.000000
      4360.00     0.000000
      4370.00     0.000000
      4380.00     0.000000
      4390.00     0.000000
      4400.00     0.000000
      4410.00     0.000000
      4420.00     0.000000
      4430.00     0.000000
      4440.00     0.000000
      4450.00     0.000000
      4460.00     0.000000
      4470.00     0.000000
      4480.00     0.000000
      4490.00     0.000000
      4500.00     0.000000
      4510.00     0.000000
      4520.00     0.000000
      4530.00     0.000000
      4540.00     0.000000
      4560.00     0.000000
      4570.00     0.000000
      4580.00     0.000000
      4590.00     0.000000
      4600.00     0.000000
      4610.00     0.000000
      4620.00     0.000000
      4630.00     0.000000
      4640.00     0.000000
      4650.00     0.000000
      4660.00     0.000000
      4670.00     0.000000
      4680.00     0.000000
      4690.00     0.000000
      4700.00     0.000000
      4710.00     0.000000
      4720.00     0.000000
      4730.00     0.000000
      4740.00     0.000000
      4750.00     0.000000
      4760.00     0.000000
      4770.00     0.000000
      4780.00     0.000000
      4790.00     0.000000
      4800.00     0.000000
      4810.00     0.000000
      4820.00     0.000000
      4830.00     0.000000
      4840.00     0.000000
      4850.00     0.000000
      4860.00     0.000000
      4870.00     0.000000
      4880.00     0.000000
      4890.00     0.000000
      4900.00     0.000000
      4910.00     0.000000
      4920.00     0.000000
      4930.00     0.000000
      4940.00     0.000000
      4950.00     0.000000
      4960.00     0.000000
      4970.00     0.000000
      4980.00     0.000000
      4990.00     0.000000
      5000.00     0.000000
      5010.00     0.000000
      5020.00     0.000000
      5030.00     0.000000
      5040.00     0.000000
      5050.00     0.000000
      5060.00     0.000000
      5070.00     0.000000
      5080.00     0.000000
      5090.00     0.000000
      5100.00     0.000000
      5110.00     0.000000
      5120.00     0.000000
      5130.00     0.000000
      5140.00     0.000000
      5150.00     0.000000
      5160.00     0.000000
      5170.00     0.000000
      5180.00     0.000000
      5190.00     0.000000
      5200.00     0.000000
      5210.00     0.000000
      5220.00     0.000000
      5230.00     0.000000
      5240.00     0.000000
      5250.00     0.000000
      5260.00     0.000000
      5270.00     0.000000
      5280.00     0.000000
      5290.00     0.000000
      5300.00     0.000000
      5310.00     0.000000
      5320.00     0.000000
      5330.00     0.000000
      5340.00     0.000000
      5350.00     0.000000
      5360.00     0.000000
      5370.00     0.000000
      5380.00     0.000000
      5390.00     0.000000
      5400.00     0.000000
      5410.00     0.000000
      5420.00     0.000000
      5430.00     0.000000
      5440.00     0.000000
      5450.00     0.000000
      5460.00     0.000000
      5470.00     0.000000
      5480.00     0.000000
      5490.00     0.000000
      5500.00     0.000000
      5510.00     0.000000
      5520.00     0.000000
      5530.00     0.000000
      5540.00     0.000000
      5550.00     0.000000
      5560.00     0.000000
      5570.00     0.000000
      5580.00     0.000000
      5590.00     0.000000
      5600.00     0.000000
      5610.00     0.000000
      5620.00     0.000000
      5630.00     0.000000
      5640.00     0.000000
      5650.00     0.000000
      5660.00     0.000000
      5670.00     0.000000
      5680.00     0.000000
      5690.00     0.000000
      5700.00     0.000000
      5710.00     0.000000
      5720.00     0.000000
      5730.00     0.000000
      5740.00     0.000000
      5750.00     0.000000
      5760.00     0.000000
      5770.00     0.000000
      5780.00     0.000000
      5790.00     0.000000
      5800.00     0.000000
      5810.00     0.000000
      5820.00     0.000000
      5830.00     0.000000
      5840.00     0.000000
      5850.00     0.000000
      5860.00     0.000000
      5870.00     0.000000
      5880.00     0.000000
      5890.00     0.000000
      5900.00     0.000000
      5910.00     0.000000
      5920.00     0.000000
      5930.00     0.000000
      5940.00     0.000000
      5950.00     0.000000
      5960.00     0.000000
      5970.00     0.000000
      5980.00     0.000000
      5990.00     0.000000
      6000.00     0.000000
      6010.00     0.000000
      6020.00     0.000000
      6030.00     0.000000
      6040.00     0.000000
      6050.00     0.000000
      6060.00     0.000000
      6070.00     0.000000
      6080.00     0.000000
      6090.00     0.000000
      6100.00     0.000000
      6110.00     0.000000
      6120.00     0.000000
      6130.00     0.000000
      6140.00     0.000000
      6150.00     0.000000
      6160.00     0.000000
      6170.00     0.000000
      6180.00     0.000000
      6190.00     0.000000
      6200.00     0.000000
      6210.00     0.000000
      6220.00     0.000000
      6230.00     0.000000
      6240.00     0.000000
      6250.00     0.000000
      6260.00     0.000000
      6270.00     0.000000
      6280.00     0.000000
      6290.00     0.000000
      6300.00     0.000000
      6310.00     0.000000
      6320.00     0.000000
      6330.00     0.000000
      6340.00     0.000000
      6350.00     0.000000
      6360.00     0.000000
      6370.00     0.000000
      6380.00     0.000000
      6390.00     0.000000
      6400.00     0.000000
      6410.00     0.000000
      6420.00     0.000000
      6430.00     0.000000
      6440.00     0.000000
      6450.00     0.000000
      6460.00     0.000000
      6470.00     0.000000
      6480.00     0.000000
      6490.00     0.000000
      6500.00     0.000000
      6510.00     0.000000
      6520.00     0.000000
      6530.00     0.000000
      6540.00     0.000000
      6550.00     0.000000
      6560.00     0.000000
      6570.00     0.000000
      6580.00     0.000000
      6590.00     0.000000
      6600.00     0.000000
      6610.00     0.000000
      6620.00     0.000000
      6630.00     0.000000
      6640.00     0.000000
      6650.00     0.000000
      6660.00     0.000000
      6670.00     0.000000
      6680.00     0.000000
      6690.00     0.000000
      6700.00     0.000000
      6710.00     0.000000
      6720.00     0.000000
      6730.00     0.000000
      6740.00     0.000000
      6750.00     0.000000
      6760.00     0.000000
      6770.00     0.000000
      6780.00     0.000000
      6790.00     0.000000
      6800.00     0.000000
      6810.00     0.000000
      6820.00     0.000000
      6830.00     0.000000
      6840.00     0.000000
      6850.00     0.000000
      6860.00     0.000000
      6870.00     0.000000
      6880.00     0.000000
      6890.00     0.000000
      6900.00     0.000000
      6910.00     0.000000
      6920.00     0.000000
      6930.00     0.000000
      6940.00     0.000000
      6950.00     0.000000
      6960.00     0.000000
      6970.00     0.000000
      6980.00     0.000000
      6990.00     0.000000
      7000.00     0.000000
      7010.00     0.000000
      7020.00     0.000000
      7030.00     0.000000
      7040.00     0.000000
      7050.00     0.000000
      7060.00     0.000000
      7070.00     0.000000
      7080.00     0.000000
      7090.00     0.000000
      7100.00     0.000000
      7110.00     0.000000
      7120.00     0.000000
      7130.00     0.000000
      7140.00     0.000000
      7170.00     0.000000
      7180.00     0.000000
      7190.00     0.000000
      7200.00     0.000000
      7210.00     0.000000
      7220.00     0.000000
      7230.00     0.000000
      7240.00     0.000000
      7250.00     0.000000
      7260.00     0.000000
      7270.00     0.000000
      7280.00     0.000000
      7290.00     0.000000
      7300.00     0.000000
      7310.00     0.000000
      7320.00     0.000000
      7330.00     0.000000
      7340.00     0.000000
      7350.00     0.000000
      7360.00     0.000000
      7370.00     0.000000
      7380.00     0.000000
      7390.00     0.000000
      7400.00     0.000000
      7410.00     0.000000
      7420.00     0.000000
      7430.00     0.000000
      7440.00     0.000000
      7450.00     0.000000
      7460.00     0.000000
      7470.00     0.000000
      7480.00     0.000000
      7490.00     0.000000
      7500.00     0.000000
      7510.00     0.000000
      7520.00     0.000000
      7530.00     0.000000
      7540.00     0.000000
      7550.00     0.000000
      7560.00     0.000000
      7570.00     0.000000
      7580.00     0.000000
      7590.00     0.000000
      7600.00     0.000000
      7610.00     0.000000
      7620.00     0.000000
      7630.00     0.000000
      7640.00     0.000000
      7650.00     0.000000
      7660.00     0.000000
      7670.00     0.000000
      7680.00     0.000000
      7690.00     0.000000
      7700.00     0.000000
      7710.00     0.000000
      7720.00     0.000000
      7730.00     0.000000
      7740.00     0.000000
      7750.00     0.000000
      7760.00     0.000000
      7770.00     0.000000
      7780.00     0.000000
      7790.00     0.000000
      7800.00     0.000000
      7810.00     0.000000
      7820.00     0.000000
      7830.00     0.000000
      7840.00     0.000000
      7850.00     0.000000
      7860.00     0.000000
      7870.00     0.000000
      7880.00     0.000000
      7890.00     0.000000
      7900.00     0.000000
      7910.00     0.000000
      7920.00     0.000000
      7930.00     0.000000
      7940.00     0.000000
      7950.00     0.000000
      7960.00     0.000000
      7970.00     0.000000
      7980.00     0.000000
      7990.00     0.000000
      8000.00     0.000000
      9000.00     0.000000
      10000.0     0.000000
