      303.000    0.0259811
      350.000    0.0400466
      400.000    0.0597681
      450.000    0.0850915
      500.000     0.116777
      550.000     0.155403
      600.000     0.201736
      650.000     0.249474
      700.000     0.238168
      750.000     0.225478
      800.000     0.231522
      810.000     0.223214
      820.000     0.220467
      830.000     0.228413
      840.000     0.281129
      850.000     0.210649
      860.000     0.216752
      870.000     0.225449
      880.000     0.223102
      890.000     0.236771
      900.000     0.232469
      920.000     0.223700
      930.000     0.241532
      940.000     0.228229
      950.000     0.255072
      960.000     0.318831
      970.000     0.257278
      980.000     0.290463
      990.000     0.292837
      1000.00     0.252283
      1020.00     0.287747
      1030.00     0.318120
      1040.00     0.329173
      1050.00     0.373931
      1060.00     0.352313
      1070.00     0.366467
      1080.00     0.380621
      1090.00     0.394774
      1110.00     0.439297
      1120.00     0.468873
      1130.00     0.591019
      1140.00     0.496223
      1150.00     0.482620
      1160.00     0.505688
      1170.00     0.530904
      1180.00     0.556120
      1190.00     0.581337
      1200.00     0.606553
      1210.00     0.631769
      1220.00     0.656986
      1230.00     0.691754
      1250.00     0.761929
      1260.00     0.797016
      1270.00     0.832103
      1280.00     0.867191
      1290.00     0.902278
      1300.00     0.942510
      1310.00     0.992436
      1320.00      1.04236
      1325.35      1.06907
      1328.01      1.08235
      1330.00      1.09229
      1340.00     0.839842
      1350.00      1.14698
      1360.00      1.28749
      1370.00     0.642007
      1380.00      1.31480
      1390.00      1.20955
      1400.00      1.15691
      1410.00      1.62800
      1420.00      1.48039
      1430.00      1.43198
      1440.00      1.36474
      1450.00      1.43166
      1460.00      1.03476
      1470.00      2.80962
      1480.00      2.06576
      1490.00      1.96026
      1500.00      1.96964
      1510.00      1.97901
      1530.00      1.99776
      1540.00      2.00714
      1550.00      2.01651
      1560.00      2.02589
      1570.00      2.03526
      1580.00      2.04464
      1590.00      2.05401
      1600.00      1.54378
      1610.00      1.44548
      1630.00      2.05022
      1640.00      10.6369
      1650.00      5.69599
      1660.00      4.69939
      1670.00      4.31900
      1690.00      4.08401
      1700.00      4.06132
      1710.00      4.09541
      1720.00      4.12950
      1730.00      4.16360
      1740.00      4.19769
      1750.00      4.23178
      1760.00      4.27069
      1770.00      4.36209
      1780.00      4.45349
      1790.00      4.54488
      1800.00      4.63628
      1810.00      4.72767
      1820.00      4.81907
      1830.00      4.91047
      1840.00      5.00186
      1850.00      5.09326
      1860.00      5.18465
      1867.86      5.25649
      1871.60      5.29067
      1880.00      5.36745
      1890.00      5.45884
      1900.00      5.56902
      1910.00      5.69921
      1920.00      5.82940
      1930.00      5.95959
      1940.00      6.08978
      1950.00      6.21997
      1970.00      6.48036
      1980.00      6.61055
      1990.00      6.74074
      2000.00      6.87093
      2010.00      7.00112
      2020.00      7.13131
      2040.00      7.39169
      2050.00      7.52188
      2060.00      7.66821
      2080.00      7.99971
      2090.00      8.16545
      2100.00      8.33120
      2110.00      8.49695
      2120.00      8.66270
      2130.00      8.82844
      2140.00      8.99419
      2150.00      9.15994
      2160.00      9.32569
      2170.00      9.49144
      2180.00      9.65718
      2200.00      9.98868
      2210.00      10.1544
      2220.00      10.3202
      2230.00      10.4859
      2240.00      10.6517
      2250.00      10.8174
      2270.00      11.1489
      2280.00      11.3425
      2290.00      11.5382
      2300.00      11.7338
      2310.00      11.9294
      2320.00      12.1251
      2330.00      12.3207
      2340.00      12.5163
      2350.00      12.7119
      2360.00      12.9076
      2370.00      13.1032
      2380.00      13.2988
      2390.00      13.4945
      2400.00      13.6901
      2420.00      14.0813
      2430.00      14.2770
      2440.00      14.4726
      2450.00      14.6682
      2460.00      14.8639
      2470.00      15.0595
      2480.00      15.2551
      2490.00      15.4507
      2500.00      15.6464
      2513.82      16.1900
      2520.00     0.000000
      2530.00     0.000000
      2540.00     0.000000
      2550.00     0.000000
      2560.00     0.000000
      2570.00     0.000000
      2580.00     0.000000
      2590.00     0.000000
      2600.00     0.000000
      2610.00     0.000000
      2620.00     0.000000
      2630.00     0.000000
      2640.00     0.000000
      2650.00     0.000000
      2660.00     0.000000
      2670.00     0.000000
      2680.00     0.000000
      2690.00     0.000000
      2700.00     0.000000
      2710.00     0.000000
      2720.00     0.000000
      2730.00     0.000000
      2740.00     0.000000
      2750.00     0.000000
      2760.00     0.000000
      2770.00     0.000000
      2780.00     0.000000
      2790.00     0.000000
      2800.00     0.000000
      2810.00     0.000000
      2820.00     0.000000
      2830.00     0.000000
      2840.00     0.000000
      2850.00     0.000000
      2880.00     0.000000
      2890.00     0.000000
      2900.00     0.000000
      2910.00     0.000000
      2920.00     0.000000
      2950.00     0.000000
      2960.00     0.000000
      2970.00     0.000000
      2980.00     0.000000
      2990.00     0.000000
      3000.00     0.000000
      3010.00     0.000000
      3020.00     0.000000
      3030.00     0.000000
      3040.00     0.000000
      3050.00     0.000000
      3060.00     0.000000
      3070.00     0.000000
      3080.00     0.000000
      3090.00     0.000000
      3100.00     0.000000
      3110.00     0.000000
      3120.00     0.000000
      3130.00     0.000000
      3140.00     0.000000
      3150.00     0.000000
      3160.00     0.000000
      3170.00     0.000000
      3180.00     0.000000
      3190.00     0.000000
      3200.00     0.000000
      3210.00     0.000000
      3220.00     0.000000
      3230.00     0.000000
      3240.00     0.000000
      3250.00     0.000000
      3260.00     0.000000
      3270.00     0.000000
      3280.00     0.000000
      3290.00     0.000000
      3300.00     0.000000
      3310.00     0.000000
      3320.00     0.000000
      3330.00     0.000000
      3340.00     0.000000
      3350.00     0.000000
      3360.00     0.000000
      3370.00     0.000000
      3380.00     0.000000
      3390.00     0.000000
      3400.00     0.000000
      3410.00     0.000000
      3420.00     0.000000
      3430.00     0.000000
      3440.00     0.000000
      3450.00     0.000000
      3460.00     0.000000
      3470.00     0.000000
      3480.00     0.000000
      3490.00     0.000000
      3500.00     0.000000
      3510.00     0.000000
      3520.00     0.000000
      3530.00     0.000000
      3540.00     0.000000
      3550.00     0.000000
      3560.00     0.000000
      3570.00     0.000000
      3580.00     0.000000
      3590.00     0.000000
      3600.00     0.000000
      3610.00     0.000000
      3620.00     0.000000
      3630.00     0.000000
      3660.00     0.000000
      3670.00     0.000000
      3680.00     0.000000
      3690.00     0.000000
      3700.00     0.000000
      3710.00     0.000000
      3720.00     0.000000
      3730.00     0.000000
      3740.00     0.000000
      3750.00     0.000000
      3770.00     0.000000
      3780.00     0.000000
      3790.00     0.000000
      3800.00     0.000000
      3810.00     0.000000
      3820.00     0.000000
      3830.00     0.000000
      3840.00     0.000000
      3860.00     0.000000
      3870.00     0.000000
      3880.00     0.000000
      3890.00     0.000000
      3900.00     0.000000
      3910.00     0.000000
      3920.00     0.000000
      3930.00     0.000000
      3940.00     0.000000
      3950.00     0.000000
      3960.00     0.000000
      3970.00     0.000000
      3980.00     0.000000
      3990.00     0.000000
      4000.00     0.000000
      4010.00     0.000000
      4020.00     0.000000
      4030.00     0.000000
      4050.00     0.000000
      4060.00     0.000000
      4070.00     0.000000
      4080.00     0.000000
      4090.00     0.000000
      4100.00     0.000000
      4110.00     0.000000
      4120.00     0.000000
      4130.00     0.000000
      4140.00     0.000000
      4150.00     0.000000
      4160.00     0.000000
      4170.00     0.000000
      4180.00     0.000000
      4190.00     0.000000
      4200.00     0.000000
      4210.00     0.000000
      4220.00     0.000000
      4230.00     0.000000
      4240.00     0.000000
      4250.00     0.000000
      4260.00     0.000000
      4270.00     0.000000
      4280.00     0.000000
      4290.00     0.000000
      4300.00     0.000000
      4310.00     0.000000
      4320.00     0.000000
      4330.00     0.000000
      4340.00     0.000000
      4350.00     0.000000
      4360.00     0.000000
      4370.00     0.000000
      4380.00     0.000000
      4390.00     0.000000
      4400.00     0.000000
      4410.00     0.000000
      4420.00     0.000000
      4430.00     0.000000
      4440.00     0.000000
      4450.00     0.000000
      4460.00     0.000000
      4470.00     0.000000
      4480.00     0.000000
      4490.00     0.000000
      4500.00     0.000000
      4510.00     0.000000
      4520.00     0.000000
      4530.00     0.000000
      4540.00     0.000000
      4560.00     0.000000
      4570.00     0.000000
      4580.00     0.000000
      4590.00     0.000000
      4600.00     0.000000
      4610.00     0.000000
      4620.00     0.000000
      4630.00     0.000000
      4640.00     0.000000
      4650.00     0.000000
      4660.00     0.000000
      4670.00     0.000000
      4680.00     0.000000
      4690.00     0.000000
      4700.00     0.000000
      4710.00     0.000000
      4720.00     0.000000
      4730.00     0.000000
      4740.00     0.000000
      4750.00     0.000000
      4760.00     0.000000
      4770.00     0.000000
      4780.00     0.000000
      4790.00     0.000000
      4800.00     0.000000
      4810.00     0.000000
      4820.00     0.000000
      4830.00     0.000000
      4840.00     0.000000
      4850.00     0.000000
      4860.00     0.000000
      4870.00     0.000000
      4880.00     0.000000
      4890.00     0.000000
      4900.00     0.000000
      4910.00     0.000000
      4920.00     0.000000
      4930.00     0.000000
      4940.00     0.000000
      4950.00     0.000000
      4960.00     0.000000
      4970.00     0.000000
      4980.00     0.000000
      4990.00     0.000000
      5000.00     0.000000
      5010.00     0.000000
      5020.00     0.000000
      5030.00     0.000000
      5040.00     0.000000
      5050.00     0.000000
      5060.00     0.000000
      5070.00     0.000000
      5080.00     0.000000
      5090.00     0.000000
      5100.00     0.000000
      5110.00     0.000000
      5120.00     0.000000
      5130.00     0.000000
      5140.00     0.000000
      5150.00     0.000000
      5160.00     0.000000
      5170.00     0.000000
      5180.00     0.000000
      5190.00     0.000000
      5200.00     0.000000
      5210.00     0.000000
      5220.00     0.000000
      5230.00     0.000000
      5240.00     0.000000
      5250.00     0.000000
      5260.00     0.000000
      5270.00     0.000000
      5280.00     0.000000
      5290.00     0.000000
      5300.00     0.000000
      5310.00     0.000000
      5320.00     0.000000
      5330.00     0.000000
      5340.00     0.000000
      5350.00     0.000000
      5360.00     0.000000
      5370.00     0.000000
      5380.00     0.000000
      5390.00     0.000000
      5400.00     0.000000
      5410.00     0.000000
      5420.00     0.000000
      5430.00     0.000000
      5440.00     0.000000
      5450.00     0.000000
      5460.00     0.000000
      5470.00     0.000000
      5480.00     0.000000
      5490.00     0.000000
      5500.00     0.000000
      5510.00     0.000000
      5520.00     0.000000
      5530.00     0.000000
      5540.00     0.000000
      5550.00     0.000000
      5560.00     0.000000
      5570.00     0.000000
      5580.00     0.000000
      5590.00     0.000000
      5600.00     0.000000
      5610.00     0.000000
      5620.00     0.000000
      5630.00     0.000000
      5640.00     0.000000
      5650.00     0.000000
      5660.00     0.000000
      5670.00     0.000000
      5680.00     0.000000
      5690.00     0.000000
      5700.00     0.000000
      5710.00     0.000000
      5720.00     0.000000
      5730.00     0.000000
      5740.00     0.000000
      5750.00     0.000000
      5760.00     0.000000
      5770.00     0.000000
      5780.00     0.000000
      5790.00     0.000000
      5800.00     0.000000
      5810.00     0.000000
      5820.00     0.000000
      5830.00     0.000000
      5840.00     0.000000
      5850.00     0.000000
      5860.00     0.000000
      5870.00     0.000000
      5880.00     0.000000
      5890.00     0.000000
      5900.00     0.000000
      5910.00     0.000000
      5920.00     0.000000
      5930.00     0.000000
      5940.00     0.000000
      5950.00     0.000000
      5960.00     0.000000
      5970.00     0.000000
      5980.00     0.000000
      5990.00     0.000000
      6000.00     0.000000
      6010.00     0.000000
      6020.00     0.000000
      6030.00     0.000000
      6040.00     0.000000
      6050.00     0.000000
      6060.00     0.000000
      6070.00     0.000000
      6080.00     0.000000
      6090.00     0.000000
      6100.00     0.000000
      6110.00     0.000000
      6120.00     0.000000
      6130.00     0.000000
      6140.00     0.000000
      6150.00     0.000000
      6160.00     0.000000
      6170.00     0.000000
      6180.00     0.000000
      6190.00     0.000000
      6200.00     0.000000
      6210.00     0.000000
      6220.00     0.000000
      6230.00     0.000000
      6240.00     0.000000
      6250.00     0.000000
      6260.00     0.000000
      6270.00     0.000000
      6280.00     0.000000
      6290.00     0.000000
      6300.00     0.000000
      6310.00     0.000000
      6320.00     0.000000
      6330.00     0.000000
      6340.00     0.000000
      6350.00     0.000000
      6360.00     0.000000
      6370.00     0.000000
      6380.00     0.000000
      6390.00     0.000000
      6400.00     0.000000
      6410.00     0.000000
      6420.00     0.000000
      6430.00     0.000000
      6440.00     0.000000
      6450.00     0.000000
      6460.00     0.000000
      6470.00     0.000000
      6480.00     0.000000
      6490.00     0.000000
      6500.00     0.000000
      6510.00     0.000000
      6520.00     0.000000
      6530.00     0.000000
      6540.00     0.000000
      6550.00     0.000000
      6560.00     0.000000
      6570.00     0.000000
      6580.00     0.000000
      6590.00     0.000000
      6600.00     0.000000
      6610.00     0.000000
      6620.00     0.000000
      6630.00     0.000000
      6640.00     0.000000
      6650.00     0.000000
      6660.00     0.000000
      6670.00     0.000000
      6680.00     0.000000
      6690.00     0.000000
      6700.00     0.000000
      6710.00     0.000000
      6720.00     0.000000
      6730.00     0.000000
      6740.00     0.000000
      6750.00     0.000000
      6760.00     0.000000
      6770.00     0.000000
      6780.00     0.000000
      6790.00     0.000000
      6800.00     0.000000
      6810.00     0.000000
      6820.00     0.000000
      6830.00     0.000000
      6840.00     0.000000
      6850.00     0.000000
      6860.00     0.000000
      6870.00     0.000000
      6880.00     0.000000
      6890.00     0.000000
      6900.00     0.000000
      6910.00     0.000000
      6920.00     0.000000
      6930.00     0.000000
      6940.00     0.000000
      6950.00     0.000000
      6960.00     0.000000
      6970.00     0.000000
      6980.00     0.000000
      6990.00     0.000000
      7000.00     0.000000
      7010.00     0.000000
      7020.00     0.000000
      7030.00     0.000000
      7040.00     0.000000
      7050.00     0.000000
      7060.00     0.000000
      7070.00     0.000000
      7080.00     0.000000
      7090.00     0.000000
      7100.00     0.000000
      7110.00     0.000000
      7120.00     0.000000
      7130.00     0.000000
      7140.00     0.000000
      7170.00     0.000000
      7180.00     0.000000
      7190.00     0.000000
      7200.00     0.000000
      7210.00     0.000000
      7220.00     0.000000
      7230.00     0.000000
      7240.00     0.000000
      7250.00     0.000000
      7260.00     0.000000
      7270.00     0.000000
      7280.00     0.000000
      7290.00     0.000000
      7300.00     0.000000
      7310.00     0.000000
      7320.00     0.000000
      7330.00     0.000000
      7340.00     0.000000
      7350.00     0.000000
      7360.00     0.000000
      7370.00     0.000000
      7380.00     0.000000
      7390.00     0.000000
      7400.00     0.000000
      7410.00     0.000000
      7420.00     0.000000
      7430.00     0.000000
      7440.00     0.000000
      7450.00     0.000000
      7460.00     0.000000
      7470.00     0.000000
      7480.00     0.000000
      7490.00     0.000000
      7500.00     0.000000
      7510.00     0.000000
      7520.00     0.000000
      7530.00     0.000000
      7540.00     0.000000
      7550.00     0.000000
      7560.00     0.000000
      7570.00     0.000000
      7580.00     0.000000
      7590.00     0.000000
      7600.00     0.000000
      7610.00     0.000000
      7620.00     0.000000
      7630.00     0.000000
      7640.00     0.000000
      7650.00     0.000000
      7660.00     0.000000
      7670.00     0.000000
      7680.00     0.000000
      7690.00     0.000000
      7700.00     0.000000
      7710.00     0.000000
      7720.00     0.000000
      7730.00     0.000000
      7740.00     0.000000
      7750.00     0.000000
      7760.00     0.000000
      7770.00     0.000000
      7780.00     0.000000
      7790.00     0.000000
      7800.00     0.000000
      7810.00     0.000000
      7820.00     0.000000
      7830.00     0.000000
      7840.00     0.000000
      7850.00     0.000000
      7860.00     0.000000
      7870.00     0.000000
      7880.00     0.000000
      7890.00     0.000000
      7900.00     0.000000
      7910.00     0.000000
      7920.00     0.000000
      7930.00     0.000000
      7940.00     0.000000
      7950.00     0.000000
      7960.00     0.000000
      7970.00     0.000000
      7980.00     0.000000
      7990.00     0.000000
      8000.00     0.000000
      9000.00     0.000000
      10000.0     0.000000
