      303.000     0.000000
      350.000     0.000000
      400.000     0.000000
      450.000     0.000000
      500.000     0.000000
      550.000     0.000000
      600.000     0.000000
      650.000     0.000000
      700.000     0.000000
      750.000     0.000000
      800.000     0.000000
      810.000     0.000000
      820.000     0.000000
      830.000     0.000000
      840.000     0.000000
      850.000     0.000000
      860.000     0.000000
      870.000     0.000000
      880.000     0.000000
      890.000     0.000000
      900.000     0.000000
      920.000     0.000000
      930.000     0.000000
      940.000     0.000000
      950.000     0.000000
      960.000     0.000000
      970.000     0.000000
      980.000     0.000000
      990.000     0.000000
      1000.00     0.000000
      1020.00     0.000000
      1030.00     0.000000
      1040.00     0.000000
      1050.00     0.000000
      1060.00     0.000000
      1070.00     0.000000
      1080.00     0.000000
      1090.00     0.000000
      1110.00     0.000000
      1120.00     0.000000
      1130.00     0.000000
      1140.00     0.000000
      1150.00     0.000000
      1160.00     0.000000
      1170.00     0.000000
      1180.00     0.000000
      1190.00     0.000000
      1200.00     0.000000
      1210.00     0.000000
      1220.00     0.000000
      1230.00     0.000000
      1250.00     0.000000
      1260.00     0.000000
      1270.00     0.000000
      1280.00     0.000000
      1290.00    0.0149942
      1300.00    0.0155996
      1310.00    0.0162050
      1320.00    0.0168104
      1325.35    0.0171343
      1328.01    0.0172954
      1330.00    0.0174158
      1340.00    0.0180213
      1350.00    0.0186267
      1360.00    0.0192321
      1370.00    0.0198375
      1380.00    0.0204853
      1390.00    0.0212587
      1400.00    0.0220321
      1410.00    0.0228055
      1420.00    0.0235788
      1430.00    0.0243522
      1440.00    0.0251256
      1450.00    0.0258990
      1460.00    0.0266724
      1470.00    0.0274458
      1480.00    0.0282192
      1490.00    0.0289925
      1500.00    0.0299883
      1510.00    0.0309862
      1530.00    0.0329820
      1540.00    0.0339799
      1550.00    0.0349778
      1560.00    0.0359758
      1570.00    0.0369737
      1580.00    0.0379716
      1590.00    0.0389695
      1600.00    0.0399674
      1610.00    0.0409653
      1630.00    0.0431813
      1640.00    0.0444838
      1650.00    0.0457863
      1660.00    0.0470889
      1670.00    0.0483914
      1690.00    0.0509965
      1700.00    0.0522990
      1710.00    0.0536016
      1720.00    0.0549041
      1730.00    0.0562066
      1740.00    0.0575092
      1750.00    0.0588117
      1760.00    0.0601142
      1770.00    0.0614168
      1780.00    0.0627193
      1790.00    0.0643902
      1800.00    0.0661205
      1810.00    0.0678507
      1820.00    0.0695809
      1830.00    0.0713112
      1840.00    0.0730414
      1850.00    0.0747716
      1860.00    0.0765019
      1867.86    0.0778618
      1871.60    0.0785090
      1880.00    0.0799624
      1890.00    0.0816926
      1900.00    0.0834228
      1910.00    0.0851531
      1920.00    0.0868833
      1930.00    0.0886135
      1940.00    0.0903438
      1950.00    0.0920740
      1970.00    0.0955345
      1980.00    0.0976172
      1990.00    0.0999730
      2000.00     0.102329
      2010.00     0.104685
      2020.00     0.107041
      2040.00     0.111752
      2050.00     0.114108
      2060.00     0.116464
      2080.00     0.121176
      2090.00     0.123532
      2100.00     0.125887
      2110.00     0.128243
      2120.00     0.130599
      2130.00     0.132955
      2140.00     0.135311
      2150.00     0.137667
      2160.00     0.140023
      2170.00     0.142378
      2180.00     0.144734
      2200.00     0.149446
      2210.00     0.151802
      2220.00     0.154705
      2230.00     0.158010
      2240.00     0.161314
      2250.00     0.164619
      2270.00     0.171229
      2280.00     0.174534
      2290.00     0.177839
      2300.00     0.181144
      2310.00     0.184449
      2320.00     0.187753
      2330.00     0.191058
      2340.00     0.194363
      2350.00     0.197668
      2360.00     0.200973
      2370.00     0.204278
      2380.00     0.207583
      2390.00     0.210887
      2400.00     0.214192
      2420.00     0.220802
      2430.00     0.224107
      2440.00     0.227412
      2450.00     0.230717
      2460.00     0.234022
      2470.00     0.237326
      2480.00     0.240631
      2490.00     0.243936
      2500.00     0.247241
      2520.00     0.253851
      2530.00     0.258629
      2540.00     0.263477
      2550.00     0.268325
      2560.00     0.273173
      2570.00     0.278021
      2580.00     0.282869
      2590.00     0.287717
      2600.00     0.292564
      2610.00     0.297412
      2620.00     0.302260
      2630.00     0.307108
      2640.00     0.311956
      2650.00     0.316804
      2660.00     0.321652
      2670.00     0.326500
      2680.00     0.331348
      2690.00     0.336196
      2700.00     0.341044
      2710.00     0.345892
      2720.00     0.350739
      2730.00     0.355587
      2740.00     0.360435
      2750.00     0.365283
      2760.00     0.370131
      2770.00     0.374979
      2780.00     0.379827
      2790.00     0.384675
      2800.00     0.389523
      2810.00     0.394371
      2820.00     0.399219
      2830.00     0.404067
      2840.00     0.408915
      2850.00     0.413762
      2880.00     0.428306
      2890.00     0.433154
      2900.00     0.438002
      2910.00     0.442850
      2920.00     0.447698
      2950.00     0.468908
      2960.00     0.476417
      2970.00     0.483927
      2980.00     0.491436
      2990.00     0.498946
      3000.00     0.506455
      3010.00     0.513964
      3020.00     0.521474
      3030.00     0.528983
      3040.00     0.536493
      3050.00     0.544002
      3060.00     0.551512
      3070.00     0.559021
      3080.00     0.566531
      3090.00     0.574040
      3100.00     0.581550
      3110.00     0.589059
      3120.00     0.596569
      3130.00     0.604078
      3140.00     0.611588
      3150.00     0.619097
      3160.00     0.626607
      3170.00     0.634116
      3180.00     0.641626
      3190.00     0.649135
      3200.00     0.656645
      3210.00     0.664154
      3220.00     0.671663
      3230.00     0.679173
      3240.00     0.686682
      3250.00     0.694192
      3260.00     0.701701
      3270.00     0.709211
      3280.00     0.716720
      3290.00     0.724230
      3300.00     0.731739
      3310.00     0.739249
      3320.00     0.746758
      3330.00     0.754268
      3340.00     0.761777
      3350.00     0.769287
      3360.00     0.776796
      3370.00     0.784306
      3380.00     0.791815
      3390.00     0.799325
      3400.00     0.806834
      3410.00     0.814344
      3420.00     0.821853
      3430.00     0.829362
      3440.00     0.836872
      3450.00     0.844381
      3460.00     0.851891
      3470.00     0.859400
      3480.00     0.866910
      3490.00     0.877390
      3500.00     0.889946
      3510.00     0.902503
      3520.00     0.915059
      3530.00     0.927616
      3540.00     0.940172
      3550.00     0.952729
      3560.00     0.965285
      3570.00     0.977842
      3580.00     0.990398
      3590.00      1.00295
      3600.00      1.01551
      3610.00      1.02807
      3620.00      1.04062
      3630.00      1.05318
      3660.00      1.09085
      3670.00      1.10341
      3680.00      1.11596
      3690.00      1.12852
      3700.00      1.14108
      3710.00      1.15363
      3720.00      1.16619
      3730.00      1.17875
      3740.00      1.19130
      3750.00      1.20386
      3770.00      1.22897
      3780.00      1.24153
      3790.00      1.25409
      3800.00      1.26664
      3810.00      1.27920
      3820.00      1.29175
      3830.00      1.30431
      3840.00      1.31687
      3860.00      1.34198
      3870.00      1.35454
      3880.00      1.36709
      3890.00      1.37965
      3900.00      1.39221
      3910.00      1.40476
      3920.00      1.41732
      3930.00      1.42988
      3940.00      1.44243
      3950.00      1.45499
      3960.00      1.46755
      3970.00      1.48010
      3980.00      1.49266
      3990.00      1.50522
      4000.00      1.51777
      4010.00      1.53033
      4020.00      1.54289
      4030.00      1.55544
      4050.00      1.58055
      4060.00      1.59311
      4070.00      1.60567
      4080.00      1.61822
      4090.00      1.63078
      4100.00      1.64334
      4110.00      1.65589
      4120.00      1.66845
      4130.00      1.68101
      4140.00      1.69356
      4150.00      1.70612
      4160.00      1.71868
      4170.00      1.73123
      4180.00      1.74379
      4190.00      1.75635
      4200.00      1.76890
      4210.00      1.78146
      4220.00      1.79402
      4230.00      1.80657
      4240.00      1.81913
      4250.00      1.83169
      4260.00      1.84424
      4270.00      1.85680
      4280.00      1.86935
      4290.00      1.88191
      4300.00      1.89447
      4310.00      1.90815
      4320.00      1.92537
      4330.00      1.94258
      4340.00      1.95980
      4350.00      1.97702
      4360.00      1.99424
      4370.00      2.01146
      4380.00      2.02868
      4390.00      2.04590
      4400.00      2.06311
      4410.00      2.08033
      4420.00      2.09755
      4430.00      2.11477
      4440.00      2.13199
      4450.00      2.14921
      4460.00      2.16642
      4470.00      2.18364
      4480.00      2.20086
      4490.00      2.21808
      4500.00      2.23530
      4510.00      2.25252
      4520.00      2.26974
      4530.00      2.28892
      4540.00      2.30841
      4560.00      2.34739
      4570.00      2.36688
      4580.00      2.38637
      4590.00      2.40585
      4600.00      2.42534
      4610.00      2.44483
      4620.00      2.46432
      4630.00      2.48381
      4640.00      2.50330
      4650.00      2.52278
      4660.00      2.54227
      4670.00      2.56176
      4680.00      2.58125
      4690.00      2.60074
      4700.00      2.62023
      4710.00      2.63971
      4720.00      2.65920
      4730.00      2.67869
      4740.00      2.69818
      4750.00      2.71767
      4760.00      2.73788
      4770.00      2.76013
      4780.00      2.78238
      4790.00      2.80463
      4800.00      2.82688
      4810.00      2.84913
      4820.00      2.87137
      4830.00      2.89362
      4840.00      2.91587
      4850.00      2.93812
      4860.00      2.96037
      4870.00      2.98262
      4880.00      3.00486
      4890.00      3.02711
      4900.00      3.04936
      4910.00      3.07161
      4920.00      3.09386
      4930.00      3.11611
      4940.00      3.13835
      4950.00      3.16060
      4960.00      3.18285
      4970.00      3.20510
      4980.00      3.22735
      4990.00      3.24960
      5000.00      3.27184
      5010.00      3.29409
      5020.00      3.31654
      5030.00      3.34207
      5040.00      3.36760
      5050.00      3.39313
      5060.00      3.41866
      5070.00      3.44419
      5080.00      3.46972
      5090.00      3.49525
      5100.00      3.52078
      5110.00      3.54631
      5120.00      3.57184
      5130.00      3.59737
      5140.00      3.62290
      5150.00      3.64843
      5160.00      3.67396
      5170.00      3.69949
      5180.00      3.72502
      5190.00      3.75056
      5200.00      3.77609
      5210.00      3.80162
      5220.00      3.82715
      5230.00      3.85268
      5240.00      3.87821
      5250.00      3.90374
      5260.00      3.92927
      5270.00      3.95480
      5280.00      3.98033
      5290.00      4.00586
      5300.00      4.03139
      5310.00      4.05692
      5320.00      4.08563
      5330.00      4.11513
      5340.00      4.14463
      5350.00      4.17413
      5360.00      4.20363
      5370.00      4.23313
      5380.00      4.26263
      5390.00      4.29213
      5400.00      4.32163
      5410.00      4.35113
      5420.00      4.38063
      5430.00      4.41013
      5440.00      4.43963
      5450.00      4.46913
      5460.00      4.49863
      5470.00      4.52813
      5480.00      4.55763
      5490.00      4.58713
      5500.00      4.61663
      5510.00      4.64613
      5520.00      4.67563
      5530.00      4.70513
      5540.00      4.73463
      5550.00      4.76413
      5560.00      4.79363
      5570.00      4.82313
      5580.00      4.85263
      5590.00      4.88213
      5600.00      4.91163
      5610.00      4.94113
      5620.00      4.97062
      5630.00      5.00012
      5640.00      5.02962
      5650.00      5.06355
      5660.00      5.09785
      5670.00      5.13216
      5680.00      5.16647
      5690.00      5.20078
      5700.00      5.23509
      5710.00      5.26940
      5720.00      5.30371
      5730.00      5.33802
      5740.00      5.37232
      5750.00      5.40663
      5760.00      5.44094
      5770.00      5.47525
      5780.00      5.50956
      5790.00      5.54387
      5800.00      5.57818
      5810.00      5.61248
      5820.00      5.64679
      5830.00      5.68110
      5840.00      5.71541
      5850.00      5.74972
      5860.00      5.78403
      5870.00      5.81834
      5880.00      5.85264
      5890.00      5.88695
      5900.00      5.92126
      5910.00      5.95557
      5920.00      5.98988
      5930.00      6.02419
      5940.00      6.05850
      5950.00      6.09280
      5960.00      6.12711
      5970.00      6.16142
      5980.00      6.19573
      5990.00      6.23004
      6000.00      6.26435
      6010.00      6.29866
      6020.00      6.33712
      6030.00      6.37737
      6040.00      6.41763
      6050.00      6.45788
      6060.00      6.49813
      6070.00      6.53839
      6080.00      6.57864
      6090.00      6.61890
      6100.00      6.65915
      6110.00      6.69940
      6120.00      6.73966
      6130.00      6.77991
      6140.00      6.82017
      6150.00      6.86042
      6160.00      6.90067
      6170.00      6.94093
      6180.00      6.98118
      6190.00      7.02144
      6200.00      7.06169
      6210.00      7.10194
      6220.00      7.14220
      6230.00      7.18245
      6240.00      7.22271
      6250.00      7.26296
      6260.00      7.30322
      6270.00      7.34347
      6280.00      7.38372
      6290.00      7.42398
      6300.00      7.46423
      6310.00      7.50449
      6320.00      7.54474
      6330.00      7.58499
      6340.00      7.62525
      6350.00      7.66550
      6360.00      7.70576
      6370.00      7.74601
      6380.00      7.78627
      6390.00      7.82652
      6400.00      7.86677
      6410.00      7.90703
      6420.00      7.94728
      6430.00      7.98754
      6440.00      8.02940
      6450.00      8.07703
      6460.00      8.12466
      6470.00      8.17229
      6480.00      8.21993
      6490.00      8.26756
      6500.00      8.31519
      6510.00      8.36282
      6520.00      8.41045
      6530.00      8.45808
      6540.00      8.50571
      6550.00      8.55334
      6560.00      8.60098
      6570.00      8.64861
      6580.00      8.69624
      6590.00      8.74387
      6600.00      8.79150
      6610.00      8.83913
      6620.00      8.88676
      6630.00      8.93439
      6640.00      8.98203
      6650.00      9.02966
      6660.00      9.07729
      6670.00      9.12492
      6680.00      9.17255
      6690.00      9.22018
      6700.00      9.26781
      6710.00      9.31545
      6720.00      9.36308
      6730.00      9.41071
      6740.00      9.45834
      6750.00      9.50597
      6760.00      9.55360
      6770.00      9.60123
      6780.00      9.64886
      6790.00      9.69650
      6800.00      9.74413
      6810.00      9.79176
      6820.00      9.83939
      6830.00      9.88702
      6840.00      9.93465
      6850.00      9.98228
      6860.00      10.0299
      6870.00      10.0775
      6880.00      10.1252
      6890.00      10.1728
      6900.00      10.2204
      6910.00      10.2681
      6920.00      10.3157
      6930.00      10.3660
      6940.00      10.4232
      6950.00      10.4804
      6960.00      10.5376
      6970.00      10.5948
      6980.00      10.6520
      6990.00      10.7092
      7000.00      10.7664
      7010.00      10.8236
      7020.00      10.8808
      7030.00      10.9380
      7040.00      10.9952
      7050.00      11.0524
      7060.00      11.1096
      7070.00      11.1668
      7080.00      11.2240
      7090.00      11.2812
      7100.00      11.3384
      7110.00      11.3956
      7120.00      11.4529
      7130.00      11.5101
      7140.00      11.5673
      7170.00      11.7389
      7180.00      11.7961
      7190.00      11.8533
      7200.00      11.9105
      7210.00      11.9677
      7220.00      12.0249
      7230.00      12.0821
      7240.00      12.1393
      7250.00      12.1965
      7260.00      12.2537
      7270.00      12.3109
      7280.00      12.3681
      7290.00      12.4253
      7300.00      12.4825
      7310.00      12.5397
      7320.00      12.5969
      7330.00      12.6541
      7340.00      12.7113
      7350.00      12.7685
      7360.00      12.8257
      7370.00      12.8829
      7380.00      12.9401
      7390.00      12.9973
      7400.00      13.0545
      7410.00      13.1117
      7420.00      13.1689
      7430.00      13.2261
      7440.00      13.2833
      7450.00      13.3405
      7460.00      13.3977
      7470.00      13.4549
      7480.00      13.5121
      7490.00      13.5693
      7500.00      13.6299
      7510.00      13.6990
      7520.00      13.7680
      7530.00      13.8371
      7540.00      13.9061
      7550.00      13.9751
      7560.00      14.0442
      7570.00      14.1132
      7580.00      14.1823
      7590.00      14.2513
      7600.00      14.3203
      7610.00      14.3894
      7620.00      14.4584
      7630.00      14.5274
      7640.00      14.5965
      7650.00      14.6655
      7660.00      14.7346
      7670.00      14.8036
      7680.00      14.8726
      7690.00      14.9417
      7700.00      15.0107
      7710.00      15.0798
      7720.00      15.1488
      7730.00      15.2178
      7740.00      15.2869
      7750.00      15.3559
      7760.00      15.4249
      7770.00      15.4940
      7780.00      15.5630
      7790.00      15.6321
      7800.00      15.7011
      7810.00      15.7701
      7820.00      15.8392
      7830.00      15.9082
      7840.00      15.9772
      7850.00      16.0463
      7860.00      16.1153
      7870.00      16.1844
      7880.00      16.2534
      7890.00      16.3224
      7900.00      16.3915
      7910.00      16.4605
      7920.00      16.5296
      7930.00      16.5986
      7940.00      16.6676
      7950.00      16.7367
      7960.00      16.8057
      7970.00      16.8747
      7980.00      16.9438
      7990.00      17.0128
      8000.00      17.0819
      8145.47      25.0800
      9000.00     0.000000
      10000.0     0.000000
