      303.000     0.000000
      350.000     0.000000
      400.000     0.000000
      450.000    0.0547027
      500.000    0.0630874
      550.000    0.0715330
      600.000    0.0787257
      650.000    0.0835794
      700.000    0.0863159
      750.000    0.0873256
      800.000    0.0868183
      810.000    0.0866399
      820.000    0.0863981
      830.000    0.0861244
      840.000    0.0858507
      850.000    0.0855769
      860.000    0.0852683
      870.000    0.0849543
      880.000    0.0846403
      890.000    0.0843263
      900.000    0.0840221
      920.000    0.0834223
      930.000    0.0831224
      940.000    0.0828286
      950.000    0.0825953
      960.000    0.0823621
      970.000    0.0821288
      980.000    0.0818956
      990.000    0.0816623
      1000.00    0.0815538
      1020.00    0.0813393
      1030.00    0.0812321
      1040.00    0.0811248
      1050.00    0.0810737
      1060.00    0.0811521
      1070.00    0.0812304
      1080.00    0.0813088
      1090.00    0.0813871
      1110.00    0.0815438
      1120.00    0.0818478
      1130.00    0.0821710
      1140.00    0.0824941
      1150.00    0.0828173
      1160.00    0.0831405
      1170.00    0.0834637
      1180.00    0.0837869
      1190.00    0.0843361
      1200.00    0.0849768
      1210.00    0.0856175
      1220.00    0.0862582
      1230.00    0.0868988
      1250.00    0.0881802
      1260.00    0.0888209
      1270.00    0.0896677
      1280.00    0.0907191
      1290.00    0.0917705
      1300.00    0.0928219
      1310.00    0.0938734
      1320.00    0.0949248
      1325.35    0.0954873
      1328.01    0.0957670
      1330.00    0.0959762
      1340.00    0.0970277
      1350.00    0.0980791
      1360.00    0.0991673
      1370.00     0.100768
      1380.00     0.102369
      1390.00     0.103970
      1400.00     0.105571
      1410.00     0.107172
      1420.00     0.108773
      1430.00     0.110374
      1440.00     0.111975
      1450.00     0.113576
      1460.00     0.115177
      1470.00     0.116862
      1480.00     0.119215
      1490.00     0.121568
      1500.00     0.123922
      1510.00     0.126275
      1530.00     0.130981
      1540.00     0.133334
      1550.00     0.135687
      1560.00     0.138040
      1570.00     0.140394
      1580.00     0.142747
      1590.00     0.145100
      1600.00     0.147708
      1610.00     0.151148
      1630.00     0.158027
      1640.00     0.161467
      1650.00     0.164906
      1660.00     0.168346
      1670.00     0.171785
      1690.00     0.178664
      1700.00     0.182104
      1710.00     0.185544
      1720.00     0.188983
      1730.00     0.192423
      1740.00     0.195862
      1750.00     0.199302
      1760.00     0.204198
      1770.00     0.209286
      1780.00     0.214373
      1790.00     0.219461
      1800.00     0.224548
      1810.00     0.229636
      1820.00     0.234723
      1830.00     0.239811
      1840.00     0.244898
      1850.00     0.249986
      1860.00     0.255073
      1867.86     0.259072
      1871.60     0.260975
      1880.00     0.265248
      1890.00     0.270336
      1900.00     0.275423
      1910.00     0.280511
      1920.00     0.285598
      1930.00     0.290686
      1940.00     0.296470
      1950.00     0.304139
      1970.00     0.319476
      1980.00     0.327144
      1990.00     0.334813
      2000.00     0.342481
      2010.00     0.350150
      2020.00     0.357818
      2040.00     0.373155
      2050.00     0.380824
      2060.00     0.388492
      2080.00     0.403829
      2090.00     0.411498
      2100.00     0.419166
      2110.00     0.426835
      2120.00     0.434503
      2130.00     0.442172
      2140.00     0.449840
      2150.00     0.457509
      2160.00     0.465177
      2170.00     0.473803
      2180.00     0.485674
      2200.00     0.509417
      2210.00     0.521288
      2220.00     0.533160
      2230.00     0.545031
      2240.00     0.556903
      2250.00     0.568774
      2270.00     0.592517
      2280.00     0.604389
      2290.00     0.616260
      2300.00     0.628131
      2310.00     0.640003
      2320.00     0.651874
      2330.00     0.663746
      2340.00     0.675617
      2350.00     0.687489
      2360.00     0.699360
      2370.00     0.711232
      2380.00     0.723103
      2390.00     0.734974
      2400.00     0.746846
      2420.00     0.770589
      2430.00     0.782460
      2440.00     0.794332
      2450.00     0.806203
      2460.00     0.818075
      2470.00     0.836818
      2480.00     0.855816
      2490.00     0.874815
      2500.00     0.893814
      2520.00     0.931811
      2530.00     0.950809
      2540.00     0.969808
      2550.00     0.988807
      2560.00      1.00781
      2570.00      1.02680
      2580.00      1.04580
      2590.00      1.06480
      2600.00      1.08380
      2610.00      1.10280
      2620.00      1.12180
      2630.00      1.14080
      2640.00      1.15979
      2650.00      1.17879
      2660.00      1.19779
      2670.00      1.21679
      2680.00      1.23579
      2690.00      1.25479
      2700.00      1.27379
      2710.00      1.29278
      2720.00      1.31178
      2730.00      1.33078
      2740.00      1.34978
      2750.00      1.36878
      2760.00      1.38778
      2770.00      1.40678
      2780.00      1.42577
      2790.00      1.44477
      2800.00      1.46377
      2810.00      1.48277
      2820.00      1.50177
      2830.00      1.52077
      2840.00      1.53977
      2850.00      1.56216
      2880.00      1.63713
      2890.00      1.66212
      2900.00      1.68710
      2910.00      1.71209
      2920.00      1.73708
      2950.00      1.81589
      2960.00      1.84361
      2970.00      1.87134
      2980.00      1.89907
      2990.00      1.92679
      3000.00      1.95452
      3010.00      1.98224
      3020.00      2.00997
      3030.00      2.03770
      3040.00      2.06737
      3050.00      2.09819
      3060.00      2.12901
      3070.00      2.15983
      3080.00      2.19065
      3090.00      2.22147
      3100.00      2.25229
      3110.00      2.28311
      3120.00      2.31394
      3130.00      2.34476
      3140.00      2.37621
      3150.00      2.41052
      3160.00      2.44482
      3170.00      2.47913
      3180.00      2.51344
      3190.00      2.54775
      3200.00      2.58206
      3210.00      2.61637
      3220.00      2.65067
      3230.00      2.68498
      3240.00      2.71929
      3250.00      2.75360
      3260.00      2.79174
      3270.00      2.82992
      3280.00      2.86811
      3290.00      2.90629
      3300.00      2.94448
      3310.00      2.98266
      3320.00      3.02085
      3330.00      3.05903
      3340.00      3.09722
      3350.00      3.13540
      3360.00      3.17358
      3370.00      3.21177
      3380.00      3.25435
      3390.00      3.29707
      3400.00      3.33979
      3410.00      3.38251
      3420.00      3.42524
      3430.00      3.46796
      3440.00      3.51068
      3450.00      3.55341
      3460.00      3.59613
      3470.00      3.63885
      3480.00      3.68157
      3490.00      3.72430
      3500.00      3.76714
      3510.00      3.81493
      3520.00      3.86272
      3530.00      3.91051
      3540.00      3.95830
      3550.00      4.00609
      3560.00      4.05388
      3570.00      4.10167
      3580.00      4.14946
      3590.00      4.19725
      3600.00      4.24504
      3610.00      4.29283
      3620.00      4.34062
      3630.00      4.38841
      3660.00      4.54387
      3670.00      4.59756
      3680.00      4.65126
      3690.00      4.70496
      3700.00      4.75865
      3710.00      4.81235
      3720.00      4.86604
      3730.00      4.91974
      3740.00      4.97343
      3750.00      5.02713
      3770.00      5.13452
      3780.00      5.18822
      3790.00      5.24192
      3800.00      5.30169
      3810.00      5.36209
      3820.00      5.42250
      3830.00      5.48291
      3840.00      5.54331
      3860.00      5.66412
      3870.00      5.72453
      3880.00      5.78494
      3890.00      5.84534
      3900.00      5.90575
      3910.00      5.96616
      3920.00      6.02656
      3930.00      6.08697
      3940.00      6.14738
      3950.00      6.20778
      3960.00      6.27174
      3970.00      6.34005
      3980.00      6.40836
      3990.00      6.47666
      4000.00      6.54497
      4010.00      6.61328
      4020.00      6.68158
      4030.00      6.74989
      4050.00      6.88650
      4060.00      6.95481
      4070.00      7.02312
      4080.00      7.09142
      4084.64       8.9870
      4090.00     0.000000
      4100.00     0.000000
      4110.00     0.000000
      4120.00     0.000000
      4130.00     0.000000
      4140.00     0.000000
      4150.00     0.000000
      4160.00     0.000000
      4170.00     0.000000
      4180.00     0.000000
      4190.00     0.000000
      4200.00     0.000000
      4210.00     0.000000
      4220.00     0.000000
      4230.00     0.000000
      4240.00     0.000000
      4250.00     0.000000
      4260.00     0.000000
      4270.00     0.000000
      4280.00     0.000000
      4290.00     0.000000
      4300.00     0.000000
      4310.00     0.000000
      4320.00     0.000000
      4330.00     0.000000
      4340.00     0.000000
      4350.00     0.000000
      4360.00     0.000000
      4370.00     0.000000
      4380.00     0.000000
      4390.00     0.000000
      4400.00     0.000000
      4410.00     0.000000
      4420.00     0.000000
      4430.00     0.000000
      4440.00     0.000000
      4450.00     0.000000
      4460.00     0.000000
      4470.00     0.000000
      4480.00     0.000000
      4490.00     0.000000
      4500.00     0.000000
      4510.00     0.000000
      4520.00     0.000000
      4530.00     0.000000
      4540.00     0.000000
      4560.00     0.000000
      4570.00     0.000000
      4580.00     0.000000
      4590.00     0.000000
      4600.00     0.000000
      4610.00     0.000000
      4620.00     0.000000
      4630.00     0.000000
      4640.00     0.000000
      4650.00     0.000000
      4660.00     0.000000
      4670.00     0.000000
      4680.00     0.000000
      4690.00     0.000000
      4700.00     0.000000
      4710.00     0.000000
      4720.00     0.000000
      4730.00     0.000000
      4740.00     0.000000
      4750.00     0.000000
      4760.00     0.000000
      4770.00     0.000000
      4780.00     0.000000
      4790.00     0.000000
      4800.00     0.000000
      4810.00     0.000000
      4820.00     0.000000
      4830.00     0.000000
      4840.00     0.000000
      4850.00     0.000000
      4860.00     0.000000
      4870.00     0.000000
      4880.00     0.000000
      4890.00     0.000000
      4900.00     0.000000
      4910.00     0.000000
      4920.00     0.000000
      4930.00     0.000000
      4940.00     0.000000
      4950.00     0.000000
      4960.00     0.000000
      4970.00     0.000000
      4980.00     0.000000
      4990.00     0.000000
      5000.00     0.000000
      5010.00     0.000000
      5020.00     0.000000
      5030.00     0.000000
      5040.00     0.000000
      5050.00     0.000000
      5060.00     0.000000
      5070.00     0.000000
      5080.00     0.000000
      5090.00     0.000000
      5100.00     0.000000
      5110.00     0.000000
      5120.00     0.000000
      5130.00     0.000000
      5140.00     0.000000
      5150.00     0.000000
      5160.00     0.000000
      5170.00     0.000000
      5180.00     0.000000
      5190.00     0.000000
      5200.00     0.000000
      5210.00     0.000000
      5220.00     0.000000
      5230.00     0.000000
      5240.00     0.000000
      5250.00     0.000000
      5260.00     0.000000
      5270.00     0.000000
      5280.00     0.000000
      5290.00     0.000000
      5300.00     0.000000
      5310.00     0.000000
      5320.00     0.000000
      5330.00     0.000000
      5340.00     0.000000
      5350.00     0.000000
      5360.00     0.000000
      5370.00     0.000000
      5380.00     0.000000
      5390.00     0.000000
      5400.00     0.000000
      5410.00     0.000000
      5420.00     0.000000
      5430.00     0.000000
      5440.00     0.000000
      5450.00     0.000000
      5460.00     0.000000
      5470.00     0.000000
      5480.00     0.000000
      5490.00     0.000000
      5500.00     0.000000
      5510.00     0.000000
      5520.00     0.000000
      5530.00     0.000000
      5540.00     0.000000
      5550.00     0.000000
      5560.00     0.000000
      5570.00     0.000000
      5580.00     0.000000
      5590.00     0.000000
      5600.00     0.000000
      5610.00     0.000000
      5620.00     0.000000
      5630.00     0.000000
      5640.00     0.000000
      5650.00     0.000000
      5660.00     0.000000
      5670.00     0.000000
      5680.00     0.000000
      5690.00     0.000000
      5700.00     0.000000
      5710.00     0.000000
      5720.00     0.000000
      5730.00     0.000000
      5740.00     0.000000
      5750.00     0.000000
      5760.00     0.000000
      5770.00     0.000000
      5780.00     0.000000
      5790.00     0.000000
      5800.00     0.000000
      5810.00     0.000000
      5820.00     0.000000
      5830.00     0.000000
      5840.00     0.000000
      5850.00     0.000000
      5860.00     0.000000
      5870.00     0.000000
      5880.00     0.000000
      5890.00     0.000000
      5900.00     0.000000
      5910.00     0.000000
      5920.00     0.000000
      5930.00     0.000000
      5940.00     0.000000
      5950.00     0.000000
      5960.00     0.000000
      5970.00     0.000000
      5980.00     0.000000
      5990.00     0.000000
      6000.00     0.000000
      6010.00     0.000000
      6020.00     0.000000
      6030.00     0.000000
      6040.00     0.000000
      6050.00     0.000000
      6060.00     0.000000
      6070.00     0.000000
      6080.00     0.000000
      6090.00     0.000000
      6100.00     0.000000
      6110.00     0.000000
      6120.00     0.000000
      6130.00     0.000000
      6140.00     0.000000
      6150.00     0.000000
      6160.00     0.000000
      6170.00     0.000000
      6180.00     0.000000
      6190.00     0.000000
      6200.00     0.000000
      6210.00     0.000000
      6220.00     0.000000
      6230.00     0.000000
      6240.00     0.000000
      6250.00     0.000000
      6260.00     0.000000
      6270.00     0.000000
      6280.00     0.000000
      6290.00     0.000000
      6300.00     0.000000
      6310.00     0.000000
      6320.00     0.000000
      6330.00     0.000000
      6340.00     0.000000
      6350.00     0.000000
      6360.00     0.000000
      6370.00     0.000000
      6380.00     0.000000
      6390.00     0.000000
      6400.00     0.000000
      6410.00     0.000000
      6420.00     0.000000
      6430.00     0.000000
      6440.00     0.000000
      6450.00     0.000000
      6460.00     0.000000
      6470.00     0.000000
      6480.00     0.000000
      6490.00     0.000000
      6500.00     0.000000
      6510.00     0.000000
      6520.00     0.000000
      6530.00     0.000000
      6540.00     0.000000
      6550.00     0.000000
      6560.00     0.000000
      6570.00     0.000000
      6580.00     0.000000
      6590.00     0.000000
      6600.00     0.000000
      6610.00     0.000000
      6620.00     0.000000
      6630.00     0.000000
      6640.00     0.000000
      6650.00     0.000000
      6660.00     0.000000
      6670.00     0.000000
      6680.00     0.000000
      6690.00     0.000000
      6700.00     0.000000
      6710.00     0.000000
      6720.00     0.000000
      6730.00     0.000000
      6740.00     0.000000
      6750.00     0.000000
      6760.00     0.000000
      6770.00     0.000000
      6780.00     0.000000
      6790.00     0.000000
      6800.00     0.000000
      6810.00     0.000000
      6820.00     0.000000
      6830.00     0.000000
      6840.00     0.000000
      6850.00     0.000000
      6860.00     0.000000
      6870.00     0.000000
      6880.00     0.000000
      6890.00     0.000000
      6900.00     0.000000
      6910.00     0.000000
      6920.00     0.000000
      6930.00     0.000000
      6940.00     0.000000
      6950.00     0.000000
      6960.00     0.000000
      6970.00     0.000000
      6980.00     0.000000
      6990.00     0.000000
      7000.00     0.000000
      7010.00     0.000000
      7020.00     0.000000
      7030.00     0.000000
      7040.00     0.000000
      7050.00     0.000000
      7060.00     0.000000
      7070.00     0.000000
      7080.00     0.000000
      7090.00     0.000000
      7100.00     0.000000
      7110.00     0.000000
      7120.00     0.000000
      7130.00     0.000000
      7140.00     0.000000
      7170.00     0.000000
      7180.00     0.000000
      7190.00     0.000000
      7200.00     0.000000
      7210.00     0.000000
      7220.00     0.000000
      7230.00     0.000000
      7240.00     0.000000
      7250.00     0.000000
      7260.00     0.000000
      7270.00     0.000000
      7280.00     0.000000
      7290.00     0.000000
      7300.00     0.000000
      7310.00     0.000000
      7320.00     0.000000
      7330.00     0.000000
      7340.00     0.000000
      7350.00     0.000000
      7360.00     0.000000
      7370.00     0.000000
      7380.00     0.000000
      7390.00     0.000000
      7400.00     0.000000
      7410.00     0.000000
      7420.00     0.000000
      7430.00     0.000000
      7440.00     0.000000
      7450.00     0.000000
      7460.00     0.000000
      7470.00     0.000000
      7480.00     0.000000
      7490.00     0.000000
      7500.00     0.000000
      7510.00     0.000000
      7520.00     0.000000
      7530.00     0.000000
      7540.00     0.000000
      7550.00     0.000000
      7560.00     0.000000
      7570.00     0.000000
      7580.00     0.000000
      7590.00     0.000000
      7600.00     0.000000
      7610.00     0.000000
      7620.00     0.000000
      7630.00     0.000000
      7640.00     0.000000
      7650.00     0.000000
      7660.00     0.000000
      7670.00     0.000000
      7680.00     0.000000
      7690.00     0.000000
      7700.00     0.000000
      7710.00     0.000000
      7720.00     0.000000
      7730.00     0.000000
      7740.00     0.000000
      7750.00     0.000000
      7760.00     0.000000
      7770.00     0.000000
      7780.00     0.000000
      7790.00     0.000000
      7800.00     0.000000
      7810.00     0.000000
      7820.00     0.000000
      7830.00     0.000000
      7840.00     0.000000
      7850.00     0.000000
      7860.00     0.000000
      7870.00     0.000000
      7880.00     0.000000
      7890.00     0.000000
      7900.00     0.000000
      7910.00     0.000000
      7920.00     0.000000
      7930.00     0.000000
      7940.00     0.000000
      7950.00     0.000000
      7960.00     0.000000
      7970.00     0.000000
      7980.00     0.000000
      7990.00     0.000000
      8000.00     0.000000
      9000.00     0.000000
      10000.0     0.000000
