      303.000     0.166976
      350.000     0.257397
      400.000     0.384145
      450.000     0.546983
      500.000     0.750389
      550.000     0.998573
      600.000      1.29665
      650.000      1.64848
      700.000      2.05905
      750.000      2.53298
      800.000      3.07399
      810.000      3.19063
      820.000      3.30884
      830.000      3.43241
      840.000      3.55778
      850.000      3.68673
      860.000      3.81880
      870.000      3.95274
      880.000      4.09146
      890.000      4.25528
      900.000      4.56825
      920.000      5.17784
      930.000      5.70846
      940.000      6.12562
      950.000      6.92801
      960.000      8.29045
      970.000      6.85024
      980.000      6.60391
      990.000      9.47835
      1000.00      13.7960
      1020.00      10.6690
      1030.00      15.5651
      1040.00      11.6488
      1050.00      11.3123
      1060.00      4.57952
      1070.00      21.4820
      1080.00      25.7640
      1090.00      30.1226
      1110.00      13.8567
      1120.00      29.0263
      1130.00      7.81561
      1140.00      19.9345
      1150.00      31.1086
      1160.00      168.479
      1170.00      137.874
      1180.00      297.741
      1190.00      351.257
      1200.00      133.633
      1210.00      476.698
      1220.00      82.7579
      1230.00      37.6181
      1250.00      16.7636
      1260.00      16.5481
      1270.00      12.3627
      1280.00      33.9945
      1290.00      35.1325
      1300.00      14.3516
      1310.00      7.13982
      1320.00      11.7098
      1325.35      11.5260
      1328.01      10.3862
      1330.00      9.96922
      1340.00      13.8469
      1350.00      52.9295
      1360.00      67.4354
      1370.00      360.772
      1380.00      54.5121
      1390.00      20.1486
      1400.00      11.0864
      1410.00      7.18991
      1420.00      4.96556
      1430.00      3.47988
      1440.00      2.50695
      1450.00      12.6347
      1460.00      14.8760
      1470.00      7.75723
      1480.00      12.5539
      1490.00      6.67856
      1500.00      5.51850
      1510.00      5.04855
      1530.00      3.95086
      1540.00      3.84694
      1550.00      3.74303
      1560.00      3.64955
      1570.00      3.61391
      1580.00      3.57827
      1590.00      3.56947
      1600.00      3.62612
      1610.00      3.68276
      1630.00      3.98380
      1640.00      4.23162
      1650.00      4.57103
      1660.00      5.10512
      1670.00      5.86885
      1690.00      9.51366
      1700.00      13.7176
      1710.00      12.1340
      1720.00      15.4687
      1730.00      25.2731
      1740.00      49.9103
      1750.00      118.734
      1760.00      174.956
      1770.00      79.4807
      1780.00      33.9466
      1790.00      17.8634
      1800.00      11.0725
      1810.00      7.86319
      1820.00      6.24840
      1830.00      5.55622
      1840.00      5.20181
      1850.00      4.84739
      1860.00      4.34802
      1867.86      3.93705
      1871.60      3.74151
      1880.00      3.37575
      1890.00      2.95848
      1900.00      2.66864
      1910.00      2.40356
      1920.00      2.21311
      1930.00      2.03896
      1940.00      1.91275
      1950.00      1.78989
      1970.00      1.61852
      1980.00      1.55418
      1990.00      1.49840
      2000.00      1.44262
      2010.00      1.39153
      2020.00      1.35921
      2040.00      1.29457
      2050.00      1.26224
      2060.00      1.23196
      2080.00      1.19961
      2090.00      1.18343
      2100.00      1.16726
      2110.00      1.15108
      2120.00      1.13491
      2130.00      1.11873
      2140.00      1.11049
      2150.00      1.10463
      2160.00      1.09876
      2170.00      1.09290
      2180.00      1.08704
      2200.00      1.07531
      2210.00      1.06944
      2220.00      1.06358
      2230.00      1.06148
      2240.00      1.06233
      2250.00      1.06318
      2270.00      1.06488
      2280.00      1.06573
      2290.00      1.06658
      2300.00      1.06743
      2310.00      1.06828
      2320.00      1.06913
      2330.00      1.06998
      2340.00      1.07083
      2350.00      1.07168
      2360.00      1.07253
      2370.00      1.07532
      2380.00      1.08045
      2390.00      1.08558
      2400.00      1.09070
      2420.00      1.10096
      2430.00      1.10609
      2440.00      1.11122
      2450.00      1.11634
      2460.00      1.12147
      2470.00      1.12660
      2480.00      1.13173
      2490.00      1.13686
      2500.00      1.14198
      2520.00      1.15224
      2530.00      1.15737
      2540.00      1.16250
      2550.00      1.16763
      2560.00      1.17275
      2570.00      1.17963
      2580.00      1.18706
      2590.00      1.19450
      2600.00      1.20193
      2610.00      1.20937
      2620.00      1.21680
      2630.00      1.22424
      2640.00      1.23167
      2650.00      1.23911
      2660.00      1.24654
      2670.00      1.25398
      2680.00      1.26142
      2690.00      1.26885
      2700.00      1.27629
      2710.00      1.28372
      2720.00      1.29116
      2730.00      1.29859
      2740.00      1.30603
      2750.00      1.31346
      2760.00      1.32090
      2770.00      1.32833
      2780.00      1.33577
      2790.00      1.34320
      2800.00      1.35064
      2810.00      1.35807
      2820.00      1.36551
      2830.00      1.37294
      2840.00      1.38038
      2850.00      1.38782
      2880.00      1.41363
      2890.00      1.42243
      2900.00      1.43122
      2910.00      1.44002
      2920.00      1.44882
      2950.00      1.47522
      2960.00      1.48402
      2970.00      1.49281
      2980.00      1.50161
      2990.00      1.51041
      3000.00      1.51921
      3010.00      1.52801
      3020.00      1.53681
      3030.00      1.54561
      3040.00      1.55440
      3050.00      1.56320
      3060.00      1.57200
      3070.00      1.58080
      3080.00      1.58960
      3090.00      1.59840
      3100.00      1.60719
      3110.00      1.61599
      3120.00      1.62479
      3130.00      1.63359
      3140.00      1.64239
      3150.00      1.65119
      3160.00      1.65999
      3170.00      1.66986
      3180.00      1.68064
      3190.00      1.69142
      3200.00      1.70219
      3210.00      1.71297
      3220.00      1.72375
      3230.00      1.73453
      3240.00      1.74530
      3250.00      1.75608
      3260.00      1.76686
      3270.00      1.77764
      3280.00      1.78842
      3290.00      1.79919
      3300.00      1.80997
      3310.00      1.82075
      3320.00      1.83153
      3330.00      1.84230
      3340.00      1.85308
      3350.00      1.86386
      3360.00      1.87464
      3370.00      1.88542
      3380.00      1.89619
      3390.00      1.90697
      3400.00      1.91775
      3410.00      1.92853
      3420.00      1.93963
      3430.00      1.95309
      3440.00      1.96655
      3450.00      1.98001
      3460.00      1.99347
      3470.00      2.00693
      3480.00      2.02039
      3490.00      2.03385
      3500.00      2.04731
      3510.00      2.06077
      3520.00      2.07423
      3530.00      2.08769
      3540.00      2.10115
      3550.00      2.11461
      3560.00      2.12807
      3570.00      2.14153
      3580.00      2.15499
      3590.00      2.16845
      3600.00      2.18191
      3610.00      2.19536
      3620.00      2.20882
      3630.00      2.22228
      3660.00      2.27261
      3670.00      2.28945
      3680.00      2.30628
      3690.00      2.32312
      3700.00      2.33995
      3710.00      2.35679
      3720.00      2.37362
      3730.00      2.39046
      3740.00      2.40729
      3750.00      2.42413
      3770.00      2.45780
      3780.00      2.47463
      3790.00      2.49147
      3800.00      2.50830
      3810.00      2.52514
      3820.00      2.54197
      3830.00      2.55881
      3840.00      2.57564
      3860.00      2.60931
      3870.00      2.62615
      3880.00      2.64298
      3890.00      2.66016
      3900.00      2.68020
      3910.00      2.70024
      3920.00      2.72028
      3930.00      2.74032
      3940.00      2.76036
      3950.00      2.78040
      3960.00      2.80044
      3970.00      2.82048
      3980.00      2.84052
      3990.00      2.86056
      4000.00      2.88060
      4010.00      2.90063
      4020.00      2.92067
      4030.00      2.94071
      4039.44       3.3860
      4050.00     0.000000
      4060.00     0.000000
      4070.00     0.000000
      4080.00     0.000000
      4090.00     0.000000
      4100.00     0.000000
      4110.00     0.000000
      4120.00     0.000000
      4130.00     0.000000
      4140.00     0.000000
      4150.00     0.000000
      4160.00     0.000000
      4170.00     0.000000
      4180.00     0.000000
      4190.00     0.000000
      4200.00     0.000000
      4210.00     0.000000
      4220.00     0.000000
      4230.00     0.000000
      4240.00     0.000000
      4250.00     0.000000
      4260.00     0.000000
      4270.00     0.000000
      4280.00     0.000000
      4290.00     0.000000
      4300.00     0.000000
      4310.00     0.000000
      4320.00     0.000000
      4330.00     0.000000
      4340.00     0.000000
      4350.00     0.000000
      4360.00     0.000000
      4370.00     0.000000
      4380.00     0.000000
      4390.00     0.000000
      4400.00     0.000000
      4410.00     0.000000
      4420.00     0.000000
      4430.00     0.000000
      4440.00     0.000000
      4450.00     0.000000
      4460.00     0.000000
      4470.00     0.000000
      4480.00     0.000000
      4490.00     0.000000
      4500.00     0.000000
      4510.00     0.000000
      4520.00     0.000000
      4530.00     0.000000
      4540.00     0.000000
      4560.00     0.000000
      4570.00     0.000000
      4580.00     0.000000
      4590.00     0.000000
      4600.00     0.000000
      4610.00     0.000000
      4620.00     0.000000
      4630.00     0.000000
      4640.00     0.000000
      4650.00     0.000000
      4660.00     0.000000
      4670.00     0.000000
      4680.00     0.000000
      4690.00     0.000000
      4700.00     0.000000
      4710.00     0.000000
      4720.00     0.000000
      4730.00     0.000000
      4740.00     0.000000
      4750.00     0.000000
      4760.00     0.000000
      4770.00     0.000000
      4780.00     0.000000
      4790.00     0.000000
      4800.00     0.000000
      4810.00     0.000000
      4820.00     0.000000
      4830.00     0.000000
      4840.00     0.000000
      4850.00     0.000000
      4860.00     0.000000
      4870.00     0.000000
      4880.00     0.000000
      4890.00     0.000000
      4900.00     0.000000
      4910.00     0.000000
      4920.00     0.000000
      4930.00     0.000000
      4940.00     0.000000
      4950.00     0.000000
      4960.00     0.000000
      4970.00     0.000000
      4980.00     0.000000
      4990.00     0.000000
      5000.00     0.000000
      5010.00     0.000000
      5020.00     0.000000
      5030.00     0.000000
      5040.00     0.000000
      5050.00     0.000000
      5060.00     0.000000
      5070.00     0.000000
      5080.00     0.000000
      5090.00     0.000000
      5100.00     0.000000
      5110.00     0.000000
      5120.00     0.000000
      5130.00     0.000000
      5140.00     0.000000
      5150.00     0.000000
      5160.00     0.000000
      5170.00     0.000000
      5180.00     0.000000
      5190.00     0.000000
      5200.00     0.000000
      5210.00     0.000000
      5220.00     0.000000
      5230.00     0.000000
      5240.00     0.000000
      5250.00     0.000000
      5260.00     0.000000
      5270.00     0.000000
      5280.00     0.000000
      5290.00     0.000000
      5300.00     0.000000
      5310.00     0.000000
      5320.00     0.000000
      5330.00     0.000000
      5340.00     0.000000
      5350.00     0.000000
      5360.00     0.000000
      5370.00     0.000000
      5380.00     0.000000
      5390.00     0.000000
      5400.00     0.000000
      5410.00     0.000000
      5420.00     0.000000
      5430.00     0.000000
      5440.00     0.000000
      5450.00     0.000000
      5460.00     0.000000
      5470.00     0.000000
      5480.00     0.000000
      5490.00     0.000000
      5500.00     0.000000
      5510.00     0.000000
      5520.00     0.000000
      5530.00     0.000000
      5540.00     0.000000
      5550.00     0.000000
      5560.00     0.000000
      5570.00     0.000000
      5580.00     0.000000
      5590.00     0.000000
      5600.00     0.000000
      5610.00     0.000000
      5620.00     0.000000
      5630.00     0.000000
      5640.00     0.000000
      5650.00     0.000000
      5660.00     0.000000
      5670.00     0.000000
      5680.00     0.000000
      5690.00     0.000000
      5700.00     0.000000
      5710.00     0.000000
      5720.00     0.000000
      5730.00     0.000000
      5740.00     0.000000
      5750.00     0.000000
      5760.00     0.000000
      5770.00     0.000000
      5780.00     0.000000
      5790.00     0.000000
      5800.00     0.000000
      5810.00     0.000000
      5820.00     0.000000
      5830.00     0.000000
      5840.00     0.000000
      5850.00     0.000000
      5860.00     0.000000
      5870.00     0.000000
      5880.00     0.000000
      5890.00     0.000000
      5900.00     0.000000
      5910.00     0.000000
      5920.00     0.000000
      5930.00     0.000000
      5940.00     0.000000
      5950.00     0.000000
      5960.00     0.000000
      5970.00     0.000000
      5980.00     0.000000
      5990.00     0.000000
      6000.00     0.000000
      6010.00     0.000000
      6020.00     0.000000
      6030.00     0.000000
      6040.00     0.000000
      6050.00     0.000000
      6060.00     0.000000
      6070.00     0.000000
      6080.00     0.000000
      6090.00     0.000000
      6100.00     0.000000
      6110.00     0.000000
      6120.00     0.000000
      6130.00     0.000000
      6140.00     0.000000
      6150.00     0.000000
      6160.00     0.000000
      6170.00     0.000000
      6180.00     0.000000
      6190.00     0.000000
      6200.00     0.000000
      6210.00     0.000000
      6220.00     0.000000
      6230.00     0.000000
      6240.00     0.000000
      6250.00     0.000000
      6260.00     0.000000
      6270.00     0.000000
      6280.00     0.000000
      6290.00     0.000000
      6300.00     0.000000
      6310.00     0.000000
      6320.00     0.000000
      6330.00     0.000000
      6340.00     0.000000
      6350.00     0.000000
      6360.00     0.000000
      6370.00     0.000000
      6380.00     0.000000
      6390.00     0.000000
      6400.00     0.000000
      6410.00     0.000000
      6420.00     0.000000
      6430.00     0.000000
      6440.00     0.000000
      6450.00     0.000000
      6460.00     0.000000
      6470.00     0.000000
      6480.00     0.000000
      6490.00     0.000000
      6500.00     0.000000
      6510.00     0.000000
      6520.00     0.000000
      6530.00     0.000000
      6540.00     0.000000
      6550.00     0.000000
      6560.00     0.000000
      6570.00     0.000000
      6580.00     0.000000
      6590.00     0.000000
      6600.00     0.000000
      6610.00     0.000000
      6620.00     0.000000
      6630.00     0.000000
      6640.00     0.000000
      6650.00     0.000000
      6660.00     0.000000
      6670.00     0.000000
      6680.00     0.000000
      6690.00     0.000000
      6700.00     0.000000
      6710.00     0.000000
      6720.00     0.000000
      6730.00     0.000000
      6740.00     0.000000
      6750.00     0.000000
      6760.00     0.000000
      6770.00     0.000000
      6780.00     0.000000
      6790.00     0.000000
      6800.00     0.000000
      6810.00     0.000000
      6820.00     0.000000
      6830.00     0.000000
      6840.00     0.000000
      6850.00     0.000000
      6860.00     0.000000
      6870.00     0.000000
      6880.00     0.000000
      6890.00     0.000000
      6900.00     0.000000
      6910.00     0.000000
      6920.00     0.000000
      6930.00     0.000000
      6940.00     0.000000
      6950.00     0.000000
      6960.00     0.000000
      6970.00     0.000000
      6980.00     0.000000
      6990.00     0.000000
      7000.00     0.000000
      7010.00     0.000000
      7020.00     0.000000
      7030.00     0.000000
      7040.00     0.000000
      7050.00     0.000000
      7060.00     0.000000
      7070.00     0.000000
      7080.00     0.000000
      7090.00     0.000000
      7100.00     0.000000
      7110.00     0.000000
      7120.00     0.000000
      7130.00     0.000000
      7140.00     0.000000
      7170.00     0.000000
      7180.00     0.000000
      7190.00     0.000000
      7200.00     0.000000
      7210.00     0.000000
      7220.00     0.000000
      7230.00     0.000000
      7240.00     0.000000
      7250.00     0.000000
      7260.00     0.000000
      7270.00     0.000000
      7280.00     0.000000
      7290.00     0.000000
      7300.00     0.000000
      7310.00     0.000000
      7320.00     0.000000
      7330.00     0.000000
      7340.00     0.000000
      7350.00     0.000000
      7360.00     0.000000
      7370.00     0.000000
      7380.00     0.000000
      7390.00     0.000000
      7400.00     0.000000
      7410.00     0.000000
      7420.00     0.000000
      7430.00     0.000000
      7440.00     0.000000
      7450.00     0.000000
      7460.00     0.000000
      7470.00     0.000000
      7480.00     0.000000
      7490.00     0.000000
      7500.00     0.000000
      7510.00     0.000000
      7520.00     0.000000
      7530.00     0.000000
      7540.00     0.000000
      7550.00     0.000000
      7560.00     0.000000
      7570.00     0.000000
      7580.00     0.000000
      7590.00     0.000000
      7600.00     0.000000
      7610.00     0.000000
      7620.00     0.000000
      7630.00     0.000000
      7640.00     0.000000
      7650.00     0.000000
      7660.00     0.000000
      7670.00     0.000000
      7680.00     0.000000
      7690.00     0.000000
      7700.00     0.000000
      7710.00     0.000000
      7720.00     0.000000
      7730.00     0.000000
      7740.00     0.000000
      7750.00     0.000000
      7760.00     0.000000
      7770.00     0.000000
      7780.00     0.000000
      7790.00     0.000000
      7800.00     0.000000
      7810.00     0.000000
      7820.00     0.000000
      7830.00     0.000000
      7840.00     0.000000
      7850.00     0.000000
      7860.00     0.000000
      7870.00     0.000000
      7880.00     0.000000
      7890.00     0.000000
      7900.00     0.000000
      7910.00     0.000000
      7920.00     0.000000
      7930.00     0.000000
      7940.00     0.000000
      7950.00     0.000000
      7960.00     0.000000
      7970.00     0.000000
      7980.00     0.000000
      7990.00     0.000000
      8000.00     0.000000
      9000.00     0.000000
      10000.0     0.000000
