      303.000     0.205317
      350.000     0.316467
      400.000     0.472433
      450.000     0.672673
      500.000     0.922700
      550.000      1.22844
      600.000      1.59412
      650.000      2.02701
      700.000      2.53200
      750.000      3.11391
      800.000      3.77955
      810.000      3.92220
      820.000      4.07013
      830.000      4.22040
      840.000      4.37540
      850.000      4.53394
      860.000      4.69468
      870.000      4.86142
      880.000      5.06835
      890.000      5.46628
      900.000      5.86420
      920.000      6.69484
      930.000      6.97756
      940.000      6.67578
      950.000      6.50362
      960.000      6.40739
      970.000      9.24001
      980.000      8.63632
      990.000      6.75456
      1000.00      23.6130
      1020.00      12.1813
      1030.00      11.7531
      1040.00      12.5581
      1050.00      6.02857
      1060.00      20.9260
      1070.00      20.6980
      1080.00      21.1767
      1090.00      1.89462
      1110.00      3.89083
      1120.00      4.35410
      1130.00      4.70585
      1140.00      47.5588
      1150.00      9.01940
      1160.00      16.1660
      1170.00      41.9235
      1180.00      287.731
      1190.00      360.576
      1200.00      64.1750
      1210.00      19.6815
      1220.00      10.5324
      1230.00      7.50734
      1250.00      4.61886
      1260.00      195.312
      1270.00      7.52646
      1280.00      4.35084
      1290.00      86.2142
      1300.00      2.26080
      1310.00      46.5850
      1320.00      14.4710
      1325.35      19.0115
      1328.01      24.4106
      1330.00      31.7430
      1340.00      5.82036
      1350.00      202.847
      1360.00      377.722
      1370.00      397.316
      1380.00      94.5048
      1390.00      43.0741
      1400.00      26.0925
      1410.00      18.2545
      1420.00      14.3603
      1430.00      14.9204
      1440.00      6.80717
      1450.00      7.55049
      1460.00      5.97557
      1470.00      6.77932
      1480.00      4.88717
      1490.00      4.04270
      1500.00      3.72018
      1510.00      3.47919
      1530.00      2.61539
      1540.00      3.67480
      1550.00      2.15926
      1560.00      2.21169
      1570.00      2.97121
      1580.00      2.01188
      1590.00      1.76504
      1600.00      2.78133
      1610.00      1.86508
      1630.00      1.45540
      1640.00      1.38366
      1650.00      1.37458
      1660.00      1.82248
      1670.00      1.21893
      1690.00      1.21346
      1700.00      1.13954
      1710.00      1.07710
      1720.00      1.01466
      1730.00      1.85079
      1740.00     0.952017
      1750.00     0.895869
      1760.00     0.867339
      1770.00     0.901374
      1780.00      1.57903
      1790.00      2.42785
      1800.00      1.28213
      1810.00     0.988163
      1820.00     0.875857
      1830.00     0.827129
      1840.00     0.708635
      1850.00     0.657112
      1860.00     0.590200
      1867.86     0.493358
      1871.60     0.409383
      1880.00     0.954380
      1890.00     0.860266
      1900.00     0.726897
      1910.00     0.678131
      1920.00     0.642408
      1930.00     0.618734
      1940.00     0.595060
      1950.00     0.574588
      1970.00     0.552032
      1980.00     0.560600
      1990.00      1.43824
      2000.00      1.22478
      2010.00     0.585533
      2020.00     0.512571
      2040.00     0.481404
      2050.00     0.475583
      2060.00     0.469762
      2080.00     0.458121
      2090.00     0.454343
      2100.00     0.455518
      2110.00     0.456692
      2120.00     0.457866
      2130.00     0.459368
      2140.00     0.469944
      2150.00     0.480520
      2160.00     0.491096
      2170.00     0.512346
      2180.00     0.538339
      2200.00     0.626883
      2210.00     0.691522
      2220.00     0.794006
      2230.00     0.912691
      2240.00      1.12349
      2250.00      1.35561
      2270.00      2.16317
      2280.00      2.58198
      2290.00      3.00079
      2300.00      3.00194
      2310.00      2.74172
      2320.00      2.43215
      2330.00      2.03157
      2340.00      1.63100
      2350.00      1.40826
      2360.00      1.18961
      2370.00      1.02393
      2380.00     0.914491
      2390.00     0.805056
      2400.00     0.739207
      2420.00     0.623717
      2430.00     0.588837
      2440.00     0.553957
      2450.00     0.521634
      2460.00     0.499274
      2470.00     0.476914
      2480.00     0.455534
      2490.00     0.440143
      2500.00     0.424753
      2520.00     0.397719
      2530.00     0.386469
      2540.00     0.375220
      2550.00     0.365219
      2560.00     0.356558
      2570.00     0.347896
      2580.00     0.339234
      2590.00     0.332562
      2600.00     0.326221
      2610.00     0.319880
      2620.00     0.313539
      2630.00     0.307198
      2640.00     0.300857
      2650.00     0.294516
      2660.00     0.288175
      2670.00     0.283787
      2680.00     0.279556
      2690.00     0.275326
      2700.00     0.271096
      2710.00     0.266865
      2720.00     0.262635
      2730.00     0.258405
      2740.00     0.254175
      2750.00     0.249944
      2760.00     0.245714
      2770.00     0.241484
      2780.00     0.237253
      2790.00     0.233023
      2800.00     0.228793
      2810.00     0.225936
      2820.00     0.223110
      2830.00     0.220284
      2840.00     0.217458
      2850.00     0.214632
      2880.00     0.206155
      2890.00     0.203329
      2900.00     0.200503
      2910.00     0.197677
      2920.00     0.195966
      2950.00     0.190927
      2960.00     0.189247
      2970.00     0.187567
      2980.00     0.185887
      2990.00     0.184207
      3000.00     0.182528
      3010.00     0.180848
      3020.00     0.179168
      3030.00     0.177488
      3040.00     0.176043
      3050.00     0.175372
      3060.00     0.174701
      3070.00     0.174029
      3080.00     0.173358
      3090.00     0.172687
      3100.00     0.172015
      3110.00     0.171410
      3120.00     0.171526
      3130.00     0.171642
      3140.00     0.171758
      3150.00     0.171874
      3160.00     0.171990
      3170.00     0.172106
      3180.00     0.172222
      3190.00     0.172625
      3200.00     0.173620
      3210.00     0.174615
      3220.00     0.175609
      3230.00     0.176604
      3240.00     0.177599
      3250.00     0.178594
      3260.00     0.179589
      3270.00     0.180584
      3280.00     0.182406
      3290.00     0.184336
      3300.00     0.186266
      3310.00     0.188196
      3320.00     0.190127
      3330.00     0.192057
      3340.00     0.193987
      3350.00     0.195917
      3360.00     0.197848
      3370.00     0.200471
      3380.00     0.203447
      3390.00     0.206424
      3400.00     0.209401
      3410.00     0.212378
      3420.00     0.215354
      3430.00     0.218331
      3440.00     0.221308
      3450.00     0.224285
      3460.00     0.227261
      3470.00     0.230839
      3480.00     0.234907
      3490.00     0.238975
      3500.00     0.243044
      3510.00     0.247112
      3520.00     0.251181
      3530.00     0.255249
      3540.00     0.259317
      3550.00     0.263386
      3560.00     0.267454
      3570.00     0.271522
      3580.00     0.276086
      3590.00     0.281346
      3600.00     0.286607
      3610.00     0.291867
      3620.00     0.297127
      3630.00     0.302388
      3660.00     0.318169
      3670.00     0.323429
      3680.00     0.328690
      3690.00     0.333950
      3700.00     0.339332
      3710.00     0.345851
      3720.00     0.352370
      3730.00     0.358889
      3740.00     0.365408
      3750.00     0.371927
      3770.00     0.384965
      3780.00     0.391484
      3790.00     0.398003
      3800.00     0.404521
      3810.00     0.411040
      3820.00     0.417559
      3830.00     0.424078
      3840.00     0.431023
      3860.00     0.446197
      3862.82       0.5631
      3870.00     0.000000
      3880.00     0.000000
      3890.00     0.000000
      3900.00     0.000000
      3910.00     0.000000
      3920.00     0.000000
      3930.00     0.000000
      3940.00     0.000000
      3950.00     0.000000
      3960.00     0.000000
      3970.00     0.000000
      3980.00     0.000000
      3990.00     0.000000
      4000.00     0.000000
      4010.00     0.000000
      4020.00     0.000000
      4030.00     0.000000
      4050.00     0.000000
      4060.00     0.000000
      4070.00     0.000000
      4080.00     0.000000
      4090.00     0.000000
      4100.00     0.000000
      4110.00     0.000000
      4120.00     0.000000
      4130.00     0.000000
      4140.00     0.000000
      4150.00     0.000000
      4160.00     0.000000
      4170.00     0.000000
      4180.00     0.000000
      4190.00     0.000000
      4200.00     0.000000
      4210.00     0.000000
      4220.00     0.000000
      4230.00     0.000000
      4240.00     0.000000
      4250.00     0.000000
      4260.00     0.000000
      4270.00     0.000000
      4280.00     0.000000
      4290.00     0.000000
      4300.00     0.000000
      4310.00     0.000000
      4320.00     0.000000
      4330.00     0.000000
      4340.00     0.000000
      4350.00     0.000000
      4360.00     0.000000
      4370.00     0.000000
      4380.00     0.000000
      4390.00     0.000000
      4400.00     0.000000
      4410.00     0.000000
      4420.00     0.000000
      4430.00     0.000000
      4440.00     0.000000
      4450.00     0.000000
      4460.00     0.000000
      4470.00     0.000000
      4480.00     0.000000
      4490.00     0.000000
      4500.00     0.000000
      4510.00     0.000000
      4520.00     0.000000
      4530.00     0.000000
      4540.00     0.000000
      4560.00     0.000000
      4570.00     0.000000
      4580.00     0.000000
      4590.00     0.000000
      4600.00     0.000000
      4610.00     0.000000
      4620.00     0.000000
      4630.00     0.000000
      4640.00     0.000000
      4650.00     0.000000
      4660.00     0.000000
      4670.00     0.000000
      4680.00     0.000000
      4690.00     0.000000
      4700.00     0.000000
      4710.00     0.000000
      4720.00     0.000000
      4730.00     0.000000
      4740.00     0.000000
      4750.00     0.000000
      4760.00     0.000000
      4770.00     0.000000
      4780.00     0.000000
      4790.00     0.000000
      4800.00     0.000000
      4810.00     0.000000
      4820.00     0.000000
      4830.00     0.000000
      4840.00     0.000000
      4850.00     0.000000
      4860.00     0.000000
      4870.00     0.000000
      4880.00     0.000000
      4890.00     0.000000
      4900.00     0.000000
      4910.00     0.000000
      4920.00     0.000000
      4930.00     0.000000
      4940.00     0.000000
      4950.00     0.000000
      4960.00     0.000000
      4970.00     0.000000
      4980.00     0.000000
      4990.00     0.000000
      5000.00     0.000000
      5010.00     0.000000
      5020.00     0.000000
      5030.00     0.000000
      5040.00     0.000000
      5050.00     0.000000
      5060.00     0.000000
      5070.00     0.000000
      5080.00     0.000000
      5090.00     0.000000
      5100.00     0.000000
      5110.00     0.000000
      5120.00     0.000000
      5130.00     0.000000
      5140.00     0.000000
      5150.00     0.000000
      5160.00     0.000000
      5170.00     0.000000
      5180.00     0.000000
      5190.00     0.000000
      5200.00     0.000000
      5210.00     0.000000
      5220.00     0.000000
      5230.00     0.000000
      5240.00     0.000000
      5250.00     0.000000
      5260.00     0.000000
      5270.00     0.000000
      5280.00     0.000000
      5290.00     0.000000
      5300.00     0.000000
      5310.00     0.000000
      5320.00     0.000000
      5330.00     0.000000
      5340.00     0.000000
      5350.00     0.000000
      5360.00     0.000000
      5370.00     0.000000
      5380.00     0.000000
      5390.00     0.000000
      5400.00     0.000000
      5410.00     0.000000
      5420.00     0.000000
      5430.00     0.000000
      5440.00     0.000000
      5450.00     0.000000
      5460.00     0.000000
      5470.00     0.000000
      5480.00     0.000000
      5490.00     0.000000
      5500.00     0.000000
      5510.00     0.000000
      5520.00     0.000000
      5530.00     0.000000
      5540.00     0.000000
      5550.00     0.000000
      5560.00     0.000000
      5570.00     0.000000
      5580.00     0.000000
      5590.00     0.000000
      5600.00     0.000000
      5610.00     0.000000
      5620.00     0.000000
      5630.00     0.000000
      5640.00     0.000000
      5650.00     0.000000
      5660.00     0.000000
      5670.00     0.000000
      5680.00     0.000000
      5690.00     0.000000
      5700.00     0.000000
      5710.00     0.000000
      5720.00     0.000000
      5730.00     0.000000
      5740.00     0.000000
      5750.00     0.000000
      5760.00     0.000000
      5770.00     0.000000
      5780.00     0.000000
      5790.00     0.000000
      5800.00     0.000000
      5810.00     0.000000
      5820.00     0.000000
      5830.00     0.000000
      5840.00     0.000000
      5850.00     0.000000
      5860.00     0.000000
      5870.00     0.000000
      5880.00     0.000000
      5890.00     0.000000
      5900.00     0.000000
      5910.00     0.000000
      5920.00     0.000000
      5930.00     0.000000
      5940.00     0.000000
      5950.00     0.000000
      5960.00     0.000000
      5970.00     0.000000
      5980.00     0.000000
      5990.00     0.000000
      6000.00     0.000000
      6010.00     0.000000
      6020.00     0.000000
      6030.00     0.000000
      6040.00     0.000000
      6050.00     0.000000
      6060.00     0.000000
      6070.00     0.000000
      6080.00     0.000000
      6090.00     0.000000
      6100.00     0.000000
      6110.00     0.000000
      6120.00     0.000000
      6130.00     0.000000
      6140.00     0.000000
      6150.00     0.000000
      6160.00     0.000000
      6170.00     0.000000
      6180.00     0.000000
      6190.00     0.000000
      6200.00     0.000000
      6210.00     0.000000
      6220.00     0.000000
      6230.00     0.000000
      6240.00     0.000000
      6250.00     0.000000
      6260.00     0.000000
      6270.00     0.000000
      6280.00     0.000000
      6290.00     0.000000
      6300.00     0.000000
      6310.00     0.000000
      6320.00     0.000000
      6330.00     0.000000
      6340.00     0.000000
      6350.00     0.000000
      6360.00     0.000000
      6370.00     0.000000
      6380.00     0.000000
      6390.00     0.000000
      6400.00     0.000000
      6410.00     0.000000
      6420.00     0.000000
      6430.00     0.000000
      6440.00     0.000000
      6450.00     0.000000
      6460.00     0.000000
      6470.00     0.000000
      6480.00     0.000000
      6490.00     0.000000
      6500.00     0.000000
      6510.00     0.000000
      6520.00     0.000000
      6530.00     0.000000
      6540.00     0.000000
      6550.00     0.000000
      6560.00     0.000000
      6570.00     0.000000
      6580.00     0.000000
      6590.00     0.000000
      6600.00     0.000000
      6610.00     0.000000
      6620.00     0.000000
      6630.00     0.000000
      6640.00     0.000000
      6650.00     0.000000
      6660.00     0.000000
      6670.00     0.000000
      6680.00     0.000000
      6690.00     0.000000
      6700.00     0.000000
      6710.00     0.000000
      6720.00     0.000000
      6730.00     0.000000
      6740.00     0.000000
      6750.00     0.000000
      6760.00     0.000000
      6770.00     0.000000
      6780.00     0.000000
      6790.00     0.000000
      6800.00     0.000000
      6810.00     0.000000
      6820.00     0.000000
      6830.00     0.000000
      6840.00     0.000000
      6850.00     0.000000
      6860.00     0.000000
      6870.00     0.000000
      6880.00     0.000000
      6890.00     0.000000
      6900.00     0.000000
      6910.00     0.000000
      6920.00     0.000000
      6930.00     0.000000
      6940.00     0.000000
      6950.00     0.000000
      6960.00     0.000000
      6970.00     0.000000
      6980.00     0.000000
      6990.00     0.000000
      7000.00     0.000000
      7010.00     0.000000
      7020.00     0.000000
      7030.00     0.000000
      7040.00     0.000000
      7050.00     0.000000
      7060.00     0.000000
      7070.00     0.000000
      7080.00     0.000000
      7090.00     0.000000
      7100.00     0.000000
      7110.00     0.000000
      7120.00     0.000000
      7130.00     0.000000
      7140.00     0.000000
      7170.00     0.000000
      7180.00     0.000000
      7190.00     0.000000
      7200.00     0.000000
      7210.00     0.000000
      7220.00     0.000000
      7230.00     0.000000
      7240.00     0.000000
      7250.00     0.000000
      7260.00     0.000000
      7270.00     0.000000
      7280.00     0.000000
      7290.00     0.000000
      7300.00     0.000000
      7310.00     0.000000
      7320.00     0.000000
      7330.00     0.000000
      7340.00     0.000000
      7350.00     0.000000
      7360.00     0.000000
      7370.00     0.000000
      7380.00     0.000000
      7390.00     0.000000
      7400.00     0.000000
      7410.00     0.000000
      7420.00     0.000000
      7430.00     0.000000
      7440.00     0.000000
      7450.00     0.000000
      7460.00     0.000000
      7470.00     0.000000
      7480.00     0.000000
      7490.00     0.000000
      7500.00     0.000000
      7510.00     0.000000
      7520.00     0.000000
      7530.00     0.000000
      7540.00     0.000000
      7550.00     0.000000
      7560.00     0.000000
      7570.00     0.000000
      7580.00     0.000000
      7590.00     0.000000
      7600.00     0.000000
      7610.00     0.000000
      7620.00     0.000000
      7630.00     0.000000
      7640.00     0.000000
      7650.00     0.000000
      7660.00     0.000000
      7670.00     0.000000
      7680.00     0.000000
      7690.00     0.000000
      7700.00     0.000000
      7710.00     0.000000
      7720.00     0.000000
      7730.00     0.000000
      7740.00     0.000000
      7750.00     0.000000
      7760.00     0.000000
      7770.00     0.000000
      7780.00     0.000000
      7790.00     0.000000
      7800.00     0.000000
      7810.00     0.000000
      7820.00     0.000000
      7830.00     0.000000
      7840.00     0.000000
      7850.00     0.000000
      7860.00     0.000000
      7870.00     0.000000
      7880.00     0.000000
      7890.00     0.000000
      7900.00     0.000000
      7910.00     0.000000
      7920.00     0.000000
      7930.00     0.000000
      7940.00     0.000000
      7950.00     0.000000
      7960.00     0.000000
      7970.00     0.000000
      7980.00     0.000000
      7990.00     0.000000
      8000.00     0.000000
      9000.00     0.000000
      10000.0     0.000000
