 2.00034000E-04   4879.8 2.406E+03 4.583E+11 1.285E-01 4.860E-03 1.500E+05
 2.00036000E-04   4879.8 2.406E+03 4.583E+11 1.285E-01 4.860E-03 1.500E+05
 2.00037000E-04   4879.8 2.406E+03 4.583E+11 1.285E-01 4.860E-03 1.500E+05
 2.00039000E-04   4879.8 2.406E+03 4.583E+11 1.285E-01 4.860E-03 1.500E+05
 2.00041000E-04   4879.8 2.406E+03 4.583E+11 1.285E-01 4.860E-03 1.500E+05
 2.00044000E-04   4879.8 2.406E+03 4.583E+11 1.285E-01 4.860E-03 1.500E+05
 2.00047000E-04   4879.8 2.406E+03 4.583E+11 1.285E-01 4.860E-03 1.500E+05
 2.00049000E-04   4879.8 2.406E+03 4.583E+11 1.285E-01 4.860E-03 1.500E+05
 2.00052000E-04   4879.8 2.406E+03 4.583E+11 1.285E-01 4.860E-03 1.500E+05
 2.00056000E-04   4879.8 2.406E+03 4.583E+11 1.285E-01 4.860E-03 1.500E+05
 2.00061000E-04   4879.8 2.406E+03 4.583E+11 1.285E-01 4.860E-03 1.500E+05
 2.00065000E-04   4879.8 2.406E+03 4.583E+11 1.285E-01 4.860E-03 1.500E+05
 2.00070000E-04   4879.8 2.406E+03 4.583E+11 1.285E-01 4.860E-03 1.500E+05
 2.00076000E-04   4879.8 2.406E+03 4.583E+11 1.285E-01 4.860E-03 1.500E+05
 2.00086000E-04   4879.8 2.406E+03 4.583E+11 1.285E-01 4.860E-03 1.500E+05
 2.00092000E-04   4879.8 2.406E+03 4.583E+11 1.285E-01 4.860E-03 1.500E+05
 2.00113000E-04   4879.8 2.406E+03 4.583E+11 1.285E-01 4.860E-03 1.500E+05
 2.00151000E-04   4879.8 2.406E+03 4.583E+11 1.285E-01 4.860E-03 1.500E+05
 2.00255000E-04   4879.8 2.406E+03 4.583E+11 1.285E-01 4.860E-03 1.500E+05
 2.00416000E-04   4879.8 2.406E+03 4.583E+11 1.285E-01 4.860E-03 1.500E+05
 2.01117000E-04   4879.8 2.406E+03 4.583E+11 1.285E-01 4.860E-03 1.500E+05
 2.02507000E-04   4879.8 2.406E+03 4.583E+11 1.285E-01 4.860E-03 1.500E+05
 2.05134000E-04   4879.8 2.406E+03 4.583E+11 1.285E-01 4.860E-03 1.500E+05
 2.11796000E-04   4879.8 2.406E+03 4.583E+11 1.285E-01 4.860E-03 1.500E+05
 2.21596000E-04   4879.9 2.409E+03 4.587E+11 1.287E-01 4.863E-03 1.500E+05
 2.33568000E-04   4879.8 2.408E+03 4.586E+11 1.286E-01 4.863E-03 1.500E+05
 2.51426000E-04   4879.9 2.410E+03 4.590E+11 1.287E-01 4.866E-03 1.500E+05
 2.69915000E-04   4880.0 2.413E+03 4.594E+11 1.288E-01 4.869E-03 1.500E+05
 3.61129000E-04   4880.2 2.418E+03 4.604E+11 1.291E-01 4.877E-03 1.500E+05
 4.83892000E-04   4880.5 2.426E+03 4.618E+11 1.294E-01 4.887E-03 1.500E+05
 7.02542000E-04   4881.0 2.442E+03 4.646E+11 1.302E-01 4.909E-03 1.500E+05
 9.61151000E-04   4881.7 2.462E+03 4.682E+11 1.311E-01 4.937E-03 1.500E+05
 2.46537000E-03   4885.6 2.572E+03 4.874E+11 1.361E-01 5.086E-03 1.500E+05
 4.26623000E-03   4890.3 2.707E+03 5.111E+11 1.423E-01 5.269E-03 1.500E+05
 8.55856000E-03   4896.2 2.878E+03 5.410E+11 1.501E-01 5.500E-03 1.500E+05
 1.77006000E-02   4899.9 2.981E+03 5.590E+11 1.548E-01 5.640E-03 1.500E+05
 3.47157000E-02   4948.7 5.320E+03 9.512E+11 2.535E-01 8.564E-03 1.500E+05
 6.33863000E-02   4982.4 6.945E+03 1.222E+12 3.185E-01 1.041E-02 1.500E+05
 1.08940000E-01   5020.0 9.026E+03 1.568E+12 3.990E-01 1.264E-02 1.500E+05
 1.78966000E-01   5050.0 1.088E+04 1.873E+12 4.690E-01 1.456E-02 1.500E+05
 2.84402000E-01   5100.0 1.401E+04 2.403E+12 5.846E-01 1.761E-02 1.500E+05
 4.41979000E-01   5160.0 1.780E+04 3.056E+12 7.227E-01 2.116E-02 1.500E+05
 6.72747000E-01   5220.0 2.257E+04 3.904E+12 8.936E-01 2.526E-02 1.500E+05
 1.00518000E+00   5308.9 3.121E+04 5.451E+12 1.199E+00 3.227E-02 1.500E+05
 1.46839000E+00   5397.8 4.263E+04 7.563E+12 1.602E+00 4.088E-02 1.500E+05
 2.13235000E+00   5511.7 5.797E+04 1.068E+13 2.171E+00 5.207E-02 1.500E+05
 2.56411000E+00   5590.6 6.480E+04 1.275E+13 2.519E+00 5.830E-02 1.500E+05
 2.85452000E+00   5664.4 7.096E+04 1.474E+13 2.850E+00 6.416E-02 1.500E+05
 3.05569000E+00   5813.3 8.114E+04 1.977E+13 3.661E+00 7.744E-02 1.500E+05
 3.67923000E+00   6400.0 1.121E+05 6.411E+13 1.055E+01 1.544E-01 1.500E+05
 4.34039000E+00   6601.1 1.212E+05 9.468E+13 1.527E+01 1.954E-01 1.500E+05
 4.81184000E+00   6900.0 1.296E+05 1.570E+14 2.489E+01 2.733E-01 1.500E+05
 5.29307000E+00   7390.0 1.407E+05 3.571E+14 5.806E+01 3.740E-01 1.500E+05
 5.78149000E+00   7770.0 1.488E+05 6.161E+14 1.073E+02 4.165E-01 1.500E+05
 6.27609000E+00   8410.0 1.624E+05 1.379E+15 2.864E+02 4.125E-01 1.500E+05
 6.77541000E+00   8950.0 1.738E+05 2.344E+15 5.514E+02 3.757E-01 1.500E+05
