1.49878e-02   4900.000000  3.17902e+03  0.00000e+00  0.00000e+00  0.00000e+00  0.00000e+00
1.08735e-01   4940.000000  4.88374e+03  0.00000e+00  0.00000e+00  0.00000e+00  0.00000e+00
2.26040e-01   5000.000000  7.46379e+03  0.00000e+00  0.00000e+00  0.00000e+00  0.00000e+00
4.01105e-01   5070.000000  1.13349e+04  0.00000e+00  0.00000e+00  0.00000e+00  0.00000e+00
6.59231e-01   5170.000000  1.70783e+04  0.00000e+00  0.00000e+00  0.00000e+00  0.00000e+00
9.46223e-01   5280.000000  2.54607e+04  0.00000e+00  0.00000e+00  0.00000e+00  0.00000e+00
1.13249e+00   5355.000000  3.09445e+04  0.00000e+00  0.00000e+00  0.00000e+00  0.00000e+00
1.39340e+00   5450.000000  3.74679e+04  0.00000e+00  0.00000e+00  0.00000e+00  0.00000e+00
1.70073e+00   5580.000000  4.51728e+04  0.00000e+00  0.00000e+00  0.00000e+00  0.00000e+00
2.06016e+00   5720.000000  5.41819e+04  0.00000e+00  0.00000e+00  0.00000e+00  0.00000e+00
2.47771e+00   5870.000000  6.46553e+04  0.00000e+00  0.00000e+00  0.00000e+00  0.00000e+00
2.88933e+00   6040.000000  7.67502e+04  0.00000e+00  0.00000e+00  0.00000e+00  0.00000e+00
3.16407e+00   6160.000000  8.48308e+04  0.00000e+00  0.00000e+00  0.00000e+00  0.00000e+00
3.46424e+00   6300.000000  9.35549e+04  0.00000e+00  0.00000e+00  0.00000e+00  0.00000e+00
3.67682e+00   6400.000000  9.97301e+04  0.00000e+00  0.00000e+00  0.00000e+00  0.00000e+00
3.92358e+00   6500.000000  1.06185e+05  0.00000e+00  0.00000e+00  0.00000e+00  0.00000e+00
4.18135e+00   6620.000000  1.12941e+05  0.00000e+00  0.00000e+00  0.00000e+00  0.00000e+00
4.44984e+00   6750.000000  1.19956e+05  0.00000e+00  0.00000e+00  0.00000e+00  0.00000e+00
4.72875e+00   6890.000000  1.27202e+05  0.00000e+00  0.00000e+00  0.00000e+00  0.00000e+00
5.01771e+00   7040.000000  1.34664e+05  0.00000e+00  0.00000e+00  0.00000e+00  0.00000e+00
5.31634e+00   7200.000000  1.42309e+05  0.00000e+00  0.00000e+00  0.00000e+00  0.00000e+00
5.62434e+00   7370.000000  1.50237e+05  0.00000e+00  0.00000e+00  0.00000e+00  0.00000e+00
5.94130e+00   7560.000000  1.58669e+05  0.00000e+00  0.00000e+00  0.00000e+00  0.00000e+00
6.26607e+00   7770.000000  1.67330e+05  0.00000e+00  0.00000e+00  0.00000e+00  0.00000e+00
6.59428e+00   8040.000000  1.76093e+05  0.00000e+00  0.00000e+00  0.00000e+00  0.00000e+00
