 9.45382006E-03   4063.3 3.149E+02 4.453E+10 2.415E-03 5.000E-01 0.000E+00
 1.03791878E-02   4071.7 3.332E+02 4.700E+10 2.507E-03 5.000E-01 0.000E+00
 1.14475749E-02   4094.1 3.631E+02 5.130E+10 2.650E-03 5.000E-01 0.000E+00
 1.26863820E-02   4111.7 3.950E+02 5.575E+10 2.801E-03 5.000E-01 0.000E+00
 1.41191483E-02   4124.8 4.297E+02 6.043E+10 2.967E-03 5.000E-01 0.000E+00
 1.57672726E-02   4145.3 4.760E+02 6.682E+10 3.182E-03 5.000E-01 0.000E+00
 1.76574886E-02   4156.4 5.211E+02 7.273E+10 3.392E-03 5.000E-01 0.000E+00
 1.98136847E-02   4175.7 5.812E+02 8.083E+10 3.663E-03 5.000E-01 0.000E+00
 2.22674012E-02   4190.0 6.438E+02 8.903E+10 3.943E-03 5.000E-01 0.000E+00
 2.50499491E-02   4206.5 7.170E+02 9.864E+10 4.262E-03 5.000E-01 0.000E+00
 2.81973109E-02   4227.2 8.056E+02 1.104E+11 4.639E-03 5.000E-01 0.000E+00
 3.17526460E-02   4240.3 8.916E+02 1.214E+11 5.002E-03 5.000E-01 0.000E+00
 3.57562937E-02   4267.7 1.015E+03 1.379E+11 5.501E-03 5.000E-01 0.000E+00
 4.02671918E-02   4278.8 1.120E+03 1.510E+11 5.929E-03 5.000E-01 0.000E+00
 4.53345366E-02   4303.8 1.269E+03 1.705E+11 6.507E-03 5.000E-01 0.000E+00
 5.10292836E-02   4322.7 1.418E+03 1.897E+11 7.083E-03 5.000E-01 0.000E+00
 5.74216619E-02   4343.1 1.589E+03 2.116E+11 7.723E-03 5.000E-01 0.000E+00
 6.45912066E-02   4369.5 1.797E+03 2.386E+11 8.480E-03 5.000E-01 0.000E+00
 7.26340935E-02   4387.0 1.997E+03 2.638E+11 9.201E-03 5.000E-01 0.000E+00
 8.16406012E-02   4415.8 2.263E+03 2.984E+11 1.012E-02 5.000E-01 0.000E+00
 9.17352065E-02   4437.7 2.530E+03 3.324E+11 1.104E-02 5.000E-01 0.000E+00
 1.03040360E-01   4461.7 2.840E+03 3.719E+11 1.208E-02 5.000E-01 0.000E+00
 1.15697674E-01   4487.6 3.201E+03 4.179E+11 1.326E-02 5.000E-01 0.000E+00
 1.29871234E-01   4507.1 3.567E+03 4.635E+11 1.445E-02 5.000E-01 0.000E+00
 1.45725191E-01   4532.1 4.024E+03 5.209E+11 1.588E-02 5.000E-01 0.000E+00
 1.63472846E-01   4551.8 4.500E+03 5.794E+11 1.736E-02 5.000E-01 0.000E+00
 1.83333263E-01   4571.8 5.039E+03 6.453E+11 1.900E-02 5.000E-01 0.000E+00
 2.05554977E-01   4592.5 5.661E+03 7.209E+11 2.086E-02 5.000E-01 0.000E+00
 2.30420277E-01   4609.7 6.314E+03 7.987E+11 2.277E-02 5.000E-01 0.000E+00
 2.58232713E-01   4628.9 7.088E+03 8.907E+11 2.499E-02 5.000E-01 0.000E+00
 2.89355487E-01   4646.5 7.927E+03 9.892E+11 2.736E-02 5.000E-01 0.000E+00
 3.24180484E-01   4663.9 8.859E+03 1.098E+12 2.993E-02 5.000E-01 0.000E+00
 3.63144755E-01   4682.4 9.935E+03 1.222E+12 3.284E-02 5.000E-01 0.000E+00
 4.06746835E-01   4699.9 1.109E+04 1.355E+12 3.590E-02 5.000E-01 0.000E+00
 4.55543160E-01   4718.9 1.241E+04 1.506E+12 3.932E-02 5.000E-01 0.000E+00
 5.10166347E-01   4739.0 1.388E+04 1.674E+12 4.305E-02 5.000E-01 0.000E+00
 5.71328521E-01   4759.8 1.549E+04 1.858E+12 4.705E-02 5.000E-01 0.000E+00
 6.39825284E-01   4784.0 1.734E+04 2.071E+12 5.153E-02 5.000E-01 0.000E+00
 7.16561258E-01   4810.5 1.937E+04 2.308E+12 5.634E-02 5.000E-01 0.000E+00
 8.02543223E-01   4840.0 2.162E+04 2.574E+12 6.157E-02 5.000E-01 0.000E+00
 8.98909092E-01   4874.8 2.417E+04 2.884E+12 6.736E-02 5.000E-01 0.000E+00
 1.00693595E+00   4913.7 2.697E+04 3.234E+12 7.360E-02 5.000E-01 0.000E+00
 1.12803757E+00   4957.5 3.010E+04 3.636E+12 8.043E-02 5.000E-01 0.000E+00
 1.26379454E+00   5008.8 3.360E+04 4.108E+12 8.796E-02 5.000E-01 0.000E+00
 1.41591346E+00   5066.3 3.745E+04 4.657E+12 9.621E-02 5.000E-01 0.000E+00
 1.58618367E+00   5130.3 4.171E+04 5.302E+12 1.054E-01 5.000E-01 0.000E+00
 1.77610898E+00   5205.7 4.645E+04 6.098E+12 1.160E-01 5.000E-01 0.000E+00
 1.98709261E+00   5289.3 5.164E+04 7.079E+12 1.285E-01 5.000E-01 0.000E+00
 2.21900153E+00   5382.6 5.724E+04 8.334E+12 1.439E-01 5.000E-01 0.000E+00
 2.47082591E+00   5487.4 6.325E+04 1.001E+13 1.638E-01 5.000E-01 0.000E+00
 2.73826313E+00   5606.5 6.956E+04 1.239E+13 1.912E-01 5.000E-01 0.000E+00
 3.01452470E+00   5738.6 7.598E+04 1.582E+13 2.298E-01 5.000E-01 0.000E+00
 3.29278231E+00   5886.5 8.235E+04 2.096E+13 2.850E-01 5.000E-01 0.000E+00
 3.55819440E+00   6067.0 8.835E+04 2.961E+13 3.731E-01 5.000E-01 0.000E+00
 3.79987097E+00   6272.6 9.359E+04 4.377E+13 5.077E-01 5.000E-01 0.000E+00
 4.01720047E+00   6489.8 9.829E+04 6.567E+13 7.011E-01 5.000E-01 0.000E+00
 4.20880461E+00   6699.9 1.023E+05 9.593E+13 9.501E-01 5.000E-01 0.000E+00
 4.38235617E+00   6904.4 1.060E+05 1.365E+14 1.264E+00 5.000E-01 0.000E+00
 4.54777527E+00   7100.6 1.095E+05 1.893E+14 1.650E+00 5.000E-01 0.000E+00
 4.70496225E+00   7285.7 1.128E+05 2.546E+14 2.106E+00 5.000E-01 0.000E+00
 4.85366869E+00   7470.4 1.160E+05 3.365E+14 2.661E+00 5.000E-01 0.000E+00
 5.00219011E+00   7653.8 1.192E+05 4.410E+14 3.344E+00 5.000E-01 0.000E+00
 5.14522266E+00   7831.3 1.222E+05 5.640E+14 4.138E+00 5.000E-01 0.000E+00
 5.28946877E+00   8003.3 1.253E+05 7.113E+14 5.075E+00 5.000E-01 0.000E+00
 5.43409586E+00   8168.4 1.286E+05 8.819E+14 6.153E+00 5.000E-01 0.000E+00
 5.58205080E+00   8321.6 1.319E+05 1.068E+15 7.339E+00 5.000E-01 0.000E+00
 5.73396969E+00   8469.9 1.352E+05 1.282E+15 8.695E+00 5.000E-01 0.000E+00
 5.89263344E+00   8613.1 1.390E+05 1.518E+15 1.022E+01 5.000E-01 0.000E+00
 6.05817461E+00   8752.4 1.428E+05 1.783E+15 1.195E+01 5.000E-01 0.000E+00
 6.23108149E+00   8887.6 1.467E+05 2.078E+15 1.390E+01 5.000E-01 0.000E+00
 6.41519403E+00   9023.8 1.512E+05 2.412E+15 1.616E+01 5.000E-01 0.000E+00
 6.60928774E+00   9155.3 1.558E+05 2.779E+15 1.868E+01 5.000E-01 0.000E+00
 6.81479359E+00   9283.9 1.607E+05 3.182E+15 2.151E+01 5.000E-01 0.000E+00
 7.03347540E+00   9411.8 1.661E+05 3.634E+15 2.473E+01 5.000E-01 0.000E+00
 7.26819086E+00   9534.2 1.718E+05 4.114E+15 2.824E+01 5.000E-01 0.000E+00
 7.52016020E+00   9658.7 1.781E+05 4.659E+15 3.229E+01 5.000E-01 0.000E+00
 7.79082918E+00   9778.3 1.847E+05 5.240E+15 3.670E+01 5.000E-01 0.000E+00
 8.08253574E+00   9897.9 1.921E+05 5.887E+15 4.168E+01 5.000E-01 0.000E+00
 8.39790154E+00  10013.3 1.999E+05 6.578E+15 4.709E+01 5.000E-01 0.000E+00
 8.73952389E+00  10132.1 2.087E+05 7.364E+15 5.334E+01 5.000E-01 0.000E+00
 9.11094284E+00  10248.7 2.180E+05 8.211E+15 6.020E+01 5.000E-01 0.000E+00
 9.51338577E+00  10367.0 2.284E+05 9.162E+15 6.800E+01 5.000E-01 0.000E+00
 9.94957352E+00  10485.4 2.397E+05 1.021E+16 7.672E+01 5.000E-01 0.000E+00
 1.04253035E+01  10599.0 2.517E+05 1.132E+16 8.604E+01 5.000E-01 0.000E+00
 1.09453793E+01  10711.8 2.651E+05 1.254E+16 9.635E+01 5.000E-01 0.000E+00
 1.15140829E+01  10827.1 2.800E+05 1.391E+16 1.080E+02 5.000E-01 0.000E+00
