 9.45382006E-03   4063.3 3.149E+02 4.453E+10 2.415E-03 5.000E-01 0.000E+00
 9.75148380E-03   4066.4 3.210E+02 4.536E+10 2.446E-03 5.000E-01 0.000E+00
 1.00604435E-02   4069.0 3.270E+02 4.617E+10 2.476E-03 5.000E-01 0.000E+00
 1.03791878E-02   4071.7 3.332E+02 4.700E+10 2.507E-03 5.000E-01 0.000E+00
 1.07080359E-02   4074.3 3.394E+02 4.784E+10 2.538E-03 5.000E-01 0.000E+00
 1.10715982E-02   4084.2 3.510E+02 4.954E+10 2.593E-03 5.000E-01 0.000E+00
 1.14475749E-02   4094.1 3.631E+02 5.130E+10 2.650E-03 5.000E-01 0.000E+00
 1.18363136E-02   4104.1 3.755E+02 5.313E+10 2.707E-03 5.000E-01 0.000E+00
 1.22475009E-02   4110.4 3.865E+02 5.467E+10 2.759E-03 5.000E-01 0.000E+00
 1.26863820E-02   4111.7 3.950E+02 5.575E+10 2.801E-03 5.000E-01 0.000E+00
 1.31409969E-02   4112.9 4.036E+02 5.686E+10 2.845E-03 5.000E-01 0.000E+00
 1.36137204E-02   4115.1 4.133E+02 5.810E+10 2.892E-03 5.000E-01 0.000E+00
 1.41191483E-02   4124.8 4.297E+02 6.043E+10 2.967E-03 5.000E-01 0.000E+00
 1.46433469E-02   4134.6 4.467E+02 6.285E+10 3.045E-03 5.000E-01 0.000E+00
 1.51869999E-02   4144.3 4.644E+02 6.537E+10 3.125E-03 5.000E-01 0.000E+00
 1.57672726E-02   4145.3 4.760E+02 6.682E+10 3.182E-03 5.000E-01 0.000E+00
 1.63701586E-02   4146.0 4.877E+02 6.827E+10 3.238E-03 5.000E-01 0.000E+00
 1.69961080E-02   4146.8 4.996E+02 6.975E+10 3.295E-03 5.000E-01 0.000E+00
 1.76574886E-02   4156.4 5.211E+02 7.273E+10 3.392E-03 5.000E-01 0.000E+00
 1.83447096E-02   4166.1 5.436E+02 7.586E+10 3.492E-03 5.000E-01 0.000E+00
 1.90598741E-02   4174.8 5.661E+02 7.897E+10 3.592E-03 5.000E-01 0.000E+00
 1.98136847E-02   4175.7 5.812E+02 8.083E+10 3.663E-03 5.000E-01 0.000E+00
 2.05973145E-02   4176.6 5.967E+02 8.273E+10 3.735E-03 5.000E-01 0.000E+00
 2.14138608E-02   4180.2 6.159E+02 8.521E+10 3.822E-03 5.000E-01 0.000E+00
 2.22674012E-02   4190.0 6.438E+02 8.903E+10 3.943E-03 5.000E-01 0.000E+00
 2.31549647E-02   4199.8 6.730E+02 9.302E+10 4.068E-03 5.000E-01 0.000E+00
 2.40821354E-02   4205.0 6.971E+02 9.618E+10 4.173E-03 5.000E-01 0.000E+00
 2.50499491E-02   4206.5 7.170E+02 9.864E+10 4.262E-03 5.000E-01 0.000E+00
 2.60566715E-02   4207.9 7.374E+02 1.012E+11 4.353E-03 5.000E-01 0.000E+00
 2.71057263E-02   4217.0 7.699E+02 1.055E+11 4.490E-03 5.000E-01 0.000E+00
 2.81973109E-02   4227.2 8.056E+02 1.104E+11 4.639E-03 5.000E-01 0.000E+00
 2.93336883E-02   4235.8 8.402E+02 1.150E+11 4.782E-03 5.000E-01 0.000E+00
 3.05192098E-02   4238.0 8.655E+02 1.182E+11 4.891E-03 5.000E-01 0.000E+00
 3.17526460E-02   4240.3 8.916E+02 1.214E+11 5.002E-03 5.000E-01 0.000E+00
 3.30351181E-02   4247.2 9.269E+02 1.260E+11 5.148E-03 5.000E-01 0.000E+00
 3.43687795E-02   4257.4 9.700E+02 1.318E+11 5.322E-03 5.000E-01 0.000E+00
 3.57562937E-02   4267.7 1.015E+03 1.379E+11 5.501E-03 5.000E-01 0.000E+00
 3.72012518E-02   4270.6 1.047E+03 1.419E+11 5.634E-03 5.000E-01 0.000E+00
 3.87046300E-02   4273.2 1.080E+03 1.459E+11 5.768E-03 5.000E-01 0.000E+00
 4.02671918E-02   4278.8 1.120E+03 1.510E+11 5.929E-03 5.000E-01 0.000E+00
 4.18902226E-02   4289.0 1.172E+03 1.579E+11 6.130E-03 5.000E-01 0.000E+00
 4.35786583E-02   4299.3 1.226E+03 1.651E+11 6.339E-03 5.000E-01 0.000E+00
 4.53345366E-02   4303.8 1.269E+03 1.705E+11 6.507E-03 5.000E-01 0.000E+00
 4.71610092E-02   4307.1 1.309E+03 1.755E+11 6.668E-03 5.000E-01 0.000E+00
 4.90594096E-02   4312.3 1.356E+03 1.815E+11 6.850E-03 5.000E-01 0.000E+00
 5.10292836E-02   4322.7 1.418E+03 1.897E+11 7.083E-03 5.000E-01 0.000E+00
 5.30782789E-02   4333.1 1.483E+03 1.983E+11 7.325E-03 5.000E-01 0.000E+00
 5.52076548E-02   4339.0 1.538E+03 2.052E+11 7.530E-03 5.000E-01 0.000E+00
 5.74216619E-02   4343.1 1.589E+03 2.116E+11 7.723E-03 5.000E-01 0.000E+00
 5.97230047E-02   4348.4 1.645E+03 2.186E+11 7.932E-03 5.000E-01 0.000E+00
 6.21094145E-02   4359.0 1.719E+03 2.284E+11 8.202E-03 5.000E-01 0.000E+00
 6.45912066E-02   4369.5 1.797E+03 2.386E+11 8.480E-03 5.000E-01 0.000E+00
 6.71693906E-02   4376.5 1.865E+03 2.474E+11 8.727E-03 5.000E-01 0.000E+00
 6.98488951E-02   4381.4 1.929E+03 2.553E+11 8.957E-03 5.000E-01 0.000E+00
 7.26340935E-02   4387.0 1.997E+03 2.638E+11 9.201E-03 5.000E-01 0.000E+00
 7.55211338E-02   4397.6 2.086E+03 2.755E+11 9.512E-03 5.000E-01 0.000E+00
 7.85229430E-02   4408.2 2.178E+03 2.876E+11 9.833E-03 5.000E-01 0.000E+00
 8.16406012E-02   4415.8 2.263E+03 2.984E+11 1.012E-02 5.000E-01 0.000E+00
 8.48796591E-02   4421.4 2.341E+03 3.082E+11 1.040E-02 5.000E-01 0.000E+00
 8.82461742E-02   4427.4 2.424E+03 3.186E+11 1.069E-02 5.000E-01 0.000E+00
 9.17352065E-02   4437.7 2.530E+03 3.324E+11 1.104E-02 5.000E-01 0.000E+00
 9.53622162E-02   4448.1 2.641E+03 3.469E+11 1.141E-02 5.000E-01 0.000E+00
 9.91284177E-02   4455.8 2.744E+03 3.599E+11 1.176E-02 5.000E-01 0.000E+00
 1.03040360E-01   4461.7 2.840E+03 3.719E+11 1.208E-02 5.000E-01 0.000E+00
 1.07105590E-01   4468.0 2.942E+03 3.847E+11 1.242E-02 5.000E-01 0.000E+00
 1.11318775E-01   4477.8 3.069E+03 4.010E+11 1.283E-02 5.000E-01 0.000E+00
 1.15697674E-01   4487.6 3.201E+03 4.179E+11 1.326E-02 5.000E-01 0.000E+00
 1.20244086E-01   4495.1 3.325E+03 4.335E+11 1.366E-02 5.000E-01 0.000E+00
 1.24965675E-01   4500.9 3.443E+03 4.481E+11 1.405E-02 5.000E-01 0.000E+00
 1.29871234E-01   4507.1 3.567E+03 4.635E+11 1.445E-02 5.000E-01 0.000E+00
 1.34956047E-01   4516.1 3.718E+03 4.826E+11 1.492E-02 5.000E-01 0.000E+00
 1.40239924E-01   4525.1 3.876E+03 5.025E+11 1.542E-02 5.000E-01 0.000E+00
 1.45725191E-01   4532.1 4.024E+03 5.209E+11 1.588E-02 5.000E-01 0.000E+00
 1.51421338E-01   4537.7 4.168E+03 5.385E+11 1.634E-02 5.000E-01 0.000E+00
 1.57338172E-01   4543.7 4.320E+03 5.571E+11 1.681E-02 5.000E-01 0.000E+00
 1.63472846E-01   4551.8 4.500E+03 5.794E+11 1.736E-02 5.000E-01 0.000E+00
 1.69846684E-01   4559.9 4.687E+03 6.026E+11 1.793E-02 5.000E-01 0.000E+00
 1.76462814E-01   4566.3 4.864E+03 6.242E+11 1.847E-02 5.000E-01 0.000E+00
 1.83333263E-01   4571.8 5.039E+03 6.453E+11 1.900E-02 5.000E-01 0.000E+00
 1.90468267E-01   4577.7 5.225E+03 6.677E+11 1.956E-02 5.000E-01 0.000E+00
 1.97867885E-01   4585.1 5.439E+03 6.938E+11 2.020E-02 5.000E-01 0.000E+00
 2.05554977E-01   4592.5 5.661E+03 7.209E+11 2.086E-02 5.000E-01 0.000E+00
 2.13533148E-01   4598.4 5.874E+03 7.463E+11 2.149E-02 5.000E-01 0.000E+00
 2.21818149E-01   4603.9 6.087E+03 7.716E+11 2.211E-02 5.000E-01 0.000E+00
 2.30420277E-01   4609.7 6.314E+03 7.987E+11 2.277E-02 5.000E-01 0.000E+00
 2.39343762E-01   4616.5 6.569E+03 8.292E+11 2.351E-02 5.000E-01 0.000E+00
 2.48612866E-01   4623.3 6.834E+03 8.608E+11 2.427E-02 5.000E-01 0.000E+00
 2.58232713E-01   4628.9 7.088E+03 8.907E+11 2.499E-02 5.000E-01 0.000E+00
 2.68222809E-01   4634.2 7.345E+03 9.210E+11 2.573E-02 5.000E-01 0.000E+00
 2.78593719E-01   4640.0 7.622E+03 9.534E+11 2.651E-02 5.000E-01 0.000E+00
 2.89355487E-01   4646.5 7.927E+03 9.892E+11 2.736E-02 5.000E-01 0.000E+00
 3.00533056E-01   4653.0 8.243E+03 1.026E+12 2.823E-02 5.000E-01 0.000E+00
 3.12133253E-01   4658.5 8.546E+03 1.062E+12 2.907E-02 5.000E-01 0.000E+00
 3.24180484E-01   4663.9 8.859E+03 1.098E+12 2.993E-02 5.000E-01 0.000E+00
 3.36685419E-01   4669.8 9.196E+03 1.137E+12 3.085E-02 5.000E-01 0.000E+00
 3.49665254E-01   4676.1 9.559E+03 1.179E+12 3.183E-02 5.000E-01 0.000E+00
 3.63144755E-01   4682.4 9.935E+03 1.222E+12 3.284E-02 5.000E-01 0.000E+00
 3.77135724E-01   4688.0 1.030E+04 1.264E+12 3.381E-02 5.000E-01 0.000E+00
 3.91665757E-01   4693.7 1.068E+04 1.308E+12 3.482E-02 5.000E-01 0.000E+00
 4.06746835E-01   4699.9 1.109E+04 1.355E+12 3.590E-02 5.000E-01 0.000E+00
 4.22404140E-01   4706.4 1.152E+04 1.405E+12 3.703E-02 5.000E-01 0.000E+00
 4.38662767E-01   4712.8 1.197E+04 1.456E+12 3.818E-02 5.000E-01 0.000E+00
 4.55543160E-01   4718.9 1.241E+04 1.506E+12 3.932E-02 5.000E-01 0.000E+00
 4.73073065E-01   4725.0 1.287E+04 1.558E+12 4.049E-02 5.000E-01 0.000E+00
 4.91270334E-01   4731.9 1.336E+04 1.615E+12 4.175E-02 5.000E-01 0.000E+00
 5.10166347E-01   4739.0 1.388E+04 1.674E+12 4.305E-02 5.000E-01 0.000E+00
 5.29789209E-01   4745.9 1.441E+04 1.735E+12 4.437E-02 5.000E-01 0.000E+00
 5.50166965E-01   4752.8 1.494E+04 1.795E+12 4.569E-02 5.000E-01 0.000E+00
 5.71328521E-01   4759.8 1.549E+04 1.858E+12 4.705E-02 5.000E-01 0.000E+00
 5.93302965E-01   4767.8 1.609E+04 1.927E+12 4.852E-02 5.000E-01 0.000E+00
 6.16122603E-01   4775.8 1.671E+04 1.999E+12 5.002E-02 5.000E-01 0.000E+00
 6.39825284E-01   4784.0 1.734E+04 2.071E+12 5.153E-02 5.000E-01 0.000E+00
 6.64441824E-01   4792.2 1.798E+04 2.145E+12 5.306E-02 5.000E-01 0.000E+00
 6.90007687E-01   4800.9 1.865E+04 2.224E+12 5.466E-02 5.000E-01 0.000E+00
 7.16561258E-01   4810.5 1.937E+04 2.308E+12 5.634E-02 5.000E-01 0.000E+00
 7.44137406E-01   4820.1 2.011E+04 2.395E+12 5.807E-02 5.000E-01 0.000E+00
 7.72788584E-01   4830.0 2.085E+04 2.483E+12 5.980E-02 5.000E-01 0.000E+00
 8.02543223E-01   4840.0 2.162E+04 2.574E+12 6.157E-02 5.000E-01 0.000E+00
 8.33453596E-01   4851.2 2.244E+04 2.673E+12 6.344E-02 5.000E-01 0.000E+00
 8.65558386E-01   4862.9 2.329E+04 2.777E+12 6.539E-02 5.000E-01 0.000E+00
 8.98909092E-01   4874.8 2.417E+04 2.884E+12 6.736E-02 5.000E-01 0.000E+00
 9.33557391E-01   4886.9 2.506E+04 2.994E+12 6.936E-02 5.000E-01 0.000E+00
 9.69544351E-01   4899.4 2.599E+04 3.109E+12 7.143E-02 5.000E-01 0.000E+00
 1.00693595E+00   4913.7 2.697E+04 3.234E+12 7.360E-02 5.000E-01 0.000E+00
 1.04576945E+00   4927.9 2.799E+04 3.363E+12 7.584E-02 5.000E-01 0.000E+00
 1.08612359E+00   4942.7 2.903E+04 3.497E+12 7.810E-02 5.000E-01 0.000E+00
 1.12803757E+00   4957.5 3.010E+04 3.636E+12 8.043E-02 5.000E-01 0.000E+00
 1.17158127E+00   4974.0 3.122E+04 3.785E+12 8.286E-02 5.000E-01 0.000E+00
 1.21681190E+00   4991.2 3.239E+04 3.944E+12 8.538E-02 5.000E-01 0.000E+00
 1.26379454E+00   5008.8 3.360E+04 4.108E+12 8.796E-02 5.000E-01 0.000E+00
 1.31259835E+00   5026.8 3.483E+04 4.279E+12 9.060E-02 5.000E-01 0.000E+00
 1.36328280E+00   5045.5 3.611E+04 4.460E+12 9.333E-02 5.000E-01 0.000E+00
 1.41591346E+00   5066.3 3.745E+04 4.657E+12 9.621E-02 5.000E-01 0.000E+00
 1.47056866E+00   5087.2 3.884E+04 4.862E+12 9.918E-02 5.000E-01 0.000E+00
 1.52728260E+00   5108.7 4.025E+04 5.077E+12 1.022E-01 5.000E-01 0.000E+00
 1.58618367E+00   5130.3 4.171E+04 5.302E+12 1.054E-01 5.000E-01 0.000E+00
 1.64720142E+00   5155.2 4.325E+04 5.554E+12 1.088E-01 5.000E-01 0.000E+00
 1.71056437E+00   5180.1 4.484E+04 5.818E+12 1.123E-01 5.000E-01 0.000E+00
 1.77610898E+00   5205.7 4.645E+04 6.098E+12 1.160E-01 5.000E-01 0.000E+00
 1.84412861E+00   5231.3 4.811E+04 6.392E+12 1.198E-01 5.000E-01 0.000E+00
 1.91433120E+00   5259.9 4.984E+04 6.724E+12 1.240E-01 5.000E-01 0.000E+00
 1.98709261E+00   5289.3 5.164E+04 7.079E+12 1.285E-01 5.000E-01 0.000E+00
 2.06200600E+00   5319.3 5.345E+04 7.462E+12 1.332E-01 5.000E-01 0.000E+00
 2.13950133E+00   5349.5 5.532E+04 7.869E+12 1.382E-01 5.000E-01 0.000E+00
 2.21900153E+00   5382.6 5.724E+04 8.334E+12 1.439E-01 5.000E-01 0.000E+00
 2.30098510E+00   5417.1 5.922E+04 8.845E+12 1.500E-01 5.000E-01 0.000E+00
 2.38478065E+00   5452.1 6.122E+04 9.404E+12 1.566E-01 5.000E-01 0.000E+00
 2.47082591E+00   5487.4 6.325E+04 1.001E+13 1.638E-01 5.000E-01 0.000E+00
 2.55838299E+00   5525.4 6.532E+04 1.071E+13 1.719E-01 5.000E-01 0.000E+00
 2.64766717E+00   5565.7 6.744E+04 1.150E+13 1.811E-01 5.000E-01 0.000E+00
 2.73826313E+00   5606.5 6.956E+04 1.239E+13 1.912E-01 5.000E-01 0.000E+00
 2.82970667E+00   5648.0 7.168E+04 1.337E+13 2.024E-01 5.000E-01 0.000E+00
 2.92250776E+00   5691.3 7.384E+04 1.448E+13 2.149E-01 5.000E-01 0.000E+00
 3.01452470E+00   5738.6 7.598E+04 1.582E+13 2.298E-01 5.000E-01 0.000E+00
 3.10875249E+00   5786.1 7.817E+04 1.730E+13 2.458E-01 5.000E-01 0.000E+00
 3.19944453E+00   5836.3 8.024E+04 1.904E+13 2.647E-01 5.000E-01 0.000E+00
 3.29278231E+00   5886.5 8.235E+04 2.096E+13 2.850E-01 5.000E-01 0.000E+00
 3.38145161E+00   5944.5 8.436E+04 2.342E+13 3.107E-01 5.000E-01 0.000E+00
 3.47022462E+00   6004.8 8.638E+04 2.628E+13 3.399E-01 5.000E-01 0.000E+00
 3.55819440E+00   6067.0 8.835E+04 2.961E+13 3.731E-01 5.000E-01 0.000E+00
 3.63898873E+00   6134.9 9.011E+04 3.369E+13 4.131E-01 5.000E-01 0.000E+00
 3.72161770E+00   6202.7 9.190E+04 3.835E+13 4.573E-01 5.000E-01 0.000E+00
 3.79987097E+00   6272.6 9.359E+04 4.377E+13 5.077E-01 5.000E-01 0.000E+00
 3.87185478E+00   6345.2 9.515E+04 5.014E+13 5.657E-01 5.000E-01 0.000E+00
 3.94520307E+00   6417.8 9.674E+04 5.744E+13 6.302E-01 5.000E-01 0.000E+00
 4.01720047E+00   6489.8 9.829E+04 6.567E+13 7.011E-01 5.000E-01 0.000E+00
 4.08007956E+00   6559.8 9.961E+04 7.452E+13 7.759E-01 5.000E-01 0.000E+00
 4.14394236E+00   6629.9 1.009E+05 8.455E+13 8.586E-01 5.000E-01 0.000E+00
 4.20880461E+00   6699.9 1.023E+05 9.593E+13 9.501E-01 5.000E-01 0.000E+00
 4.26972771E+00   6768.9 1.036E+05 1.083E+14 1.048E+00 5.000E-01 0.000E+00
 4.32567596E+00   6836.7 1.048E+05 1.216E+14 1.151E+00 5.000E-01 0.000E+00
 4.38235617E+00   6904.4 1.060E+05 1.365E+14 1.264E+00 5.000E-01 0.000E+00
 4.43978024E+00   6972.2 1.072E+05 1.532E+14 1.388E+00 5.000E-01 0.000E+00
 4.49655533E+00   7038.8 1.084E+05 1.715E+14 1.521E+00 5.000E-01 0.000E+00
 4.54777527E+00   7100.6 1.095E+05 1.893E+14 1.650E+00 5.000E-01 0.000E+00
 4.59957838E+00   7162.3 1.106E+05 2.090E+14 1.790E+00 5.000E-01 0.000E+00
 4.65197182E+00   7224.0 1.117E+05 2.306E+14 1.942E+00 5.000E-01 0.000E+00
 4.70496225E+00   7285.7 1.128E+05 2.546E+14 2.106E+00 5.000E-01 0.000E+00
 4.75588512E+00   7347.4 1.138E+05 2.801E+14 2.280E+00 5.000E-01 0.000E+00
 4.80452824E+00   7408.9 1.149E+05 3.070E+14 2.463E+00 5.000E-01 0.000E+00
 4.85366869E+00   7470.4 1.160E+05 3.365E+14 2.661E+00 5.000E-01 0.000E+00
 4.90331125E+00   7532.0 1.170E+05 3.688E+14 2.874E+00 5.000E-01 0.000E+00
 4.95346260E+00   7593.5 1.181E+05 4.043E+14 3.105E+00 5.000E-01 0.000E+00
 5.00219011E+00   7653.8 1.192E+05 4.410E+14 3.344E+00 5.000E-01 0.000E+00
 5.04942036E+00   7713.0 1.202E+05 4.787E+14 3.590E+00 5.000E-01 0.000E+00
 5.09709644E+00   7772.2 1.212E+05 5.196E+14 3.854E+00 5.000E-01 0.000E+00
 5.14522266E+00   7831.3 1.222E+05 5.640E+14 4.138E+00 5.000E-01 0.000E+00
 5.19380426E+00   7890.5 1.232E+05 6.122E+14 4.443E+00 5.000E-01 0.000E+00
 5.24212170E+00   7948.3 1.243E+05 6.622E+14 4.759E+00 5.000E-01 0.000E+00
 5.28946877E+00   8003.3 1.253E+05 7.113E+14 5.075E+00 5.000E-01 0.000E+00
 5.33724546E+00   8058.3 1.264E+05 7.642E+14 5.411E+00 5.000E-01 0.000E+00
 5.38545275E+00   8113.4 1.275E+05 8.209E+14 5.770E+00 5.000E-01 0.000E+00
 5.43409586E+00   8168.4 1.286E+05 8.819E+14 6.153E+00 5.000E-01 0.000E+00
 5.48312616E+00   8222.5 1.297E+05 9.456E+14 6.552E+00 5.000E-01 0.000E+00
 5.53236771E+00   8272.0 1.308E+05 1.005E+15 6.935E+00 5.000E-01 0.000E+00
 5.58205080E+00   8321.6 1.319E+05 1.068E+15 7.339E+00 5.000E-01 0.000E+00
 5.63217974E+00   8371.1 1.330E+05 1.136E+15 7.767E+00 5.000E-01 0.000E+00
 5.68275833E+00   8420.7 1.341E+05 1.207E+15 8.220E+00 5.000E-01 0.000E+00
 5.73396969E+00   8469.9 1.352E+05 1.282E+15 8.695E+00 5.000E-01 0.000E+00
 5.78637648E+00   8517.6 1.365E+05 1.356E+15 9.177E+00 5.000E-01 0.000E+00
 5.83926296E+00   8565.4 1.377E+05 1.435E+15 9.685E+00 5.000E-01 0.000E+00
 5.89263344E+00   8613.1 1.390E+05 1.518E+15 1.022E+01 5.000E-01 0.000E+00
 5.94649076E+00   8660.9 1.402E+05 1.606E+15 1.079E+01 5.000E-01 0.000E+00
 6.00162125E+00   8707.3 1.415E+05 1.695E+15 1.137E+01 5.000E-01 0.000E+00
 6.05817461E+00   8752.4 1.428E+05 1.783E+15 1.195E+01 5.000E-01 0.000E+00
 6.11526108E+00   8797.5 1.441E+05 1.877E+15 1.257E+01 5.000E-01 0.000E+00
 6.17288542E+00   8842.5 1.454E+05 1.975E+15 1.322E+01 5.000E-01 0.000E+00
 6.23108149E+00   8887.6 1.467E+05 2.078E+15 1.390E+01 5.000E-01 0.000E+00
 6.29185724E+00   8933.0 1.482E+05 2.184E+15 1.462E+01 5.000E-01 0.000E+00
 6.35322666E+00   8978.4 1.497E+05 2.295E+15 1.537E+01 5.000E-01 0.000E+00
 6.41519403E+00   9023.8 1.512E+05 2.412E+15 1.616E+01 5.000E-01 0.000E+00
 6.47776556E+00   9069.1 1.527E+05 2.535E+15 1.700E+01 5.000E-01 0.000E+00
 6.54299212E+00   9112.4 1.543E+05 2.655E+15 1.782E+01 5.000E-01 0.000E+00
 6.60928774E+00   9155.3 1.558E+05 2.779E+15 1.868E+01 5.000E-01 0.000E+00
 6.67625332E+00   9198.2 1.574E+05 2.908E+15 1.958E+01 5.000E-01 0.000E+00
 6.74389982E+00   9241.1 1.590E+05 3.044E+15 2.053E+01 5.000E-01 0.000E+00
 6.81479359E+00   9283.9 1.607E+05 3.182E+15 2.151E+01 5.000E-01 0.000E+00
 6.88669252E+00   9326.7 1.625E+05 3.327E+15 2.254E+01 5.000E-01 0.000E+00
 6.95935202E+00   9369.5 1.643E+05 3.478E+15 2.362E+01 5.000E-01 0.000E+00
 7.03347540E+00   9411.8 1.661E+05 3.634E+15 2.473E+01 5.000E-01 0.000E+00
 7.11085892E+00   9452.6 1.680E+05 3.787E+15 2.585E+01 5.000E-01 0.000E+00
 7.18909407E+00   9493.4 1.699E+05 3.947E+15 2.702E+01 5.000E-01 0.000E+00
 7.26819086E+00   9534.2 1.718E+05 4.114E+15 2.824E+01 5.000E-01 0.000E+00
 7.35068607E+00   9575.6 1.738E+05 4.288E+15 2.953E+01 5.000E-01 0.000E+00
 7.43494177E+00   9617.1 1.759E+05 4.470E+15 3.088E+01 5.000E-01 0.000E+00
 7.52016020E+00   9658.7 1.781E+05 4.659E+15 3.229E+01 5.000E-01 0.000E+00
 7.60810852E+00   9699.2 1.803E+05 4.850E+15 3.373E+01 5.000E-01 0.000E+00
 7.69892693E+00   9738.8 1.825E+05 5.041E+15 3.518E+01 5.000E-01 0.000E+00
 7.79082918E+00   9778.3 1.847E+05 5.240E+15 3.670E+01 5.000E-01 0.000E+00
 7.88536978E+00   9818.0 1.870E+05 5.448E+15 3.829E+01 5.000E-01 0.000E+00
 7.98334694E+00   9857.9 1.896E+05 5.663E+15 3.995E+01 5.000E-01 0.000E+00
 8.08253574E+00   9897.9 1.921E+05 5.887E+15 4.168E+01 5.000E-01 0.000E+00
 8.18492794E+00   9936.9 1.947E+05 6.114E+15 4.344E+01 5.000E-01 0.000E+00
 8.29073048E+00   9975.1 1.973E+05 6.342E+15 4.523E+01 5.000E-01 0.000E+00
 8.39790154E+00  10013.3 1.999E+05 6.578E+15 4.709E+01 5.000E-01 0.000E+00
 8.50938606E+00  10052.6 2.027E+05 6.829E+15 4.908E+01 5.000E-01 0.000E+00
 8.62352848E+00  10092.4 2.057E+05 7.092E+15 5.117E+01 5.000E-01 0.000E+00
 8.73952389E+00  10132.1 2.087E+05 7.364E+15 5.334E+01 5.000E-01 0.000E+00
 8.86086941E+00  10170.7 2.117E+05 7.635E+15 5.553E+01 5.000E-01 0.000E+00
 8.98390198E+00  10209.3 2.148E+05 7.916E+15 5.780E+01 5.000E-01 0.000E+00
 9.11094284E+00  10248.7 2.180E+05 8.211E+15 6.020E+01 5.000E-01 0.000E+00
 9.24159813E+00  10288.6 2.215E+05 8.522E+15 6.274E+01 5.000E-01 0.000E+00
 9.37475014E+00  10328.3 2.249E+05 8.842E+15 6.536E+01 5.000E-01 0.000E+00
 9.51338577E+00  10367.0 2.284E+05 9.162E+15 6.800E+01 5.000E-01 0.000E+00
 9.65407181E+00  10405.7 2.319E+05 9.493E+15 7.075E+01 5.000E-01 0.000E+00
 9.80036068E+00  10445.5 2.357E+05 9.843E+15 7.366E+01 5.000E-01 0.000E+00
 9.94957352E+00  10485.4 2.397E+05 1.021E+16 7.672E+01 5.000E-01 0.000E+00
 1.01037970E+01  10523.8 2.436E+05 1.057E+16 7.976E+01 5.000E-01 0.000E+00
 1.02621937E+01  10561.2 2.475E+05 1.094E+16 8.282E+01 5.000E-01 0.000E+00
 1.04253035E+01  10599.0 2.517E+05 1.132E+16 8.604E+01 5.000E-01 0.000E+00
 1.05935946E+01  10637.2 2.562E+05 1.172E+16 8.942E+01 5.000E-01 0.000E+00
 1.07665806E+01  10674.9 2.607E+05 1.213E+16 9.286E+01 5.000E-01 0.000E+00
 1.09453793E+01  10711.8 2.651E+05 1.254E+16 9.635E+01 5.000E-01 0.000E+00
 1.11291132E+01  10749.7 2.699E+05 1.298E+16 1.000E+02 5.000E-01 0.000E+00
 1.13188000E+01  10789.0 2.749E+05 1.344E+16 1.040E+02 5.000E-01 0.000E+00
 1.15140829E+01  10827.1 2.800E+05 1.391E+16 1.080E+02 5.000E-01 0.000E+00
