 1.00730974E-02   3859.3 2.732E+02 3.194E+10 2.053E-03 5.000E-01 0.000E+00
 1.04137408E-02   3882.7 2.825E+02 3.363E+10 2.101E-03 5.000E-01 0.000E+00
 1.07659101E-02   3906.2 2.921E+02 3.540E+10 2.150E-03 5.000E-01 0.000E+00
 1.11299874E-02   3929.6 3.021E+02 3.727E+10 2.201E-03 5.000E-01 0.000E+00
 1.15138916E-02   3951.3 3.163E+02 3.948E+10 2.268E-03 5.000E-01 0.000E+00
 1.19117480E-02   3972.8 3.315E+02 4.183E+10 2.339E-03 5.000E-01 0.000E+00
 1.23233516E-02   3994.3 3.475E+02 4.433E+10 2.412E-03 5.000E-01 0.000E+00
 1.27564510E-02   4013.9 3.612E+02 4.652E+10 2.472E-03 5.000E-01 0.000E+00
 1.32081090E-02   4032.6 3.740E+02 4.859E+10 2.528E-03 5.000E-01 0.000E+00
 1.36757391E-02   4051.4 3.872E+02 5.076E+10 2.585E-03 5.000E-01 0.000E+00
 1.41655570E-02   4067.5 4.028E+02 5.310E+10 2.652E-03 5.000E-01 0.000E+00
 1.46779716E-02   4081.4 4.206E+02 5.562E+10 2.729E-03 5.000E-01 0.000E+00
 1.52089298E-02   4095.3 4.391E+02 5.826E+10 2.807E-03 5.000E-01 0.000E+00
 1.57640986E-02   4111.6 4.573E+02 6.095E+10 2.881E-03 5.000E-01 0.000E+00
 1.63461044E-02   4131.1 4.744E+02 6.368E+10 2.948E-03 5.000E-01 0.000E+00
 1.69496033E-02   4150.7 4.922E+02 6.652E+10 3.016E-03 5.000E-01 0.000E+00
 1.75797269E-02   4165.7 5.113E+02 6.938E+10 3.093E-03 5.000E-01 0.000E+00
 1.82397701E-02   4174.4 5.324E+02 7.220E+10 3.180E-03 5.000E-01 0.000E+00
 1.89245977E-02   4183.0 5.544E+02 7.514E+10 3.270E-03 5.000E-01 0.000E+00
 1.96410064E-02   4191.6 5.750E+02 7.794E+10 3.353E-03 5.000E-01 0.000E+00
 2.03923006E-02   4200.2 5.934E+02 8.047E+10 3.426E-03 5.000E-01 0.000E+00
 2.11723354E-02   4208.7 6.124E+02 8.310E+10 3.500E-03 5.000E-01 0.000E+00
 2.19895802E-02   4214.4 6.336E+02 8.585E+10 3.586E-03 5.000E-01 0.000E+00
 2.28446256E-02   4217.6 6.568E+02 8.874E+10 3.682E-03 5.000E-01 0.000E+00
 2.37329081E-02   4220.9 6.809E+02 9.172E+10 3.781E-03 5.000E-01 0.000E+00
 2.46650800E-02   4228.3 7.043E+02 9.483E+10 3.872E-03 5.000E-01 0.000E+00
 2.56370548E-02   4237.1 7.280E+02 9.807E+10 3.963E-03 5.000E-01 0.000E+00
 2.66476478E-02   4245.9 7.525E+02 1.014E+11 4.056E-03 5.000E-01 0.000E+00
 2.77082920E-02   4251.8 7.808E+02 1.050E+11 4.167E-03 5.000E-01 0.000E+00
 2.88111512E-02   4257.6 8.102E+02 1.088E+11 4.281E-03 5.000E-01 0.000E+00
 2.99611781E-02   4264.5 8.399E+02 1.127E+11 4.395E-03 5.000E-01 0.000E+00
 3.11628077E-02   4273.1 8.694E+02 1.167E+11 4.505E-03 5.000E-01 0.000E+00
 3.24126296E-02   4281.7 9.000E+02 1.208E+11 4.617E-03 5.000E-01 0.000E+00
 3.37179750E-02   4287.8 9.333E+02 1.250E+11 4.743E-03 5.000E-01 0.000E+00
 3.50775309E-02   4293.2 9.683E+02 1.295E+11 4.876E-03 5.000E-01 0.000E+00
 3.64929810E-02   4299.5 1.005E+03 1.341E+11 5.010E-03 5.000E-01 0.000E+00
 3.79694030E-02   4309.3 1.042E+03 1.391E+11 5.144E-03 5.000E-01 0.000E+00
 3.95055562E-02   4319.2 1.081E+03 1.444E+11 5.281E-03 5.000E-01 0.000E+00
 4.11048383E-02   4329.6 1.123E+03 1.501E+11 5.431E-03 5.000E-01 0.000E+00
 4.27692831E-02   4340.2 1.169E+03 1.562E+11 5.590E-03 5.000E-01 0.000E+00
 4.45009992E-02   4350.6 1.215E+03 1.625E+11 5.753E-03 5.000E-01 0.000E+00
 4.63022776E-02   4360.3 1.262E+03 1.688E+11 5.914E-03 5.000E-01 0.000E+00
 4.81764674E-02   4370.0 1.310E+03 1.752E+11 6.080E-03 5.000E-01 0.000E+00
 5.01259454E-02   4377.9 1.361E+03 1.818E+11 6.255E-03 5.000E-01 0.000E+00
 5.21541126E-02   4385.1 1.414E+03 1.886E+11 6.437E-03 5.000E-01 0.000E+00
 5.42633571E-02   4392.2 1.468E+03 1.956E+11 6.624E-03 5.000E-01 0.000E+00
 5.64557239E-02   4399.0 1.524E+03 2.028E+11 6.817E-03 5.000E-01 0.000E+00
 5.87366708E-02   4405.8 1.583E+03 2.103E+11 7.016E-03 5.000E-01 0.000E+00
 6.11078776E-02   4410.7 1.642E+03 2.176E+11 7.218E-03 5.000E-01 0.000E+00
 6.35745525E-02   4415.3 1.702E+03 2.251E+11 7.426E-03 5.000E-01 0.000E+00
 6.61372617E-02   4421.7 1.768E+03 2.334E+11 7.646E-03 5.000E-01 0.000E+00
 6.87992126E-02   4429.9 1.839E+03 2.426E+11 7.880E-03 5.000E-01 0.000E+00
 7.15675130E-02   4438.4 1.913E+03 2.521E+11 8.122E-03 5.000E-01 0.000E+00
 7.44374245E-02   4449.1 1.990E+03 2.623E+11 8.365E-03 5.000E-01 0.000E+00
 7.74224624E-02   4459.8 2.070E+03 2.728E+11 8.616E-03 5.000E-01 0.000E+00
 8.05172548E-02   4472.4 2.156E+03 2.845E+11 8.884E-03 5.000E-01 0.000E+00
 8.37309882E-02   4485.8 2.248E+03 2.969E+11 9.165E-03 5.000E-01 0.000E+00
 8.70654136E-02   4499.9 2.345E+03 3.102E+11 9.458E-03 5.000E-01 0.000E+00
 9.05131549E-02   4515.4 2.450E+03 3.247E+11 9.771E-03 5.000E-01 0.000E+00
 9.40974727E-02   4530.9 2.560E+03 3.399E+11 1.010E-02 5.000E-01 0.000E+00
 9.78056565E-02   4544.3 2.666E+03 3.544E+11 1.041E-02 5.000E-01 0.000E+00
 1.01657167E-01   4557.3 2.776E+03 3.693E+11 1.073E-02 5.000E-01 0.000E+00
 1.05650663E-01   4567.2 2.889E+03 3.843E+11 1.107E-02 5.000E-01 0.000E+00
 1.09788246E-01   4573.2 3.009E+03 3.992E+11 1.143E-02 5.000E-01 0.000E+00
 1.14087865E-01   4579.1 3.133E+03 4.148E+11 1.181E-02 5.000E-01 0.000E+00
 1.18534051E-01   4586.5 3.256E+03 4.305E+11 1.217E-02 5.000E-01 0.000E+00
 1.23153336E-01   4593.8 3.384E+03 4.468E+11 1.255E-02 5.000E-01 0.000E+00
 1.27943084E-01   4599.2 3.517E+03 4.633E+11 1.295E-02 5.000E-01 0.000E+00
 1.32910758E-01   4603.0 3.655E+03 4.800E+11 1.336E-02 5.000E-01 0.000E+00
 1.38069272E-01   4606.3 3.798E+03 4.971E+11 1.379E-02 5.000E-01 0.000E+00
 1.43404752E-01   4603.4 3.943E+03 5.127E+11 1.423E-02 5.000E-01 0.000E+00
 1.48946449E-01   4600.6 4.093E+03 5.289E+11 1.469E-02 5.000E-01 0.000E+00
 1.54690236E-01   4609.8 4.257E+03 5.498E+11 1.516E-02 5.000E-01 0.000E+00
 1.60647675E-01   4626.6 4.434E+03 5.744E+11 1.563E-02 5.000E-01 0.000E+00
 1.66834056E-01   4643.1 4.617E+03 5.997E+11 1.612E-02 5.000E-01 0.000E+00
 1.73255458E-01   4657.0 4.799E+03 6.245E+11 1.660E-02 5.000E-01 0.000E+00
 1.79924011E-01   4670.9 4.988E+03 6.502E+11 1.710E-02 5.000E-01 0.000E+00
 1.86835349E-01   4686.2 5.195E+03 6.788E+11 1.765E-02 5.000E-01 0.000E+00
 1.94005087E-01   4702.2 5.417E+03 7.095E+11 1.823E-02 5.000E-01 0.000E+00
 2.01442406E-01   4717.1 5.646E+03 7.409E+11 1.883E-02 5.000E-01 0.000E+00
 2.09133491E-01   4727.3 5.877E+03 7.710E+11 1.944E-02 5.000E-01 0.000E+00
 2.17118263E-01   4737.4 6.117E+03 8.024E+11 2.008E-02 5.000E-01 0.000E+00
 2.25364372E-01   4741.2 6.371E+03 8.327E+11 2.076E-02 5.000E-01 0.000E+00
 2.33905837E-01   4742.4 6.636E+03 8.632E+11 2.148E-02 5.000E-01 0.000E+00
 2.42761537E-01   4742.6 6.907E+03 8.937E+11 2.222E-02 5.000E-01 0.000E+00
 2.51912743E-01   4739.0 7.168E+03 9.210E+11 2.293E-02 5.000E-01 0.000E+00
 2.61408925E-01   4735.4 7.438E+03 9.491E+11 2.367E-02 5.000E-01 0.000E+00
 2.71248817E-01   4740.7 7.730E+03 9.839E+11 2.443E-02 5.000E-01 0.000E+00
 2.81451285E-01   4750.6 8.041E+03 1.023E+12 2.521E-02 5.000E-01 0.000E+00
 2.92039543E-01   4760.7 8.361E+03 1.064E+12 2.601E-02 5.000E-01 0.000E+00
 3.03044528E-01   4772.4 8.668E+03 1.104E+12 2.678E-02 5.000E-01 0.000E+00
 3.14464360E-01   4784.0 8.987E+03 1.146E+12 2.756E-02 5.000E-01 0.000E+00
 3.26333731E-01   4798.1 9.328E+03 1.192E+12 2.839E-02 5.000E-01 0.000E+00
 3.38666499E-01   4814.0 9.690E+03 1.242E+12 2.926E-02 5.000E-01 0.000E+00
 3.51467192E-01   4829.5 1.006E+04 1.294E+12 3.015E-02 5.000E-01 0.000E+00
 3.64786297E-01   4835.9 1.043E+04 1.338E+12 3.104E-02 5.000E-01 0.000E+00
 3.78610134E-01   4842.4 1.080E+04 1.384E+12 3.195E-02 5.000E-01 0.000E+00
 3.92978728E-01   4848.2 1.119E+04 1.432E+12 3.290E-02 5.000E-01 0.000E+00
 4.07909423E-01   4853.6 1.161E+04 1.481E+12 3.390E-02 5.000E-01 0.000E+00
 4.23414171E-01   4858.3 1.203E+04 1.532E+12 3.492E-02 5.000E-01 0.000E+00
 4.39574808E-01   4857.0 1.243E+04 1.574E+12 3.589E-02 5.000E-01 0.000E+00
 4.56352264E-01   4855.6 1.284E+04 1.617E+12 3.689E-02 5.000E-01 0.000E+00
 4.73817140E-01   4854.3 1.329E+04 1.664E+12 3.797E-02 5.000E-01 0.000E+00
 4.91975188E-01   4852.9 1.377E+04 1.713E+12 3.910E-02 5.000E-01 0.000E+00
 5.10847330E-01   4851.8 1.425E+04 1.763E+12 4.025E-02 5.000E-01 0.000E+00
 5.30498087E-01   4851.1 1.474E+04 1.813E+12 4.139E-02 5.000E-01 0.000E+00
 5.50904751E-01   4850.5 1.524E+04 1.864E+12 4.255E-02 5.000E-01 0.000E+00
 5.72155476E-01   4855.0 1.579E+04 1.926E+12 4.381E-02 5.000E-01 0.000E+00
 5.94234526E-01   4860.3 1.636E+04 1.991E+12 4.511E-02 5.000E-01 0.000E+00
 6.17187560E-01   4867.7 1.695E+04 2.061E+12 4.645E-02 5.000E-01 0.000E+00
 6.41047418E-01   4876.8 1.757E+04 2.135E+12 4.781E-02 5.000E-01 0.000E+00
 6.65843785E-01   4885.6 1.820E+04 2.210E+12 4.920E-02 5.000E-01 0.000E+00
 6.91656768E-01   4893.4 1.884E+04 2.286E+12 5.062E-02 5.000E-01 0.000E+00
 7.18470454E-01   4901.2 1.950E+04 2.364E+12 5.207E-02 5.000E-01 0.000E+00
 7.46350408E-01   4918.5 2.023E+04 2.464E+12 5.365E-02 5.000E-01 0.000E+00
 7.75315046E-01   4936.8 2.099E+04 2.569E+12 5.528E-02 5.000E-01 0.000E+00
 8.05512428E-01   4947.3 2.168E+04 2.657E+12 5.677E-02 5.000E-01 0.000E+00
 8.36949050E-01   4953.6 2.234E+04 2.735E+12 5.818E-02 5.000E-01 0.000E+00
 8.69664252E-01   4966.6 2.309E+04 2.833E+12 5.978E-02 5.000E-01 0.000E+00
 9.03730571E-01   4988.6 2.395E+04 2.962E+12 6.163E-02 5.000E-01 0.000E+00
 9.39196825E-01   5006.9 2.479E+04 3.082E+12 6.340E-02 5.000E-01 0.000E+00
 9.76254046E-01   5014.5 2.545E+04 3.166E+12 6.480E-02 5.000E-01 0.000E+00
 1.01480246E+00   5024.8 2.616E+04 3.261E+12 6.631E-02 5.000E-01 0.000E+00
 1.05505216E+00   5051.2 2.711E+04 3.417E+12 6.837E-02 5.000E-01 0.000E+00
 1.09692466E+00   5076.1 2.807E+04 3.574E+12 7.043E-02 5.000E-01 0.000E+00
 1.14073253E+00   5086.6 2.876E+04 3.672E+12 7.191E-02 5.000E-01 0.000E+00
 1.18633008E+00   5099.3 2.947E+04 3.781E+12 7.347E-02 5.000E-01 0.000E+00
 1.23410022E+00   5131.2 3.033E+04 3.960E+12 7.553E-02 5.000E-01 0.000E+00
 1.28380430E+00   5161.8 3.121E+04 4.144E+12 7.764E-02 5.000E-01 0.000E+00
 1.33555365E+00   5187.7 3.208E+04 4.324E+12 7.983E-02 5.000E-01 0.000E+00
 1.38935637E+00   5218.1 3.293E+04 4.527E+12 8.216E-02 5.000E-01 0.000E+00
 1.44526565E+00   5256.5 3.371E+04 4.768E+12 8.472E-02 5.000E-01 0.000E+00
 1.50333798E+00   5285.5 3.454E+04 4.990E+12 8.727E-02 5.000E-01 0.000E+00
 1.56367683E+00   5307.7 3.542E+04 5.199E+12 8.982E-02 5.000E-01 0.000E+00
 1.62546980E+00   5355.5 3.637E+04 5.581E+12 9.404E-02 5.000E-01 0.000E+00
 1.68933976E+00   5402.5 3.735E+04 5.990E+12 9.850E-02 5.000E-01 0.000E+00
 1.75467122E+00   5422.7 3.832E+04 6.253E+12 1.018E-01 5.000E-01 0.000E+00
 1.82137668E+00   5459.9 3.945E+04 6.695E+12 1.069E-01 5.000E-01 0.000E+00
 1.88937032E+00   5515.1 4.074E+04 7.358E+12 1.144E-01 5.000E-01 0.000E+00
 1.95771706E+00   5546.1 4.197E+04 7.839E+12 1.200E-01 5.000E-01 0.000E+00
 2.02749228E+00   5575.1 4.329E+04 8.349E+12 1.260E-01 5.000E-01 0.000E+00
 2.09442544E+00   5645.7 4.543E+04 9.603E+12 1.402E-01 5.000E-01 0.000E+00
 2.16140270E+00   5714.5 4.766E+04 1.103E+13 1.560E-01 5.000E-01 0.000E+00
 2.22322488E+00   5777.3 5.000E+04 1.262E+13 1.735E-01 5.000E-01 0.000E+00
 2.28620362E+00   5839.1 5.245E+04 1.443E+13 1.928E-01 5.000E-01 0.000E+00
 2.34310293E+00   5888.2 5.503E+04 1.618E+13 2.116E-01 5.000E-01 0.000E+00
 2.40141726E+00   5937.4 5.773E+04 1.815E+13 2.322E-01 5.000E-01 0.000E+00
 2.45965600E+00   5969.9 6.001E+04 1.966E+13 2.480E-01 5.000E-01 0.000E+00
 2.51788044E+00   5987.1 6.187E+04 2.064E+13 2.584E-01 5.000E-01 0.000E+00
 2.57748342E+00   6004.4 6.379E+04 2.167E+13 2.692E-01 5.000E-01 0.000E+00
 2.64124942E+00   6002.0 6.576E+04 2.197E+13 2.730E-01 5.000E-01 0.000E+00
 2.70740628E+00   5993.8 6.778E+04 2.205E+13 2.748E-01 5.000E-01 0.000E+00
 2.77609324E+00   5986.2 6.979E+04 2.214E+13 2.767E-01 5.000E-01 0.000E+00
 2.85206413E+00   5982.3 7.140E+04 2.229E+13 2.790E-01 5.000E-01 0.000E+00
 2.93011427E+00   5978.4 7.304E+04 2.245E+13 2.813E-01 5.000E-01 0.000E+00
 3.01273131E+00   5984.6 7.559E+04 2.316E+13 2.893E-01 5.000E-01 0.000E+00
 3.09868908E+00   5994.8 7.858E+04 2.413E+13 2.999E-01 5.000E-01 0.000E+00
 3.18615365E+00   6013.8 8.158E+04 2.550E+13 3.142E-01 5.000E-01 0.000E+00
 3.27441001E+00   6047.9 8.446E+04 2.761E+13 3.354E-01 5.000E-01 0.000E+00
 3.36511087E+00   6082.0 8.745E+04 2.990E+13 3.579E-01 5.000E-01 0.000E+00
 3.45369363E+00   6108.4 9.136E+04 3.211E+13 3.800E-01 5.000E-01 0.000E+00
 3.54420829E+00   6134.1 9.552E+04 3.446E+13 4.034E-01 5.000E-01 0.000E+00
 3.63500404E+00   6165.9 9.953E+04 3.730E+13 4.308E-01 5.000E-01 0.000E+00
 3.72268939E+00   6212.9 1.028E+05 4.124E+13 4.673E-01 5.000E-01 0.000E+00
 3.81249118E+00   6259.9 1.062E+05 4.559E+13 5.069E-01 5.000E-01 0.000E+00
 3.90307903E+00   6296.5 1.096E+05 4.947E+13 5.419E-01 5.000E-01 0.000E+00
 3.99331522E+00   6314.6 1.130E+05 5.193E+13 5.646E-01 5.000E-01 0.000E+00
 4.08563709E+00   6332.7 1.165E+05 5.451E+13 5.882E-01 5.000E-01 0.000E+00
 4.17810822E+00   6362.4 1.198E+05 5.828E+13 6.216E-01 5.000E-01 0.000E+00
 4.26761580E+00   6420.7 1.225E+05 6.521E+13 6.803E-01 5.000E-01 0.000E+00
 4.35904121E+00   6479.0 1.252E+05 7.297E+13 7.446E-01 5.000E-01 0.000E+00
 4.45242500E+00   6537.4 1.280E+05 8.166E+13 8.150E-01 5.000E-01 0.000E+00
 4.52934647E+00   6616.9 1.306E+05 9.423E+13 9.145E-01 5.000E-01 0.000E+00
 4.60749245E+00   6696.6 1.333E+05 1.088E+14 1.026E+00 5.000E-01 0.000E+00
 4.68698549E+00   6776.3 1.360E+05 1.255E+14 1.152E+00 5.000E-01 0.000E+00
 4.76787567E+00   6852.2 1.387E+05 1.440E+14 1.286E+00 5.000E-01 0.000E+00
 4.85073805E+00   6842.8 1.409E+05 1.429E+14 1.281E+00 5.000E-01 0.000E+00
 4.93504047E+00   6833.4 1.430E+05 1.419E+14 1.275E+00 5.000E-01 0.000E+00
 5.02080822E+00   6824.0 1.452E+05 1.409E+14 1.270E+00 5.000E-01 0.000E+00
 5.09937906E+00   6851.8 1.473E+05 1.473E+14 1.319E+00 5.000E-01 0.000E+00
 5.14135647E+00   7039.4 1.483E+05 1.924E+14 1.649E+00 5.000E-01 0.000E+00
 5.18368006E+00   7227.0 1.493E+05 2.512E+14 2.062E+00 5.000E-01 0.000E+00
 5.22635221E+00   7414.6 1.504E+05 3.281E+14 2.577E+00 5.000E-01 0.000E+00
 5.26937485E+00   7602.2 1.514E+05 4.285E+14 3.221E+00 5.000E-01 0.000E+00
 5.31275225E+00   7789.8 1.525E+05 5.596E+14 4.027E+00 5.000E-01 0.000E+00
 5.35648632E+00   7977.4 1.536E+05 7.309E+14 5.034E+00 5.000E-01 0.000E+00
 5.40058088E+00   8165.0 1.547E+05 9.545E+14 6.293E+00 5.000E-01 0.000E+00
 5.42193699E+00   8286.0 1.551E+05 1.089E+15 7.161E+00 5.000E-01 0.000E+00
 5.43934059E+00   8395.4 1.555E+05 1.214E+15 8.017E+00 5.000E-01 0.000E+00
 5.45679951E+00   8504.9 1.558E+05 1.352E+15 8.975E+00 5.000E-01 0.000E+00
 5.47431517E+00   8614.3 1.562E+05 1.507E+15 1.005E+01 5.000E-01 0.000E+00
 5.49188566E+00   8723.7 1.566E+05 1.679E+15 1.125E+01 5.000E-01 0.000E+00
 5.50951433E+00   8833.1 1.569E+05 1.871E+15 1.259E+01 5.000E-01 0.000E+00
 5.52719831E+00   8942.5 1.573E+05 2.085E+15 1.410E+01 5.000E-01 0.000E+00
 5.54493904E+00   9051.9 1.576E+05 2.324E+15 1.578E+01 5.000E-01 0.000E+00
 5.56273651E+00   9161.3 1.580E+05 2.589E+15 1.767E+01 5.000E-01 0.000E+00
 5.58059216E+00   9270.7 1.584E+05 2.886E+15 1.978E+01 5.000E-01 0.000E+00
 5.59850359E+00   9380.1 1.587E+05 3.216E+15 2.215E+01 5.000E-01 0.000E+00
 5.61647415E+00   9489.5 1.591E+05 3.583E+15 2.479E+01 5.000E-01 0.000E+00
 5.63450146E+00   9598.9 1.595E+05 3.993E+15 2.776E+01 5.000E-01 0.000E+00
 5.65258646E+00   9708.3 1.598E+05 4.449E+15 3.107E+01 5.000E-01 0.000E+00
 5.67072964E+00   9817.7 1.602E+05 4.958E+15 3.479E+01 5.000E-01 0.000E+00
 5.68921614E+00   9876.9 1.607E+05 5.229E+15 3.693E+01 5.000E-01 0.000E+00
 5.70787859E+00   9915.8 1.612E+05 5.393E+15 3.837E+01 5.000E-01 0.000E+00
 5.72660112E+00   9954.7 1.618E+05 5.562E+15 3.987E+01 5.000E-01 0.000E+00
 5.74538612E+00   9993.6 1.623E+05 5.736E+15 4.143E+01 5.000E-01 0.000E+00
 5.76423120E+00  10032.4 1.629E+05 5.916E+15 4.305E+01 5.000E-01 0.000E+00
 5.78313971E+00  10071.3 1.634E+05 6.101E+15 4.474E+01 5.000E-01 0.000E+00
 5.80210972E+00  10110.2 1.640E+05 6.292E+15 4.648E+01 5.000E-01 0.000E+00
 5.82114267E+00  10149.1 1.645E+05 6.489E+15 4.830E+01 5.000E-01 0.000E+00
 5.84023619E+00  10188.0 1.651E+05 6.693E+15 5.019E+01 5.000E-01 0.000E+00
 5.85939455E+00  10226.8 1.657E+05 6.902E+15 5.215E+01 5.000E-01 0.000E+00
 5.87861443E+00  10265.7 1.662E+05 7.119E+15 5.419E+01 5.000E-01 0.000E+00
 5.89789772E+00  10304.6 1.668E+05 7.342E+15 5.631E+01 5.000E-01 0.000E+00
 5.91761160E+00  10342.4 1.674E+05 7.565E+15 5.845E+01 5.000E-01 0.000E+00
 5.94610119E+00  10354.0 1.681E+05 7.644E+15 5.915E+01 5.000E-01 0.000E+00
 5.97472858E+00  10365.6 1.688E+05 7.723E+15 5.986E+01 5.000E-01 0.000E+00
 6.00349283E+00  10377.2 1.695E+05 7.804E+15 6.058E+01 5.000E-01 0.000E+00
 6.03239679E+00  10388.8 1.702E+05 7.885E+15 6.130E+01 5.000E-01 0.000E+00
 6.06143999E+00  10400.4 1.710E+05 7.967E+15 6.204E+01 5.000E-01 0.000E+00
 6.09062243E+00  10412.0 1.717E+05 8.050E+15 6.278E+01 5.000E-01 0.000E+00
 6.11994505E+00  10423.6 1.724E+05 8.134E+15 6.354E+01 5.000E-01 0.000E+00
 6.14940929E+00  10435.2 1.732E+05 8.218E+15 6.430E+01 5.000E-01 0.000E+00
 6.18912649E+00  10440.0 1.743E+05 8.273E+15 6.468E+01 5.000E-01 0.000E+00
 6.23214579E+00  10442.7 1.755E+05 8.320E+15 6.496E+01 5.000E-01 0.000E+00
 6.27546453E+00  10445.4 1.767E+05 8.367E+15 6.523E+01 5.000E-01 0.000E+00
 6.31908417E+00  10448.1 1.779E+05 8.414E+15 6.551E+01 5.000E-01 0.000E+00
 6.36300611E+00  10450.8 1.792E+05 8.462E+15 6.579E+01 5.000E-01 0.000E+00
 6.40846348E+00  10453.5 1.805E+05 8.510E+15 6.607E+01 5.000E-01 0.000E+00
 6.46715260E+00  10456.0 1.821E+05 8.567E+15 6.637E+01 5.000E-01 0.000E+00
 6.52637959E+00  10458.6 1.838E+05 8.624E+15 6.668E+01 5.000E-01 0.000E+00
 6.58614731E+00  10461.1 1.855E+05 8.682E+15 6.699E+01 5.000E-01 0.000E+00
 6.64646387E+00  10463.6 1.872E+05 8.740E+15 6.730E+01 5.000E-01 0.000E+00
 6.71720028E+00  10474.3 1.892E+05 8.855E+15 6.814E+01 5.000E-01 0.000E+00
 6.79162312E+00  10487.3 1.913E+05 8.988E+15 6.915E+01 5.000E-01 0.000E+00
 6.86687183E+00  10500.3 1.934E+05 9.123E+15 7.018E+01 5.000E-01 0.000E+00
 6.94540596E+00  10512.8 1.956E+05 9.256E+15 7.118E+01 5.000E-01 0.000E+00
 7.03401899E+00  10523.1 1.978E+05 9.377E+15 7.205E+01 5.000E-01 0.000E+00
 7.12376213E+00  10533.4 2.001E+05 9.500E+15 7.294E+01 5.000E-01 0.000E+00
 7.21632290E+00  10543.3 2.024E+05 9.624E+15 7.382E+01 5.000E-01 0.000E+00
 7.32055712E+00  10551.6 2.050E+05 9.744E+15 7.460E+01 5.000E-01 0.000E+00
 7.42629480E+00  10559.8 2.076E+05 9.866E+15 7.540E+01 5.000E-01 0.000E+00
 7.53806973E+00  10574.6 2.106E+05 1.004E+16 7.668E+01 5.000E-01 0.000E+00
 7.65731382E+00  10597.5 2.139E+05 1.028E+16 7.860E+01 5.000E-01 0.000E+00
 7.77844572E+00  10620.5 2.174E+05 1.053E+16 8.057E+01 5.000E-01 0.000E+00
 7.90708017E+00  10662.3 2.207E+05 1.091E+16 8.395E+01 5.000E-01 0.000E+00
 8.03788185E+00  10704.3 2.241E+05 1.131E+16 8.748E+01 5.000E-01 0.000E+00
 8.17219353E+00  10751.7 2.276E+05 1.176E+16 9.158E+01 5.000E-01 0.000E+00
 8.30939865E+00  10801.8 2.313E+05 1.224E+16 9.609E+01 5.000E-01 0.000E+00
 8.44972992E+00  10849.2 2.351E+05 1.273E+16 1.006E+02 5.000E-01 0.000E+00
 8.59352589E+00  10893.2 2.390E+05 1.319E+16 1.049E+02 5.000E-01 0.000E+00
 8.74069118E+00  10935.8 2.428E+05 1.366E+16 1.092E+02 5.000E-01 0.000E+00
 8.89313698E+00  10974.8 2.462E+05 1.410E+16 1.133E+02 5.000E-01 0.000E+00
 9.04897499E+00  11013.6 2.497E+05 1.454E+16 1.175E+02 5.000E-01 0.000E+00
 9.21139336E+00  11051.8 2.535E+05 1.500E+16 1.218E+02 5.000E-01 0.000E+00
 9.37761402E+00  11088.9 2.574E+05 1.546E+16 1.262E+02 5.000E-01 0.000E+00
