 9.79249366E-03   3944.5 2.818E+02 3.569E+10 2.106E-03 5.000E-01 0.000E+00
 1.01165641E-02   3955.9 2.936E+02 3.731E+10 2.161E-03 5.000E-01 0.000E+00
 1.04646087E-02   3974.8 3.037E+02 3.897E+10 2.208E-03 5.000E-01 0.000E+00
 1.08246328E-02   3993.7 3.142E+02 4.072E+10 2.255E-03 5.000E-01 0.000E+00
 1.11970380E-02   4012.6 3.250E+02 4.254E+10 2.304E-03 5.000E-01 0.000E+00
 1.15898466E-02   4024.9 3.377E+02 4.436E+10 2.362E-03 5.000E-01 0.000E+00
 1.20007433E-02   4033.6 3.519E+02 4.622E+10 2.426E-03 5.000E-01 0.000E+00
 1.24262013E-02   4042.2 3.666E+02 4.815E+10 2.492E-03 5.000E-01 0.000E+00
 1.28709525E-02   4054.5 3.814E+02 5.023E+10 2.557E-03 5.000E-01 0.000E+00
 1.33387567E-02   4072.8 3.958E+02 5.250E+10 2.618E-03 5.000E-01 0.000E+00
 1.38235632E-02   4091.1 4.108E+02 5.487E+10 2.680E-03 5.000E-01 0.000E+00
 1.43281976E-02   4106.4 4.263E+02 5.722E+10 2.744E-03 5.000E-01 0.000E+00
 1.48611004E-02   4108.5 4.419E+02 5.909E+10 2.814E-03 5.000E-01 0.000E+00
 1.54138301E-02   4110.5 4.581E+02 6.102E+10 2.886E-03 5.000E-01 0.000E+00
 1.59881767E-02   4113.1 4.747E+02 6.302E+10 2.959E-03 5.000E-01 0.000E+00
 1.65954996E-02   4121.0 4.911E+02 6.520E+10 3.029E-03 5.000E-01 0.000E+00
 1.72258820E-02   4128.8 5.080E+02 6.746E+10 3.100E-03 5.000E-01 0.000E+00
 1.78810973E-02   4136.4 5.257E+02 6.980E+10 3.173E-03 5.000E-01 0.000E+00
 1.85718890E-02   4141.2 5.450E+02 7.221E+10 3.256E-03 5.000E-01 0.000E+00
 1.92893688E-02   4145.9 5.651E+02 7.471E+10 3.340E-03 5.000E-01 0.000E+00
 2.00363472E-02   4150.2 5.856E+02 7.723E+10 3.426E-03 5.000E-01 0.000E+00
 2.08222400E-02   4152.1 6.047E+02 7.948E+10 3.507E-03 5.000E-01 0.000E+00
 2.16389503E-02   4153.9 6.245E+02 8.179E+10 3.590E-03 5.000E-01 0.000E+00
 2.24907361E-02   4157.0 6.459E+02 8.433E+10 3.679E-03 5.000E-01 0.000E+00
 2.33829021E-02   4162.6 6.701E+02 8.734E+10 3.777E-03 5.000E-01 0.000E+00
 2.43104640E-02   4168.3 6.952E+02 9.046E+10 3.879E-03 5.000E-01 0.000E+00
 2.52798963E-02   4171.6 7.196E+02 9.335E+10 3.978E-03 5.000E-01 0.000E+00
 2.62924228E-02   4172.8 7.435E+02 9.605E+10 4.075E-03 5.000E-01 0.000E+00
 2.73455046E-02   4174.1 7.681E+02 9.883E+10 4.175E-03 5.000E-01 0.000E+00
 2.84458250E-02   4181.5 7.978E+02 1.026E+11 4.291E-03 5.000E-01 0.000E+00
 2.95914207E-02   4190.0 8.293E+02 1.066E+11 4.413E-03 5.000E-01 0.000E+00
 3.07840984E-02   4197.5 8.614E+02 1.106E+11 4.537E-03 5.000E-01 0.000E+00
 3.20292003E-02   4200.7 8.912E+02 1.141E+11 4.653E-03 5.000E-01 0.000E+00
 3.33246700E-02   4203.8 9.221E+02 1.177E+11 4.773E-03 5.000E-01 0.000E+00
 3.46739255E-02   4210.5 9.570E+02 1.220E+11 4.906E-03 5.000E-01 0.000E+00
 3.60788852E-02   4219.8 9.955E+02 1.269E+11 5.050E-03 5.000E-01 0.000E+00
 3.75407822E-02   4229.1 1.036E+03 1.321E+11 5.198E-03 5.000E-01 0.000E+00
 3.90649214E-02   4233.9 1.072E+03 1.364E+11 5.335E-03 5.000E-01 0.000E+00
 4.06509601E-02   4238.7 1.110E+03 1.409E+11 5.474E-03 5.000E-01 0.000E+00
 4.23030183E-02   4243.6 1.150E+03 1.457E+11 5.623E-03 5.000E-01 0.000E+00
 4.40242998E-02   4248.5 1.193E+03 1.508E+11 5.783E-03 5.000E-01 0.000E+00
 4.58156131E-02   4253.5 1.238E+03 1.561E+11 5.947E-03 5.000E-01 0.000E+00
 4.76845987E-02   4259.3 1.281E+03 1.613E+11 6.103E-03 5.000E-01 0.000E+00
 4.96301688E-02   4265.1 1.326E+03 1.667E+11 6.261E-03 5.000E-01 0.000E+00
 5.16559929E-02   4270.6 1.374E+03 1.724E+11 6.434E-03 5.000E-01 0.000E+00
 5.37654944E-02   4275.5 1.427E+03 1.785E+11 6.621E-03 5.000E-01 0.000E+00
 5.59611730E-02   4280.6 1.481E+03 1.849E+11 6.813E-03 5.000E-01 0.000E+00
 5.82466274E-02   4289.5 1.535E+03 1.917E+11 6.999E-03 5.000E-01 0.000E+00
 6.06254227E-02   4298.3 1.591E+03 1.987E+11 7.190E-03 5.000E-01 0.000E+00
 6.30964264E-02   4309.0 1.654E+03 2.068E+11 7.404E-03 5.000E-01 0.000E+00
 6.56652600E-02   4320.7 1.723E+03 2.157E+11 7.635E-03 5.000E-01 0.000E+00
 6.83349669E-02   4331.9 1.794E+03 2.248E+11 7.871E-03 5.000E-01 0.000E+00
 7.11019486E-02   4341.6 1.866E+03 2.338E+11 8.109E-03 5.000E-01 0.000E+00
 7.39809498E-02   4351.3 1.940E+03 2.431E+11 8.354E-03 5.000E-01 0.000E+00
 7.69574046E-02   4363.2 2.024E+03 2.539E+11 8.625E-03 5.000E-01 0.000E+00
 8.00505579E-02   4375.5 2.112E+03 2.652E+11 8.908E-03 5.000E-01 0.000E+00
 8.32573920E-02   4382.4 2.200E+03 2.757E+11 9.193E-03 5.000E-01 0.000E+00
 8.65802616E-02   4383.2 2.286E+03 2.849E+11 9.479E-03 5.000E-01 0.000E+00
 9.00342092E-02   4384.0 2.375E+03 2.945E+11 9.774E-03 5.000E-01 0.000E+00
 9.36013460E-02   4384.4 2.474E+03 3.049E+11 1.010E-02 5.000E-01 0.000E+00
 9.73097906E-02   4384.9 2.577E+03 3.157E+11 1.043E-02 5.000E-01 0.000E+00
 1.01152256E-01   4384.0 2.678E+03 3.259E+11 1.076E-02 5.000E-01 0.000E+00
 1.05138406E-01   4382.4 2.781E+03 3.359E+11 1.109E-02 5.000E-01 0.000E+00
 1.09278172E-01   4380.4 2.888E+03 3.463E+11 1.143E-02 5.000E-01 0.000E+00
 1.13564096E-01   4377.1 3.005E+03 3.571E+11 1.180E-02 5.000E-01 0.000E+00
 1.18018150E-01   4373.7 3.127E+03 3.683E+11 1.218E-02 5.000E-01 0.000E+00
 1.22633643E-01   4363.7 3.251E+03 3.774E+11 1.256E-02 5.000E-01 0.000E+00
 1.27424166E-01   4350.9 3.377E+03 3.856E+11 1.294E-02 5.000E-01 0.000E+00
 1.32398993E-01   4338.9 3.510E+03 3.943E+11 1.334E-02 5.000E-01 0.000E+00
 1.37557924E-01   4329.0 3.655E+03 4.040E+11 1.375E-02 5.000E-01 0.000E+00
 1.42917871E-01   4319.2 3.805E+03 4.140E+11 1.418E-02 5.000E-01 0.000E+00
 1.48475856E-01   4320.2 3.958E+03 4.278E+11 1.462E-02 5.000E-01 0.000E+00
 1.54245391E-01   4325.7 4.116E+03 4.435E+11 1.508E-02 5.000E-01 0.000E+00
 1.60228714E-01   4334.0 4.285E+03 4.613E+11 1.557E-02 5.000E-01 0.000E+00
 1.66392595E-01   4355.7 4.479E+03 4.869E+11 1.614E-02 5.000E-01 0.000E+00
 1.72793582E-01   4377.5 4.682E+03 5.139E+11 1.673E-02 5.000E-01 0.000E+00
 1.79416165E-01   4393.9 4.874E+03 5.380E+11 1.727E-02 5.000E-01 0.000E+00
 1.86275840E-01   4406.8 5.058E+03 5.602E+11 1.779E-02 5.000E-01 0.000E+00
 1.93396896E-01   4420.1 5.251E+03 5.835E+11 1.833E-02 5.000E-01 0.000E+00
 2.00758889E-01   4448.7 5.481E+03 6.172E+11 1.896E-02 5.000E-01 0.000E+00
 2.08401099E-01   4477.4 5.720E+03 6.528E+11 1.961E-02 5.000E-01 0.000E+00
 2.16338605E-01   4498.8 5.947E+03 6.844E+11 2.022E-02 5.000E-01 0.000E+00
 2.24583820E-01   4511.7 6.152E+03 7.101E+11 2.077E-02 5.000E-01 0.000E+00
 2.33143345E-01   4524.6 6.365E+03 7.368E+11 2.133E-02 5.000E-01 0.000E+00
 2.42054969E-01   4535.3 6.614E+03 7.661E+11 2.199E-02 5.000E-01 0.000E+00
 2.51309991E-01   4545.9 6.877E+03 7.968E+11 2.268E-02 5.000E-01 0.000E+00
 2.60926276E-01   4552.1 7.139E+03 8.253E+11 2.337E-02 5.000E-01 0.000E+00
 2.70922363E-01   4551.6 7.393E+03 8.493E+11 2.404E-02 5.000E-01 0.000E+00
 2.81301379E-01   4551.2 7.656E+03 8.741E+11 2.473E-02 5.000E-01 0.000E+00
 2.92113870E-01   4551.3 7.935E+03 9.003E+11 2.545E-02 5.000E-01 0.000E+00
 3.03346425E-01   4551.4 8.226E+03 9.275E+11 2.620E-02 5.000E-01 0.000E+00
 3.15028816E-01   4552.7 8.524E+03 9.560E+11 2.695E-02 5.000E-01 0.000E+00
 3.27187359E-01   4555.6 8.829E+03 9.860E+11 2.772E-02 5.000E-01 0.000E+00
 3.39815110E-01   4558.6 9.146E+03 1.017E+12 2.851E-02 5.000E-01 0.000E+00
 3.52971911E-01   4560.8 9.480E+03 1.049E+12 2.935E-02 5.000E-01 0.000E+00
 3.66639823E-01   4563.1 9.828E+03 1.082E+12 3.020E-02 5.000E-01 0.000E+00
 3.80857736E-01   4565.2 1.019E+04 1.116E+12 3.108E-02 5.000E-01 0.000E+00
 3.95645976E-01   4567.4 1.056E+04 1.151E+12 3.197E-02 5.000E-01 0.000E+00
 4.11011994E-01   4569.2 1.094E+04 1.186E+12 3.290E-02 5.000E-01 0.000E+00
 4.27000463E-01   4569.0 1.135E+04 1.222E+12 3.387E-02 5.000E-01 0.000E+00
 4.43610996E-01   4568.7 1.178E+04 1.259E+12 3.487E-02 5.000E-01 0.000E+00
 4.60889280E-01   4568.3 1.221E+04 1.296E+12 3.589E-02 5.000E-01 0.000E+00
 4.78848547E-01   4567.9 1.266E+04 1.334E+12 3.693E-02 5.000E-01 0.000E+00
 4.97510791E-01   4568.1 1.314E+04 1.374E+12 3.802E-02 5.000E-01 0.000E+00
 5.16906083E-01   4569.2 1.365E+04 1.418E+12 3.917E-02 5.000E-01 0.000E+00
 5.37057519E-01   4570.3 1.418E+04 1.463E+12 4.036E-02 5.000E-01 0.000E+00
 5.57985008E-01   4575.0 1.471E+04 1.512E+12 4.157E-02 5.000E-01 0.000E+00
 5.79727709E-01   4579.7 1.527E+04 1.564E+12 4.282E-02 5.000E-01 0.000E+00
 6.02297544E-01   4587.2 1.586E+04 1.621E+12 4.413E-02 5.000E-01 0.000E+00
 6.25733614E-01   4596.4 1.647E+04 1.684E+12 4.550E-02 5.000E-01 0.000E+00
 6.50066257E-01   4605.6 1.711E+04 1.748E+12 4.692E-02 5.000E-01 0.000E+00
 6.75302505E-01   4614.7 1.777E+04 1.815E+12 4.837E-02 5.000E-01 0.000E+00
 7.01518416E-01   4623.9 1.846E+04 1.884E+12 4.987E-02 5.000E-01 0.000E+00
 7.28763461E-01   4631.6 1.913E+04 1.950E+12 5.132E-02 5.000E-01 0.000E+00
 7.57067561E-01   4639.2 1.982E+04 2.018E+12 5.281E-02 5.000E-01 0.000E+00
 7.86528707E-01   4647.5 2.053E+04 2.089E+12 5.432E-02 5.000E-01 0.000E+00
 8.17177176E-01   4656.3 2.125E+04 2.162E+12 5.585E-02 5.000E-01 0.000E+00
 8.49076450E-01   4665.1 2.198E+04 2.236E+12 5.740E-02 5.000E-01 0.000E+00
 8.82359385E-01   4674.0 2.270E+04 2.310E+12 5.891E-02 5.000E-01 0.000E+00
 9.16971326E-01   4682.6 2.343E+04 2.385E+12 6.044E-02 5.000E-01 0.000E+00
 9.53429043E-01   4687.4 2.401E+04 2.442E+12 6.165E-02 5.000E-01 0.000E+00
 9.91336346E-01   4692.1 2.461E+04 2.500E+12 6.289E-02 5.000E-01 0.000E+00
 1.03136706E+00   4715.8 2.522E+04 2.594E+12 6.420E-02 5.000E-01 0.000E+00
 1.07309389E+00   4741.9 2.583E+04 2.696E+12 6.556E-02 5.000E-01 0.000E+00
 1.11725354E+00   4775.2 2.630E+04 2.800E+12 6.659E-02 5.000E-01 0.000E+00
 1.16337192E+00   4809.8 2.675E+04 2.907E+12 6.757E-02 5.000E-01 0.000E+00
 1.21261799E+00   4848.3 2.709E+04 3.011E+12 6.827E-02 5.000E-01 0.000E+00
 1.26433182E+00   4884.5 2.741E+04 3.111E+12 6.891E-02 5.000E-01 0.000E+00
 1.31953406E+00   4910.2 2.763E+04 3.182E+12 6.936E-02 5.000E-01 0.000E+00
 1.37812781E+00   4943.7 2.787E+04 3.271E+12 6.983E-02 5.000E-01 0.000E+00
 1.44018340E+00   4983.3 2.813E+04 3.377E+12 7.036E-02 5.000E-01 0.000E+00
 1.50617516E+00   5029.8 2.848E+04 3.512E+12 7.112E-02 5.000E-01 0.000E+00
 1.57580662E+00   5082.6 2.896E+04 3.685E+12 7.233E-02 5.000E-01 0.000E+00
 1.64862597E+00   5130.6 2.973E+04 3.892E+12 7.428E-02 5.000E-01 0.000E+00
 1.72433746E+00   5170.5 3.072E+04 4.118E+12 7.680E-02 5.000E-01 0.000E+00
 1.80273843E+00   5205.8 3.169E+04 4.343E+12 7.939E-02 5.000E-01 0.000E+00
 1.88391340E+00   5250.5 3.244E+04 4.596E+12 8.197E-02 5.000E-01 0.000E+00
 1.96870887E+00   5292.5 3.245E+04 4.781E+12 8.339E-02 5.000E-01 0.000E+00
 2.05750442E+00   5344.5 3.236E+04 5.035E+12 8.548E-02 5.000E-01 0.000E+00
 2.14800787E+00   5428.9 3.287E+04 5.633E+12 9.164E-02 5.000E-01 0.000E+00
 2.23512959E+00   5535.1 3.453E+04 6.749E+12 1.042E-01 5.000E-01 0.000E+00
 2.31648350E+00   5625.5 3.701E+04 8.105E+12 1.198E-01 5.000E-01 0.000E+00
 2.39422536E+00   5687.6 3.977E+04 9.382E+12 1.347E-01 5.000E-01 0.000E+00
 2.46960282E+00   5710.7 4.223E+04 1.013E+13 1.438E-01 5.000E-01 0.000E+00
 2.54555511E+00   5725.7 4.470E+04 1.077E+13 1.517E-01 5.000E-01 0.000E+00
 2.62261271E+00   5742.3 4.729E+04 1.148E+13 1.603E-01 5.000E-01 0.000E+00
 2.69847894E+00   5781.0 5.017E+04 1.272E+13 1.744E-01 5.000E-01 0.000E+00
 2.77255535E+00   5832.6 5.316E+04 1.440E+13 1.929E-01 5.000E-01 0.000E+00
 2.84255481E+00   5903.4 5.623E+04 1.684E+13 2.187E-01 5.000E-01 0.000E+00
 2.91072011E+00   5968.5 5.964E+04 1.954E+13 2.467E-01 5.000E-01 0.000E+00
 2.97226834E+00   6021.0 6.366E+04 2.229E+13 2.750E-01 5.000E-01 0.000E+00
 3.03511858E+00   6073.5 6.795E+04 2.542E+13 3.065E-01 5.000E-01 0.000E+00
 3.09507823E+00   6111.4 7.186E+04 2.808E+13 3.332E-01 5.000E-01 0.000E+00
 3.15376949E+00   6141.0 7.560E+04 3.047E+13 3.569E-01 5.000E-01 0.000E+00
 3.21357417E+00   6170.5 7.953E+04 3.306E+13 3.824E-01 5.000E-01 0.000E+00
 3.27137876E+00   6209.6 8.340E+04 3.639E+13 4.143E-01 5.000E-01 0.000E+00
 3.32491398E+00   6264.6 8.699E+04 4.105E+13 4.571E-01 5.000E-01 0.000E+00
 3.37932467E+00   6319.7 9.072E+04 4.630E+13 5.044E-01 5.000E-01 0.000E+00
 3.43462658E+00   6374.7 9.462E+04 5.222E+13 5.566E-01 5.000E-01 0.000E+00
 3.48953915E+00   6422.2 9.828E+04 5.798E+13 6.064E-01 5.000E-01 0.000E+00
 3.54214549E+00   6451.7 1.011E+05 6.194E+13 6.406E-01 5.000E-01 0.000E+00
 3.59554482E+00   6481.2 1.039E+05 6.618E+13 6.767E-01 5.000E-01 0.000E+00
 3.64974833E+00   6510.8 1.069E+05 7.071E+13 7.148E-01 5.000E-01 0.000E+00
 3.70476890E+00   6540.3 1.099E+05 7.554E+13 7.551E-01 5.000E-01 0.000E+00
 3.76173878E+00   6563.8 1.127E+05 7.975E+13 7.901E-01 5.000E-01 0.000E+00
 3.82028270E+00   6583.7 1.155E+05 8.358E+13 8.218E-01 5.000E-01 0.000E+00
 3.87973738E+00   6603.6 1.184E+05 8.760E+13 8.548E-01 5.000E-01 0.000E+00
 3.94011760E+00   6623.6 1.213E+05 9.180E+13 8.892E-01 5.000E-01 0.000E+00
 4.00143766E+00   6643.5 1.243E+05 9.621E+13 9.249E-01 5.000E-01 0.000E+00
 4.04620838E+00   6748.7 1.261E+05 1.144E+14 1.064E+00 5.000E-01 0.000E+00
 4.09035110E+00   6859.3 1.278E+05 1.371E+14 1.233E+00 5.000E-01 0.000E+00
 4.13497543E+00   6969.9 1.296E+05 1.643E+14 1.427E+00 5.000E-01 0.000E+00
 4.18008661E+00   7080.6 1.314E+05 1.969E+14 1.653E+00 5.000E-01 0.000E+00
 4.22568989E+00   7191.2 1.332E+05 2.359E+14 1.915E+00 5.000E-01 0.000E+00
 4.27179050E+00   7301.9 1.350E+05 2.828E+14 2.217E+00 5.000E-01 0.000E+00
 4.30412912E+00   7415.7 1.363E+05 3.324E+14 2.547E+00 5.000E-01 0.000E+00
 4.32099915E+00   7533.1 1.370E+05 3.825E+14 2.899E+00 5.000E-01 0.000E+00
 4.33793497E+00   7650.4 1.376E+05 4.402E+14 3.300E+00 5.000E-01 0.000E+00
 4.35493708E+00   7767.8 1.383E+05 5.066E+14 3.757E+00 5.000E-01 0.000E+00
 4.37200642E+00   7885.2 1.389E+05 5.831E+14 4.277E+00 5.000E-01 0.000E+00
 4.38914204E+00   8002.5 1.396E+05 6.711E+14 4.868E+00 5.000E-01 0.000E+00
 4.40634441E+00   8119.9 1.403E+05 7.723E+14 5.542E+00 5.000E-01 0.000E+00
 4.42361546E+00   8237.2 1.410E+05 8.888E+14 6.309E+00 5.000E-01 0.000E+00
 4.44095325E+00   8354.6 1.416E+05 1.023E+15 7.181E+00 5.000E-01 0.000E+00
 4.45835924E+00   8472.0 1.423E+05 1.177E+15 8.175E+00 5.000E-01 0.000E+00
 4.47583294E+00   8589.3 1.430E+05 1.355E+15 9.306E+00 5.000E-01 0.000E+00
 4.49337626E+00   8706.7 1.437E+05 1.559E+15 1.059E+01 5.000E-01 0.000E+00
 4.51098824E+00   8824.0 1.444E+05 1.794E+15 1.206E+01 5.000E-01 0.000E+00
 4.52866840E+00   8941.4 1.450E+05 2.065E+15 1.373E+01 5.000E-01 0.000E+00
 4.54641819E+00   9058.8 1.457E+05 2.377E+15 1.563E+01 5.000E-01 0.000E+00
 4.56399298E+00   9170.4 1.464E+05 2.712E+15 1.767E+01 5.000E-01 0.000E+00
 4.57923460E+00   9226.3 1.468E+05 2.848E+15 1.870E+01 5.000E-01 0.000E+00
 4.59452629E+00   9282.2 1.473E+05 2.991E+15 1.980E+01 5.000E-01 0.000E+00
 4.60986996E+00   9338.1 1.477E+05 3.141E+15 2.096E+01 5.000E-01 0.000E+00
 4.62526417E+00   9394.0 1.481E+05 3.298E+15 2.218E+01 5.000E-01 0.000E+00
 4.64071083E+00   9449.9 1.486E+05 3.464E+15 2.348E+01 5.000E-01 0.000E+00
 4.65620756E+00   9505.8 1.490E+05 3.638E+15 2.486E+01 5.000E-01 0.000E+00
 4.67175770E+00   9561.7 1.494E+05 3.820E+15 2.631E+01 5.000E-01 0.000E+00
 4.68735838E+00   9617.6 1.499E+05 4.012E+15 2.785E+01 5.000E-01 0.000E+00
 4.70301247E+00   9673.5 1.503E+05 4.213E+15 2.948E+01 5.000E-01 0.000E+00
 4.71871758E+00   9729.4 1.508E+05 4.424E+15 3.121E+01 5.000E-01 0.000E+00
 4.73447561E+00   9785.3 1.512E+05 4.646E+15 3.303E+01 5.000E-01 0.000E+00
 4.75028610E+00   9841.2 1.517E+05 4.879E+15 3.497E+01 5.000E-01 0.000E+00
 4.76615000E+00   9897.1 1.521E+05 5.123E+15 3.701E+01 5.000E-01 0.000E+00
 4.78206635E+00   9953.0 1.526E+05 5.380E+15 3.918E+01 5.000E-01 0.000E+00
 4.79803610E+00  10008.9 1.530E+05 5.650E+15 4.147E+01 5.000E-01 0.000E+00
 4.81922770E+00  10037.2 1.537E+05 5.784E+15 4.267E+01 5.000E-01 0.000E+00
 4.84060144E+00  10065.1 1.544E+05 5.918E+15 4.388E+01 5.000E-01 0.000E+00
 4.86207056E+00  10092.9 1.551E+05 6.055E+15 4.513E+01 5.000E-01 0.000E+00
 4.88363457E+00  10120.8 1.558E+05 6.195E+15 4.641E+01 5.000E-01 0.000E+00
 4.90529299E+00  10148.6 1.566E+05 6.339E+15 4.773E+01 5.000E-01 0.000E+00
 4.92704964E+00  10176.5 1.573E+05 6.486E+15 4.908E+01 5.000E-01 0.000E+00
 4.94890118E+00  10204.4 1.580E+05 6.636E+15 5.048E+01 5.000E-01 0.000E+00
 4.97085047E+00  10232.2 1.587E+05 6.790E+15 5.191E+01 5.000E-01 0.000E+00
 4.99289656E+00  10260.1 1.595E+05 6.948E+15 5.338E+01 5.000E-01 0.000E+00
 5.01504087E+00  10288.0 1.602E+05 7.109E+15 5.490E+01 5.000E-01 0.000E+00
 5.04216290E+00  10306.5 1.611E+05 7.227E+15 5.596E+01 5.000E-01 0.000E+00
 5.07441950E+00  10315.6 1.623E+05 7.301E+15 5.654E+01 5.000E-01 0.000E+00
 5.10688257E+00  10324.6 1.634E+05 7.375E+15 5.713E+01 5.000E-01 0.000E+00
 5.13955259E+00  10333.7 1.645E+05 7.450E+15 5.772E+01 5.000E-01 0.000E+00
 5.17243147E+00  10342.8 1.657E+05 7.526E+15 5.832E+01 5.000E-01 0.000E+00
 5.20552063E+00  10351.9 1.668E+05 7.603E+15 5.892E+01 5.000E-01 0.000E+00
 5.23882151E+00  10360.9 1.680E+05 7.680E+15 5.953E+01 5.000E-01 0.000E+00
 5.27681541E+00  10370.1 1.694E+05 7.764E+15 6.017E+01 5.000E-01 0.000E+00
 5.32257986E+00  10379.5 1.711E+05 7.858E+15 6.086E+01 5.000E-01 0.000E+00
 5.36874056E+00  10388.8 1.729E+05 7.953E+15 6.155E+01 5.000E-01 0.000E+00
 5.41530275E+00  10398.1 1.747E+05 8.050E+15 6.225E+01 5.000E-01 0.000E+00
 5.46226788E+00  10407.5 1.765E+05 8.147E+15 6.296E+01 5.000E-01 0.000E+00
 5.51106644E+00  10416.6 1.784E+05 8.246E+15 6.366E+01 5.000E-01 0.000E+00
 5.57087374E+00  10424.1 1.805E+05 8.343E+15 6.430E+01 5.000E-01 0.000E+00
 5.63132858E+00  10431.7 1.827E+05 8.441E+15 6.494E+01 5.000E-01 0.000E+00
 5.69243908E+00  10439.2 1.849E+05 8.540E+15 6.560E+01 5.000E-01 0.000E+00
 5.75421429E+00  10446.8 1.871E+05 8.640E+15 6.625E+01 5.000E-01 0.000E+00
 5.82641459E+00  10464.9 1.896E+05 8.809E+15 6.759E+01 5.000E-01 0.000E+00
 5.90056992E+00  10484.2 1.921E+05 8.989E+15 6.902E+01 5.000E-01 0.000E+00
 5.97566795E+00  10503.4 1.947E+05 9.173E+15 7.049E+01 5.000E-01 0.000E+00
 6.05475903E+00  10521.5 1.972E+05 9.352E+15 7.190E+01 5.000E-01 0.000E+00
 6.14157295E+00  10537.0 1.998E+05 9.516E+15 7.315E+01 5.000E-01 0.000E+00
 6.22963238E+00  10552.4 2.024E+05 9.683E+15 7.443E+01 5.000E-01 0.000E+00
 6.32065201E+00  10566.7 2.051E+05 9.846E+15 7.565E+01 5.000E-01 0.000E+00
 6.42238379E+00  10574.5 2.081E+05 9.976E+15 7.646E+01 5.000E-01 0.000E+00
 6.52575397E+00  10582.2 2.111E+05 1.011E+16 7.727E+01 5.000E-01 0.000E+00
 6.63427687E+00  10595.9 2.144E+05 1.028E+16 7.853E+01 5.000E-01 0.000E+00
 6.75092411E+00  10620.2 2.178E+05 1.054E+16 8.058E+01 5.000E-01 0.000E+00
 6.86962128E+00  10644.5 2.214E+05 1.081E+16 8.268E+01 5.000E-01 0.000E+00
 6.99428177E+00  10685.1 2.248E+05 1.119E+16 8.606E+01 5.000E-01 0.000E+00
 7.12206745E+00  10729.4 2.282E+05 1.161E+16 8.984E+01 5.000E-01 0.000E+00
 7.25298882E+00  10774.1 2.317E+05 1.204E+16 9.382E+01 5.000E-01 0.000E+00
 7.38745308E+00  10819.6 2.354E+05 1.250E+16 9.800E+01 5.000E-01 0.000E+00
 7.52473164E+00  10864.1 2.391E+05 1.297E+16 1.023E+02 5.000E-01 0.000E+00
 7.66753483E+00  10899.9 2.427E+05 1.336E+16 1.059E+02 5.000E-01 0.000E+00
 7.81304836E+00  10935.7 2.464E+05 1.378E+16 1.096E+02 5.000E-01 0.000E+00
 7.96594667E+00  10968.1 2.500E+05 1.416E+16 1.131E+02 5.000E-01 0.000E+00
 8.12249279E+00  11000.1 2.536E+05 1.455E+16 1.166E+02 5.000E-01 0.000E+00
 8.28625584E+00  11033.9 2.579E+05 1.499E+16 1.205E+02 5.000E-01 0.000E+00
 8.45455647E+00  11068.3 2.625E+05 1.545E+16 1.245E+02 5.000E-01 0.000E+00
