 3.05622386E-03   2756.1 3.056E+01 5.807E+08 4.363E-05 1.371E-02 2.000E+05
 3.98153422E-03   2787.0 3.982E+01 7.623E+08 5.250E-05 1.337E-02 2.000E+05
 5.01608346E-03   2813.6 5.016E+01 9.669E+08 6.216E-05 1.305E-02 2.000E+05
 6.18526753E-03   2839.6 6.185E+01 1.204E+09 7.313E-05 1.276E-02 2.000E+05
 7.51345037E-03   2865.4 7.513E+01 1.481E+09 8.571E-05 1.249E-02 2.000E+05
 9.02617043E-03   2890.9 9.026E+01 1.804E+09 1.003E-04 1.222E-02 2.000E+05
 1.07498246E-02   2915.9 1.075E+02 2.181E+09 1.174E-04 1.191E-02 2.000E+05
 1.27154250E-02   2940.4 1.272E+02 2.619E+09 1.371E-04 1.161E-02 2.000E+05
 1.49604494E-02   2964.9 1.496E+02 3.133E+09 1.600E-04 1.136E-02 2.000E+05
 1.75276379E-02   2989.4 1.753E+02 3.736E+09 1.865E-04 1.113E-02 2.000E+05
 2.04662739E-02   3013.9 2.047E+02 4.442E+09 2.172E-04 1.094E-02 2.000E+05
 2.38273827E-02   3038.7 2.383E+02 5.274E+09 2.535E-04 1.079E-02 2.000E+05
 2.76688759E-02   3063.3 2.767E+02 6.247E+09 2.957E-04 1.064E-02 2.000E+05
 3.20652367E-02   3087.6 3.207E+02 7.380E+09 3.443E-04 1.051E-02 2.000E+05
 3.71007663E-02   3111.8 3.710E+02 8.705E+09 4.008E-04 1.040E-02 2.000E+05
 4.28714285E-02   3136.0 4.287E+02 1.025E+10 4.661E-04 1.033E-02 2.000E+05
 4.94907587E-02   3160.0 4.949E+02 1.206E+10 5.417E-04 1.031E-02 2.000E+05
 5.70759380E-02   3184.5 5.708E+02 1.419E+10 6.311E-04 1.032E-02 2.000E+05
 6.57656121E-02   3208.8 6.577E+02 1.666E+10 7.340E-04 1.035E-02 2.000E+05
 7.57349250E-02   3232.9 7.573E+02 1.954E+10 8.527E-04 1.040E-02 2.000E+05
 8.71857894E-02   3256.9 8.719E+02 2.290E+10 9.895E-04 1.048E-02 2.000E+05
 1.00349998E-01   3280.9 1.003E+03 2.681E+10 1.147E-03 1.059E-02 2.000E+05
 1.15483730E-01   3305.1 1.155E+03 3.139E+10 1.332E-03 1.077E-02 2.000E+05
 1.32854679E-01   3329.8 1.329E+03 3.676E+10 1.548E-03 1.100E-02 2.000E+05
 1.52778015E-01   3354.5 1.528E+03 4.302E+10 1.800E-03 1.127E-02 2.000E+05
 1.75656228E-01   3379.0 1.757E+03 5.028E+10 2.088E-03 1.157E-02 2.000E+05
 2.01962607E-01   3403.4 2.020E+03 5.871E+10 2.421E-03 1.190E-02 2.000E+05
 2.32246121E-01   3427.7 2.322E+03 6.849E+10 2.802E-03 1.228E-02 2.000E+05
 2.67151194E-01   3451.9 2.672E+03 7.984E+10 3.241E-03 1.272E-02 2.000E+05
 3.07411022E-01   3476.0 3.074E+03 9.299E+10 3.746E-03 1.323E-02 2.000E+05
 3.53815751E-01   3500.2 3.538E+03 1.083E+11 4.337E-03 1.387E-02 2.000E+05
 4.07310248E-01   3524.0 4.073E+03 1.259E+11 5.012E-03 1.459E-02 2.000E+05
 4.69078699E-01   3547.5 4.691E+03 1.463E+11 5.785E-03 1.541E-02 2.000E+05
 5.40506644E-01   3570.7 5.405E+03 1.697E+11 6.666E-03 1.633E-02 2.000E+05
 6.23208010E-01   3593.8 6.232E+03 1.967E+11 7.675E-03 1.738E-02 2.000E+05
 7.19047990E-01   3616.8 7.190E+03 2.280E+11 8.829E-03 1.857E-02 2.000E+05
 8.30126455E-01   3640.0 8.301E+03 2.643E+11 1.016E-02 1.996E-02 2.000E+05
 9.58772946E-01   3663.6 9.588E+03 3.066E+11 1.170E-02 2.158E-02 2.000E+05
 1.10757415E+00   3688.3 1.108E+04 3.562E+11 1.351E-02 2.347E-02 2.000E+05
 1.27941928E+00   3713.8 1.279E+04 4.145E+11 1.561E-02 2.565E-02 2.000E+05
 1.47757707E+00   3740.8 1.478E+04 4.834E+11 1.806E-02 2.816E-02 2.000E+05
 1.70559729E+00   3769.4 1.706E+04 5.653E+11 2.096E-02 3.106E-02 2.000E+05
 1.96719291E+00   3800.6 1.967E+04 6.638E+11 2.441E-02 3.445E-02 2.000E+05
 2.26583617E+00   3835.2 2.266E+04 7.837E+11 2.860E-02 3.853E-02 2.000E+05
 2.60475792E+00   3873.8 2.605E+04 9.312E+11 3.371E-02 4.336E-02 2.000E+05
 2.98693448E+00   3917.6 2.987E+04 1.115E+12 4.000E-02 4.913E-02 2.000E+05
 3.41464737E+00   3967.6 3.415E+04 1.348E+12 4.786E-02 5.619E-02 2.000E+05
 3.88894731E+00   4025.5 3.889E+04 1.647E+12 5.784E-02 6.492E-02 2.000E+05
 4.40984854E+00   4092.4 4.410E+04 2.035E+12 7.054E-02 7.562E-02 2.000E+05
 4.97687331E+00   4169.7 4.977E+04 2.543E+12 8.677E-02 8.879E-02 2.000E+05
 5.58950190E+00   4258.9 5.589E+04 3.213E+12 1.074E-01 1.049E-01 2.000E+05
 6.24775302E+00   4361.9 6.248E+04 4.094E+12 1.335E-01 1.247E-01 2.000E+05
 6.95434511E+00   4480.7 6.954E+04 5.245E+12 1.656E-01 1.479E-01 2.000E+05
 7.71715402E+00   4616.2 7.717E+04 6.712E+12 2.035E-01 1.750E-01 2.000E+05
 8.54988192E+00   4775.6 8.550E+04 8.572E+12 2.469E-01 2.049E-01 2.000E+05
 9.47842135E+00   4953.4 9.478E+04 1.078E+13 2.910E-01 2.344E-01 2.000E+05
 1.05440720E+01   5161.4 1.054E+05 1.351E+13 3.349E-01 2.651E-01 2.000E+05
 1.17775892E+01   5413.1 1.178E+05 1.733E+13 3.864E-01 2.953E-01 2.000E+05
 1.31714624E+01   5678.2 1.317E+05 2.365E+13 4.710E-01 3.303E-01 2.000E+05
 1.46356520E+01   5935.5 1.464E+05 3.481E+13 6.233E-01 3.910E-01 2.000E+05
 1.60577657E+01   6205.6 1.606E+05 5.522E+13 8.836E-01 4.886E-01 2.000E+05
 1.73710270E+01   6477.9 1.737E+05 8.971E+13 1.298E+00 6.521E-01 2.000E+05
 1.85280529E+01   6789.7 1.853E+05 1.540E+14 2.010E+00 9.049E-01 2.000E+05
 1.95328589E+01   7087.9 1.953E+05 2.521E+14 3.025E+00 1.036E+00 2.000E+05
 2.04571742E+01   7336.8 2.046E+05 3.734E+14 4.242E+00 1.058E+00 2.000E+05
 2.13520766E+01   7567.4 2.135E+05 5.279E+14 5.744E+00 1.068E+00 2.000E+05
 2.22503274E+01   7773.4 2.225E+05 7.104E+14 7.508E+00 1.052E+00 2.000E+05
 2.31751239E+01   7970.5 2.317E+05 9.330E+14 9.644E+00 1.040E+00 2.000E+05
 2.41443603E+01   8157.2 2.414E+05 1.197E+15 1.217E+01 1.006E+00 2.000E+05
 2.51752195E+01   8336.6 2.517E+05 1.508E+15 1.518E+01 9.826E-01 2.000E+05
 2.62793884E+01   8515.3 2.628E+05 1.884E+15 1.883E+01 9.378E-01 2.000E+05
 2.74772615E+01   8680.9 2.748E+05 2.304E+15 2.293E+01 9.713E-01 2.000E+05
