 9.89767317E-04   3399.8 9.896E+00 1.503E+09 1.717E-04 4.437E-02 2.000E+05 
 1.29990540E-03   3421.5 1.300E+01 1.923E+09 1.956E-04 4.575E-02 2.000E+05 
 1.66450572E-03   3445.2 1.664E+01 2.421E+09 2.236E-04 4.633E-02 2.000E+05 
 2.09064180E-03   3469.4 2.091E+01 3.005E+09 2.556E-04 4.656E-02 2.000E+05 
 2.58742647E-03   3493.8 2.587E+01 3.686E+09 2.923E-04 4.691E-02 2.000E+05 
 3.16534826E-03   3518.3 3.165E+01 4.479E+09 3.343E-04 4.741E-02 2.000E+05 
 3.83694074E-03   3543.1 3.837E+01 5.405E+09 3.817E-04 4.732E-02 2.000E+05 
 4.61707867E-03   3568.1 4.617E+01 6.482E+09 4.350E-04 4.683E-02 2.000E+05 
 5.52249285E-03   3592.9 5.522E+01 7.733E+09 4.959E-04 4.656E-02 2.000E+05 
 6.57270166E-03   3617.7 6.573E+01 9.187E+09 5.656E-04 4.635E-02 2.000E+05 
 7.79060221E-03   3642.6 7.791E+01 1.087E+10 6.455E-04 4.627E-02 2.000E+05 
 9.20242170E-03   3667.6 9.202E+01 1.283E+10 7.374E-04 4.644E-02 2.000E+05 
 1.08383705E-02   3693.1 1.084E+02 1.511E+10 8.425E-04 4.655E-02 2.000E+05 
 1.27339714E-02   3718.9 1.273E+02 1.775E+10 9.621E-04 4.638E-02 2.000E+05 
 1.49308051E-02   3745.3 1.493E+02 2.082E+10 1.096E-03 4.578E-02 2.000E+05 
 1.74777080E-02   3771.5 1.748E+02 2.438E+10 1.250E-03 4.533E-02 2.000E+05 
 2.04328599E-02   3797.8 2.043E+02 2.849E+10 1.425E-03 4.497E-02 2.000E+05 
 2.38632807E-02   3824.1 2.386E+02 3.327E+10 1.627E-03 4.491E-02 2.000E+05 
 2.78445300E-02   3850.5 2.784E+02 3.879E+10 1.860E-03 4.512E-02 2.000E+05 
 3.24634214E-02   3877.1 3.246E+02 4.520E+10 2.127E-03 4.552E-02 2.000E+05 
 3.78221152E-02   3904.5 3.782E+02 5.265E+10 2.428E-03 4.544E-02 2.000E+05 
 4.40417196E-02   3931.7 4.404E+02 6.126E+10 2.769E-03 4.529E-02 2.000E+05 
 5.12697195E-02   3959.0 5.127E+02 7.124E+10 3.156E-03 4.514E-02 2.000E+05 
 5.96782547E-02   3986.1 5.968E+02 8.277E+10 3.601E-03 4.533E-02 2.000E+05 
 6.94597611E-02   4013.1 6.946E+02 9.611E+10 4.110E-03 4.586E-02 2.000E+05 
 8.08351055E-02   4040.2 8.083E+02 1.116E+11 4.696E-03 4.672E-02 2.000E+05 
 9.40586516E-02   4067.5 9.406E+02 1.295E+11 5.369E-03 4.796E-02 2.000E+05 
 1.09426486E-01   4095.5 1.094E+03 1.502E+11 6.130E-03 4.898E-02 2.000E+05 
 1.27298989E-01   4123.8 1.273E+03 1.744E+11 6.989E-03 4.979E-02 2.000E+05 
 1.48111088E-01   4152.0 1.481E+03 2.022E+11 7.969E-03 5.081E-02 2.000E+05 
 1.72355819E-01   4180.0 1.724E+03 2.345E+11 9.091E-03 5.225E-02 2.000E+05 
 2.00595035E-01   4207.8 2.006E+03 2.718E+11 1.038E-02 5.412E-02 2.000E+05 
 2.33482179E-01   4235.8 2.335E+03 3.149E+11 1.185E-02 5.645E-02 2.000E+05 
 2.71771250E-01   4263.8 2.718E+03 3.647E+11 1.355E-02 5.930E-02 2.000E+05 
 3.16335009E-01   4292.2 3.163E+03 4.225E+11 1.547E-02 6.246E-02 2.000E+05 
 3.68249881E-01   4321.4 3.682E+03 4.897E+11 1.765E-02 6.549E-02 2.000E+05 
 4.28802849E-01   4350.5 4.288E+03 5.673E+11 2.012E-02 6.904E-02 2.000E+05 
 4.99426214E-01   4379.7 4.994E+03 6.573E+11 2.297E-02 7.336E-02 2.000E+05 
 5.81756726E-01   4409.3 5.818E+03 7.616E+11 2.623E-02 7.853E-02 2.000E+05 
 6.77672982E-01   4439.9 6.777E+03 8.828E+11 2.998E-02 8.463E-02 2.000E+05 
 7.89307820E-01   4472.0 7.893E+03 1.024E+12 3.428E-02 9.175E-02 2.000E+05 
 9.19111788E-01   4506.0 9.192E+03 1.189E+12 3.921E-02 9.980E-02 2.000E+05 
 1.07004146E+00   4542.9 1.070E+04 1.383E+12 4.482E-02 1.086E-01 2.000E+05 
 1.24546040E+00   4583.0 1.245E+04 1.612E+12 5.127E-02 1.186E-01 2.000E+05 
 1.44900666E+00   4627.2 1.449E+04 1.882E+12 5.872E-02 1.303E-01 2.000E+05 
 1.68466646E+00   4676.8 1.685E+04 2.204E+12 6.734E-02 1.438E-01 2.000E+05 
 1.95703799E+00   4733.2 1.957E+04 2.589E+12 7.724E-02 1.591E-01 2.000E+05 
 2.27174958E+00   4797.7 2.272E+04 3.051E+12 8.854E-02 1.761E-01 2.000E+05 
 2.63510322E+00   4872.1 2.635E+04 3.612E+12 1.016E-01 1.957E-01 2.000E+05 
 3.05429819E+00   4958.9 3.054E+04 4.300E+12 1.166E-01 2.181E-01 2.000E+05 
 3.53895255E+00   5060.1 3.539E+04 5.160E+12 1.340E-01 2.435E-01 2.000E+05 
 4.10049518E+00   5179.7 4.100E+04 6.282E+12 1.550E-01 2.744E-01 2.000E+05 
 4.75114122E+00   5320.5 4.751E+04 7.838E+12 1.822E-01 3.161E-01 2.000E+05 
 5.50142722E+00   5494.3 5.501E+04 1.032E+13 2.243E-01 3.860E-01 2.000E+05 
 6.34895332E+00   5739.6 6.349E+04 1.557E+13 3.114E-01 5.216E-01 2.000E+05 
 7.24877961E+00   6040.3 7.249E+04 2.659E+13 4.795E-01 7.271E-01 2.000E+05 
 8.10388545E+00   6339.6 8.104E+04 4.642E+13 7.647E-01 1.006E+00 2.000E+05 
 8.89694934E+00   6655.1 8.897E+04 8.240E+13 1.287E+00 1.478E+00 2.000E+05 
 9.64305586E+00   7044.5 9.643E+04 1.575E+14 2.466E+00 2.544E+00 2.000E+05 
 1.03222387E+01   7560.1 1.032E+05 3.350E+14 5.605E+00 3.621E+00 2.000E+05 
 1.09272680E+01   7960.5 1.093E+05 5.740E+14 1.001E+01 3.411E+00 2.000E+05 
 1.14504448E+01   8286.0 1.145E+05 8.763E+14 1.483E+01 3.504E+00 2.000E+05 
 1.18852709E+01   8557.2 1.188E+05 1.232E+15 1.960E+01 3.626E+00 2.000E+05 
 1.22713668E+01   8769.7 1.227E+05 1.586E+15 2.427E+01 3.447E+00 2.000E+05 
 1.26442645E+01   8951.9 1.264E+05 1.952E+15 2.912E+01 3.257E+00 2.000E+05 
 1.30222843E+01   9118.0 1.302E+05 2.342E+15 3.434E+01 3.120E+00 2.000E+05 
 1.34168747E+01   9269.6 1.342E+05 2.755E+15 3.976E+01 3.036E+00 2.000E+05 
 1.38376959E+01   9418.3 1.384E+05 3.219E+15 4.553E+01 2.958E+00 2.000E+05 
 1.42919428E+01   9569.8 1.430E+05 3.759E+15 5.180E+01 2.881E+00 2.000E+05 
 1.47884588E+01   9721.5 1.480E+05 4.382E+15 5.856E+01 2.805E+00 2.000E+05 
 1.53340617E+01   9881.0 1.535E+05 5.134E+15 6.610E+01 2.732E+00 2.000E+05 
 1.59401112E+01  10041.3 1.596E+05 6.012E+15 7.417E+01 2.715E+00 2.000E+05 
