2294.99    95455.00   9.35440E+09   8.63180E+09   12.46
2293.04    89355.00   9.93160E+09   9.21950E+09   12.36
2291.44    83383.00   1.05630E+10   9.87310E+09   12.25
2289.76    77625.50   1.12680E+10   1.06080E+10   12.14
2288.06    71052.00   1.22010E+10   1.15920E+10   12.01
2286.99    65763.00   1.30610E+10   1.25090E+10   11.89
2285.92    59722.50   1.42130E+10   1.37400E+10   11.75
2285.06    54790.00   1.53470E+10   1.49520E+10   11.62
2284.23    49362.00   1.68470E+10   1.65530E+10   11.47
2283.73    45292.50   1.81630E+10   1.79670E+10   11.35
2283.27    41013.00   1.97880E+10   1.97320E+10   11.21
2282.82    36674.00   2.17600E+10   2.19230E+10   11.05
2282.38    32292.00   2.41990E+10   2.47110E+10   10.87
2281.97    28112.50   2.71090E+10   2.81190E+10   10.68
2281.56    24206.00   3.05140E+10   3.22980E+10   10.48
2281.22    21179.00   3.38320E+10   3.65700E+10   10.31
2280.84    18358.00   3.78580E+10   4.18590E+10   10.13
2280.55    16490.00   4.07900E+10   4.61830E+10   9.99
2280.21    14713.00   4.40010E+10   5.13670E+10   9.85
2279.88    13422.00   4.65990E+10   5.61030E+10   9.74
2279.46    12250.00   4.90490E+10   6.14290E+10   9.62
2278.85    11288.00   5.06700E+10   6.71170E+10   9.50
2277.94    10480.00   5.11430E+10   7.33690E+10   9.39
2276.46     9851.50   5.00720E+10   8.00470E+10   9.27
2273.52     9352.50   4.77120E+10   8.72560E+10   9.15
2270.46     9003.50   4.63220E+10   9.24920E+10   9.07
2264.53     8814.00   4.49490E+10   9.74920E+10   8.98
2248.37     8664.00   4.52590E+10   1.03780E+11   8.87
2221.37     8534.00   4.71640E+10   1.12690E+11   8.74
2180.37     8354.00   5.06520E+10   1.28650E+11   8.56
2126.37     8117.50   5.55140E+10   1.55130E+11   8.33
2076.87     7896.50   5.88400E+10   1.87000E+11   8.10
2023.87     7700.00   6.18510E+10   2.30160E+11   7.86
1971.96     7560.00   6.49880E+10   2.82950E+11   7.62
1915.92     7430.00   6.83670E+10   3.56260E+11   7.36
1843.29     7290.00   7.25020E+10   4.85710E+11   7.01
1758.89     7140.00   7.58710E+10   7.11080E+11   6.60
1673.43     7005.00   7.97800E+10   1.06470E+12   6.18
1575.26     6850.00   8.57410E+10   1.74210E+12   5.68
1473.07     6695.00   9.47520E+10   3.01030E+12   5.11
1374.88     6535.00   1.03820E+11   5.28250E+12   4.52
1276.51     6345.00   1.09720E+11   9.74950E+12   3.87
1178.78     6160.00   1.16200E+11   1.86670E+13   3.19
1082.52     5925.00   1.12710E+11   3.69890E+13   2.60
1010.00     5730.00   1.05950E+11   6.33660E+13   2.27
955.00      5535.00   9.31930E+10   9.80050E+13   2.05
905.00      5315.00   7.80650E+10   1.49270E+14   1.82
855.00      5050.00   6.47800E+10   2.34670E+14   1.57
805.00      4770.00   6.20560E+10   3.80310E+14   1.33
750.00      4560.00   8.17580E+10   6.53730E+14   1.09
700.00      4460.00   1.20670E+11   1.06720E+15   0.90
660.00      4425.00   1.68880E+11   1.57410E+15   0.76
625.00      4410.00   2.28060E+11   2.20920E+15   0.64
590.00      4420.00   3.09380E+11   3.08370E+15   0.55
550.00      4460.00   4.40020E+11   4.47540E+15   0.48
500.00      4540.00   6.84860E+11   7.04010E+15   0.39
450.00      4635.00   1.06200E+12   1.09410E+16   0.34
400.00      4740.00   1.63850E+12   1.67970E+16   0.36
350.00      4860.00   2.52010E+12   2.54030E+16   0.48
300.00      4990.00   3.86050E+12   3.78340E+16   0.67
275.00      5067.50   4.79560E+12   4.58610E+16   0.74
250.00      5160.00   5.98340E+12   5.51130E+16   0.88
225.00      5280.00   7.58480E+12   6.56210E+16   0.99
200.00      5420.00   9.81730E+12   7.73820E+16   1.13
175.00      5592.50   1.33290E+13   9.02300E+16   1.26
150.00      5800.00   1.95060E+13   1.03830E+17   1.41
135.00      5985.00   2.72900E+13   1.11490E+17   1.49
120.00      6190.00   4.02850E+13   1.19040E+17   1.57
110.00      6350.00   5.45740E+13   1.23700E+17   1.63
100.00      6530.00   7.64240E+13   1.28070E+17   1.67
 90.00      6737.50   1.11340E+14   1.31950E+17   1.71
 80.00      6990.00   1.71930E+14   1.34850E+17   1.76
 70.00      7290.00   2.78960E+14   1.36810E+17   1.79
 60.00      7600.00   4.44710E+14   1.38310E+17   1.86
 50.00      7912.50   6.89190E+14   1.39830E+17   1.89
 40.00      8230.00   1.04130E+15   1.40960E+17   1.94
 30.00      8555.00   1.54020E+15   1.41730E+17   2.00
 20.00      8870.00   2.19470E+15   1.42730E+17   2.00
 10.00      9142.50   2.93170E+15   1.44260E+17   2.00
  0.00      9410.00   3.83160E+15   1.45620E+17   2.00
