height, km     p, cgs      ne, cm^-3    n, cm^-3       T, K

2.2827E+03   3.3159E-01   1.2502E+10   1.1515E+10   1.0000E+05
2.2814E+03   3.3093E-01   1.3028E+10   1.2044E+10   9.5600E+04
2.2802E+03   3.3013E-01   1.3653E+10   1.2675E+10   9.0820E+04
2.2786E+03   3.2881E-01   1.4670E+10   1.3719E+10   8.3890E+04
2.2769E+03   3.2701E-01   1.6042E+10   1.5151E+10   7.5930E+04
2.2761E+03   3.2579E-01   1.6959E+10   1.6118E+10   7.1340E+04
2.2753E+03   3.2424E-01   1.8134E+10   1.7368E+10   6.6150E+04
2.2744E+03   3.2216E-01   1.9718E+10   1.9062E+10   6.0170E+04
2.2736E+03   3.1927E-01   2.1954E+10   2.1448E+10   5.3280E+04
2.2732E+03   3.1735E-01   2.3473E+10   2.3066E+10   4.9390E+04
2.2728E+03   3.1511E-01   2.5269E+10   2.4981E+10   4.5420E+04
2.2725E+03   3.1233E-01   2.7524E+10   2.7410E+10   4.1180E+04
2.2721E+03   3.0872E-01   3.0476E+10   3.0635E+10   3.6590E+04
2.2718E+03   3.0440E-01   3.3983E+10   3.4595E+10   3.2150E+04
2.2715E+03   2.9931E-01   3.8077E+10   3.9430E+10   2.7970E+04
2.2712E+03   2.9328E-01   4.2943E+10   4.5345E+10   2.4060E+04
2.2709E+03   2.8600E-01   4.8660E+10   5.2785E+10   2.0420E+04
2.2706E+03   2.7961E-01   5.3398E+10   5.9551E+10   1.7930E+04
2.2704E+03   2.7452E-01   5.7036E+10   6.5098E+10   1.6280E+04
2.2702E+03   2.6803E-01   6.1353E+10   7.2347E+10   1.4520E+04
2.2699E+03   2.6150E-01   6.4998E+10   7.9807E+10   1.3080E+04
2.2696E+03   2.5667E-01   6.7048E+10   8.5458E+10   1.2190E+04
2.2693E+03   2.5204E-01   6.8558E+10   9.1014E+10   1.1440E+04
2.2690E+03   2.4790E-01   6.9178E+10   9.6308E+10   1.0850E+04
2.2685E+03   2.4368E-01   6.8853E+10   1.0184E+11   1.0340E+04
2.2679E+03   2.3995E-01   6.7341E+10   1.0675E+11   9.9830E+03
2.2670E+03   2.3651E-01   6.4712E+10   1.1125E+11   9.7350E+03
2.2659E+03   2.3391E-01   6.2348E+10   1.1437E+11   9.5870E+03
2.2641E+03   2.3356E-01   5.9935E+10   1.1893E+11   9.4580E+03
2.2567E+03   2.3575E-01   5.8871E+10   1.2360E+11   9.3580E+03
2.2427E+03   2.4117E-01   6.0358E+10   1.2894E+11   9.2280E+03
2.2107E+03   2.5636E-01   6.4526E+10   1.4206E+11   8.9880E+03
2.1627E+03   2.8259E-01   7.0908E+10   1.6613E+11   8.6350E+03
2.1087E+03   3.1644E-01   7.5289E+10   2.0175E+11   8.2730E+03
2.0527E+03   3.6043E-01   7.8757E+10   2.4880E+11   7.9700E+03
2.0039E+03   4.0912E-01   8.2000E+10   2.9888E+11   7.7800E+03
1.9418E+03   4.8819E-01   8.6407E+10   3.7885E+11   7.6000E+03
1.8616E+03   6.2796E-01   9.1503E+10   5.2230E+11   7.4100E+03
1.7678E+03   8.7170E-01   9.4359E+10   7.8011E+11   7.2200E+03
1.6819E+03   1.2192E+00   9.7566E+10   1.1497E+12   7.0800E+03
1.5772E+03   1.9184E+00   1.0436E+11   1.9065E+12   6.9100E+03
1.4700E+03   3.2175E+00   1.1461E+11   3.3430E+12   6.7400E+03
1.3750E+03   5.3315E+00   1.2248E+11   5.7552E+12   6.5700E+03
1.2750E+03   9.5516E+00   1.2809E+11   1.0732E+13   6.3700E+03
1.1800E+03   1.7503E+01   1.3386E+11   2.0380E+13   6.1800E+03
1.0850E+03   3.3133E+01   1.3061E+11   4.0203E+13   5.9500E+03
1.0150E+03   5.3839E+01   1.2277E+11   6.7578E+13   5.7600E+03
9.5500E+02   8.2841E+01   1.1102E+11   1.0761E+14   5.5700E+03
9.0500E+02   1.2077E+02   9.7291E+10   1.6250E+14   5.3800E+03
8.5500E+02   1.7927E+02   8.3493E+10   2.5155E+14   5.1600E+03
8.0500E+02   2.7164E+02   7.5366E+10   4.0146E+14   4.9000E+03
7.5000E+02   4.4046E+02   9.1225E+10   6.8159E+14   4.6800E+03
7.0000E+02   6.9527E+02   1.3072E+11   1.1042E+15   4.5600E+03
6.6000E+02   1.0086E+03   1.8149E+11   1.6160E+15   4.5200E+03
6.2500E+02   1.4003E+03   2.4378E+11   2.2536E+15   4.5000E+03
5.9000E+02   1.9446E+03   3.2918E+11   3.1227E+15   4.5100E+03
5.5000E+02   2.8251E+03   4.6477E+11   4.5066E+15   4.5400E+03
5.0000E+02   4.4846E+03   7.1682E+11   7.0453E+15   4.6100E+03
4.5000E+02   7.0645E+03   1.1001E+12   1.0909E+16   4.6900E+03
4.0000E+02   1.1030E+04   1.6806E+12   1.6712E+16   4.7800E+03
3.5000E+02   1.7042E+04   2.5582E+12   2.5292E+16   4.8800E+03
3.0000E+02   2.6017E+04   3.8816E+12   3.7760E+16   4.9900E+03
2.7500E+02   3.2019E+04   4.8046E+12   4.5828E+16   5.0600E+03
2.5000E+02   3.9182E+04   5.9860E+12   5.5099E+16   5.1500E+03
2.2500E+02   4.7740E+04   7.5863E+12   6.5606E+16   5.2700E+03
2.0000E+02   5.7793E+04   9.8177E+12   7.7364E+16   5.4100E+03
1.7500E+02   6.9539E+04   1.3296E+13   9.0250E+16   5.5800E+03
1.5000E+02   8.3001E+04   1.9508E+13   1.0381E+17   5.7900E+03
1.3500E+02   9.1987E+04   2.7492E+13   1.1139E+17   5.9800E+03
1.2000E+02   1.0158E+05   4.0284E+13   1.1902E+17   6.1800E+03
1.1000E+02   1.0831E+05   5.4568E+13   1.2368E+17   6.3400E+03
1.0000E+02   1.1533E+05   7.6412E+13   1.2804E+17   6.5200E+03
9.0000E+01   1.2262E+05   1.0998E+14   1.3206E+17   6.7200E+03
8.0000E+01   1.3010E+05   1.7192E+14   1.3483E+17   6.9800E+03
7.0000E+01   1.3777E+05   2.7894E+14   1.3679E+17   7.2800E+03
6.0000E+01   1.4539E+05   4.4468E+14   1.3829E+17   7.5900E+03
5.0000E+01   1.5328E+05   6.8694E+14   1.3985E+17   7.9000E+03
4.0000E+01   1.6114E+05   1.0412E+15   1.4094E+17   8.2200E+03
3.0000E+01   1.6900E+05   1.5317E+15   1.4180E+17   8.5400E+03
2.0000E+01   1.7726E+05   2.1945E+15   1.4272E+17   8.8600E+03
1.0000E+01   1.8557E+05   2.9523E+15   1.4410E+17   9.1400E+03
0.0000E+00   1.9396E+05   3.8316E+15   1.4562E+17   9.4000E+03
