      2110.07      100000. 1.98127e+010 1.81859e+010      9.95951
      2109.49      94800.0 2.07960e+010 1.91996e+010      9.88301
      2109.08      90816.0 2.16251e+010 2.00627e+010      9.81968
      2108.45      83891.0 2.32644e+010 2.17936e+010      9.69431
      2107.81      75934.0 2.55107e+010 2.41814e+010      9.54599
      2107.49      71336.0 2.70322e+010 2.58086e+010      9.45274
      2107.17      66145.0 2.89621e+010 2.78894e+010      9.34684
      2106.85      60170.0 3.15717e+010 3.06947e+010      9.21849
      2106.53      53284.0 3.52847e+010 3.46822e+010      9.05424
      2106.36      49385.0 3.78256e+010 3.74185e+010      8.95205
      2106.21      45416.0 4.08477e+010 4.06690e+010      8.83957
      2106.06      41178.0 4.46798e+010 4.48179e+010      8.70817
      2105.91      36594.0 4.97394e+010 5.03828e+010      8.54955
      2105.76      32145.0 5.59207e+010 5.72790e+010      8.36859
      2105.63      27972.0 6.33108e+010 6.57623e+010      8.16057
      2105.49      24056.0 7.23444e+010 7.63538e+010      7.93604
      2105.35      20416.0 8.34227e+010 8.97811e+010      7.70913
      2105.24      17925.0 9.26754e+010 1.02318e+011      7.54939
      2105.12      15941.0 1.02035e+011 1.14883e+011      7.41680
      2104.95      13897.0 1.12862e+011 1.32246e+011      7.26271
      2104.72      12197.0 1.22911e+011 1.52082e+011      7.10957
      2104.52      11395.0 1.26572e+011 1.64957e+011      7.02189
      2104.35      11000.0 1.27136e+011 1.73027e+011      6.97157
      2103.99      10600.0 1.25031e+011 1.84001e+011      6.90740
      2103.00      10200.0 1.18908e+011 1.99215e+011      6.82528
      2101.00      9900.00 1.15092e+011 2.11360e+011      6.76479
      2095.00      9550.00 1.18173e+011 2.23039e+011      6.71021
      2080.00      9270.00 1.25038e+011 2.38241e+011      6.64468
      2060.00      9040.00 1.31825e+011 2.58596e+011      6.56376
      2030.00      8800.00 1.39642e+011 2.92282e+011      6.44499
      2000.00      8580.00 1.45510e+011 3.33083e+011      6.32115
      1970.00      8380.00 1.50149e+011 3.81481e+011      6.19769
      1930.00      8180.00 1.55928e+011 4.56264e+011      6.03976
      1890.00      8010.00 1.60777e+011 5.47810e+011      5.88213
      1850.00      7860.00 1.64348e+011 6.60847e+011      5.72430
      1800.00      7700.00 1.67767e+011 8.39338e+011      5.52880
      1740.00      7540.00 1.71934e+011 1.12221e+012      5.31500
      1665.00      7390.00 1.82917e+011 1.61898e+012      5.04620
      1570.00      7220.00 2.02621e+011 2.61950e+012      4.69328
      1470.00      7040.00 2.25507e+011 4.48510e+012      4.26427
      1360.00      6850.00 2.55172e+011 8.39232e+012      3.75195
      1270.00      6670.00 2.71873e+011 1.44919e+013      3.30947
      1170.00      6460.00 2.85009e+011 2.74688e+013      2.82848
      1080.00      6250.00 2.85489e+011 5.04109e+013      2.42072
      1000.00      6050.00 2.77903e+011 8.86501e+013      2.10188
      940.000      5870.00 2.58015e+011 1.38417e+014      1.86126
      890.000      5700.00 2.34045e+011 2.04230e+014      1.64545
      850.000      5540.00 2.08224e+011 2.82910e+014      1.47330
      790.000      5260.00 1.67989e+011 4.74712e+014      1.22539
      740.000      5030.00 1.54806e+011 7.47160e+014      1.03101
      690.000      4870.00 1.78328e+011 1.18171e+015     0.858020
      650.000      4780.00 2.24273e+011 1.70878e+015     0.727700
      615.000      4720.00 2.86899e+011 2.36314e+015     0.621176
      580.000      4690.00 3.76821e+011 3.25717e+015     0.537310
      540.000      4700.00 5.22858e+011 4.65827e+015     0.468998
      490.000      4740.00 7.91623e+011 7.22847e+015     0.389820
      440.000      4800.00 1.19814e+012 1.11167e+016     0.339889
      390.000      4880.00 1.81123e+012 1.69092e+016     0.359027
      340.000      4970.00 2.72961e+012 2.54365e+016     0.483754
      290.000      5100.00 4.15330e+012 3.75371e+016     0.668922
      265.000      5170.00 5.13405e+012 4.53696e+016     0.732019
      240.000      5250.00 6.37161e+012 5.44595e+016     0.868973
      215.000      5334.00 7.94197e+012 6.50981e+016     0.987295
      190.000      5437.00 1.00624e+013 7.71775e+016      1.12807
      165.000      5580.00 1.33283e+013 9.04267e+016      1.25979
      140.000      5790.00 1.95336e+013 1.04016e+017      1.41629
      125.000      5965.00 2.69182e+013 1.11882e+017      1.49825
      110.000      6175.00 4.00014e+013 1.19372e+017      1.57564
      100.000      6335.00 5.41820e+013 1.24046e+017      1.63245
      90.0000      6520.00 7.65053e+013 1.28337e+017      1.67449
      80.0000      6735.00 1.12807e+014 1.32076e+017      1.70924
      70.0000      6980.00 1.72106e+014 1.35105e+017      1.76050
      60.0000      7280.00 2.79227e+014 1.37073e+017      1.79728
      50.0000      7590.00 4.45138e+014 1.38575e+017      1.86487
      40.0000      7905.00 6.92040e+014 1.40051e+017      1.89177
      30.0000      8220.00 1.04205e+015 1.41158e+017      1.95870
      20.0000      8550.00 1.55020e+015 1.41927e+017      2.00000
      10.0000      8860.00 2.19687e+015 1.43018e+017      2.00000
     0.000000      9125.00 2.91383e+015 1.44694e+017      2.00000
