4.77359e-03   4500.000000  1.40017e+03  0.00000e+00  0.00000e+00  0.00000e+00  0.00000e+00
3.44877e-02   4510.000000  1.94441e+03  0.00000e+00  0.00000e+00  0.00000e+00  0.00000e+00
7.82480e-02   4540.000000  2.82482e+03  0.00000e+00  0.00000e+00  0.00000e+00  0.00000e+00
1.58550e-01   4610.000000  4.48419e+03  0.00000e+00  0.00000e+00  0.00000e+00  0.00000e+00
2.77414e-01   4690.000000  7.06378e+03  0.00000e+00  0.00000e+00  0.00000e+00  0.00000e+00
4.59003e-01   4780.000000  1.10292e+04  0.00000e+00  0.00000e+00  0.00000e+00  0.00000e+00
7.32998e-01   4880.000000  1.70407e+04  0.00000e+00  0.00000e+00  0.00000e+00  0.00000e+00
1.04278e+00   4990.000000  2.60145e+04  0.00000e+00  0.00000e+00  0.00000e+00  0.00000e+00
1.24706e+00   5060.000000  3.20161e+04  0.00000e+00  0.00000e+00  0.00000e+00  0.00000e+00
1.53608e+00   5150.000000  3.91776e+04  0.00000e+00  0.00000e+00  0.00000e+00  0.00000e+00
1.87992e+00   5270.000000  4.77347e+04  0.00000e+00  0.00000e+00  0.00000e+00  0.00000e+00
2.28494e+00   5410.000000  5.77854e+04  0.00000e+00  0.00000e+00  0.00000e+00  0.00000e+00
2.75658e+00   5580.000000  6.95291e+04  0.00000e+00  0.00000e+00  0.00000e+00  0.00000e+00
3.22011e+00   5790.000000  8.29853e+04  0.00000e+00  0.00000e+00  0.00000e+00  0.00000e+00
3.52666e+00   5980.000000  9.19642e+04  0.00000e+00  0.00000e+00  0.00000e+00  0.00000e+00
3.85885e+00   6180.000000  1.01548e+05  0.00000e+00  0.00000e+00  0.00000e+00  0.00000e+00
4.09142e+00   6340.000000  1.08258e+05  0.00000e+00  0.00000e+00  0.00000e+00  0.00000e+00
4.35839e+00   6520.000000  1.15259e+05  0.00000e+00  0.00000e+00  0.00000e+00  0.00000e+00
4.63327e+00   6720.000000  1.22521e+05  0.00000e+00  0.00000e+00  0.00000e+00  0.00000e+00
4.91416e+00   6980.000000  1.29931e+05  0.00000e+00  0.00000e+00  0.00000e+00  0.00000e+00
5.19933e+00   7280.000000  1.37492e+05  0.00000e+00  0.00000e+00  0.00000e+00  0.00000e+00
5.48790e+00   7590.000000  1.44920e+05  0.00000e+00  0.00000e+00  0.00000e+00  0.00000e+00
5.77946e+00   7900.000000  1.52535e+05  0.00000e+00  0.00000e+00  0.00000e+00  0.00000e+00
6.07341e+00   8220.000000  1.59958e+05  0.00000e+00  0.00000e+00  0.00000e+00  0.00000e+00
6.36930e+00   8540.000000  1.67193e+05  0.00000e+00  0.00000e+00  0.00000e+00  0.00000e+00
6.66732e+00   8860.000000  1.74577e+05  0.00000e+00  0.00000e+00  0.00000e+00  0.00000e+00
6.96805e+00   9140.000000  1.81847e+05  0.00000e+00  0.00000e+00  0.00000e+00  0.00000e+00
7.27031e+00   9400.000000  1.88992e+05  0.00000e+00  0.00000e+00  0.00000e+00  0.00000e+00
