2294.99   95455.00   8.61231E+09   7.94712E+09   12.46
2293.04   89355.00   9.15414E+09   8.49802E+09   12.36
2291.44   83383.00   9.76414E+09   9.12734E+09   12.25
2289.76   77625.50   1.04110E+10   9.80105E+09   12.14
2288.06   71052.00   1.12641E+10   1.07023E+10   12.01
2286.99   65763.00   1.20822E+10   1.15723E+10   11.89
2285.92   59722.50   1.31909E+10   1.27523E+10   11.75
2285.06   54790.00   1.42341E+10   1.38674E+10   11.62
2284.23   49362.00   1.56008E+10   1.53289E+10   11.47
2283.73   45292.50   1.68497E+10   1.66684E+10   11.35
2283.27   41013.00   1.84105E+10   1.83594E+10   11.21
2282.82   36674.00   2.03112E+10   2.04642E+10   11.05
2282.38   32292.00   2.26535E+10   2.31355E+10   10.87
2281.97   28112.50   2.54616E+10   2.64143E+10   10.68
2281.56   24206.00   2.87785E+10   3.04708E+10   10.48
2281.22   21179.00   3.19426E+10   3.45448E+10   10.31
2280.84   18358.00   3.55422E+10   3.93175E+10   10.13
2280.55   16490.00   3.83914E+10   4.35016E+10   9.99
2280.21   14713.00   4.14195E+10   4.84117E+10   9.85
2279.88   13422.00   4.37862E+10   5.27975E+10   9.74
2279.46   12250.00   4.59858E+10   5.76851E+10   9.62
2278.85   11288.00   4.74224E+10   6.28894E+10   9.50
2277.94   10480.00   4.78197E+10   6.86328E+10   9.39
2276.46    9851.50   4.67715E+10   7.47737E+10   9.27
2273.52    9352.50   4.44994E+10   8.15470E+10   9.15
2270.46    9003.50   4.32120E+10   8.66219E+10   9.07
2264.53    8814.00   4.20745E+10   9.16554E+10   8.98
2248.37    8664.00   4.27956E+10   9.85524E+10   8.87
2221.37    8534.00   4.51132E+10   1.08550E+11   8.74
2180.37    8354.00   4.87650E+10   1.25346E+11   8.56
2126.37    8117.50   5.35717E+10   1.52564E+11   8.33
2076.87    7896.50   5.69713E+10   1.84272E+11   8.10
2023.87    7700.00   6.01374E+10   2.27406E+11   7.86
1971.96    7560.00   6.32926E+10   2.80938E+11   7.62
1915.92    7430.00   6.66876E+10   3.53859E+11   7.36
1843.29    7290.00   7.09202E+10   4.82441E+11   7.01
1758.89    7140.00   7.46111E+10   7.05593E+11   6.60
1673.43    7005.00   7.86647E+10   1.05911E+12   6.18
1575.26    6850.00   8.46753E+10   1.73132E+12   5.68
1473.07    6695.00   9.36643E+10   2.98769E+12   5.11
1374.88    6535.00   1.02962E+11   5.25678E+12   4.52
1276.51    6345.00   1.08880E+11   9.69302E+12   3.87
1178.78    6160.00   1.15476E+11   1.85785E+13   3.19
1082.52    5925.00   1.11975E+11   3.68271E+13   2.60
1010.00    5730.00   1.05262E+11   6.31933E+13   2.27
955.00    5535.00   9.23255E+10   9.74456E+13   2.05
905.00    5315.00   7.68300E+10   1.48476E+14   1.82
855.00    5050.00   6.31546E+10   2.33615E+14   1.57
805.00    4770.00   6.11447E+10   3.79048E+14   1.33
750.00    4560.00   8.13752E+10   6.52276E+14   1.09
700.00    4460.00   1.20358E+11   1.06562E+15   0.90
660.00    4425.00   1.68518E+11   1.57248E+15   0.76
625.00    4410.00   2.27640E+11   2.20775E+15   0.64
590.00    4420.00   3.08866E+11   3.08250E+15   0.55
550.00    4460.00   4.39416E+11   4.47468E+15   0.48
500.00    4540.00   6.84128E+11   7.04001E+15   0.39
450.00    4635.00   1.06121E+12   1.09419E+16   0.34
400.00    4740.00   1.63779E+12   1.67975E+16   0.36
350.00    4860.00   2.51968E+12   2.54034E+16   0.48
300.00    4990.00   3.86036E+12   3.78339E+16   0.67
275.00    5067.50   4.79555E+12   4.58609E+16   0.74
250.00    5160.00   5.98337E+12   5.51131E+16   0.88
225.00    5280.00   7.58478E+12   6.56213E+16   0.99
200.00    5420.00   9.81732E+12   7.73822E+16   1.13
175.00    5592.50   1.33286E+13   9.02301E+16   1.26
150.00    5800.00   1.95060E+13   1.03825E+17   1.41
135.00    5985.00   2.72893E+13   1.11495E+17   1.49
120.00    6190.00   4.02851E+13   1.19042E+17   1.57
110.00    6350.00   5.45743E+13   1.23705E+17   1.63
100.00    6530.00   7.64236E+13   1.28068E+17   1.67
 90.00    6737.50   1.11333E+14   1.31948E+17   1.71
 80.00    6990.00   1.71934E+14   1.34847E+17   1.76
 70.00    7290.00   2.78960E+14   1.36814E+17   1.79
 60.00    7600.00   4.44713E+14   1.38315E+17   1.86
 50.00    7912.50   6.89181E+14   1.39829E+17   1.89
 40.00    8230.00   1.04130E+15   1.40959E+17   1.94
 30.00    8555.00   1.54022E+15   1.41732E+17   2.00
 20.00    8870.00   2.19465E+15   1.42733E+17   2.00
 10.00    9142.50   2.93160E+15   1.44263E+17   2.00
  0.00    9410.00   3.83156E+15   1.45624E+17   2.00
