2294.99   95445.00    8.61231E+09    8.72351E+09    12.46
2293.04   89345.00    9.15414E+09    9.32823E+09    12.36
2291.44   83373.00    9.76414E+09    1.00190E+10    12.25
2289.76   77615.50    1.04110E+10    1.07586E+10    12.14
2288.06   71042.00    1.12641E+10    1.17479E+10    12.01
2286.99   65753.00    1.20822E+10    1.27029E+10    11.89
2285.92   59712.50    1.31909E+10    1.39981E+10    11.75
2285.06   54780.00    1.42341E+10    1.52222E+10    11.62
2284.23   49352.00    1.56008E+10    1.68265E+10    11.47
2283.73   45282.50    1.68497E+10    1.82968E+10    11.35
2283.27   41003.00    1.84105E+10    2.01530E+10    11.21
2282.82   36664.00    2.03112E+10    2.24634E+10    11.05
2282.38   32282.00    2.26535E+10    2.53957E+10    10.87
2281.97   28102.50    2.54616E+10    2.89948E+10    10.68
2281.56   24196.00    2.87785E+10    3.34476E+10    10.48
2281.22   21169.00    3.19426E+10    3.79196E+10    10.31
2280.84   18348.00    3.55422E+10    4.31586E+10    10.13
2280.55   16480.00    3.83914E+10    4.77515E+10    9.99
2280.21   14703.00    4.14195E+10    5.31413E+10    9.85
2279.88   13412.00    4.37862E+10    5.79555E+10    9.74
2279.46   12240.00    4.59858E+10    6.33206E+10    9.62
2278.85   11278.00    4.74224E+10    6.90334E+10    9.50
2277.94   10470.00    4.78197E+10    7.53379E+10    9.39
2276.46    9841.50    4.67715E+10    8.20787E+10    9.27
2273.52    9342.50    4.44994E+10    8.95137E+10    9.15
2270.46    8993.50    4.32120E+10    9.50844E+10    9.07
2264.53    8804.00    4.20745E+10    1.00610E+11    8.98
2248.37    8654.00    4.27956E+10    1.08180E+11    8.87
2221.37    8524.00    4.51132E+10    1.19155E+11    8.74
2180.37    8344.00    4.87650E+10    1.37592E+11    8.56
2126.37    8107.50    5.35717E+10    1.67469E+11    8.33
2076.87    7886.50    5.69713E+10    2.02274E+11    8.10
2023.87    7690.00    6.01374E+10    2.49622E+11    7.86
1971.96    7550.00    6.32926E+10    3.08384E+11    7.62
1915.92    7420.00    6.66876E+10    3.88429E+11    7.36
1843.29    7280.00    7.09202E+10    5.29573E+11    7.01
1758.89    7130.00    7.46111E+10    7.74526E+11    6.60
1673.43    6995.00    7.86647E+10    1.16258E+12    6.18
1575.26    6840.00    8.46753E+10    1.90046E+12    5.68
1473.07    6685.00    9.36643E+10    3.27957E+12    5.11
1374.88    6525.00    1.02962E+11    5.77034E+12    4.52
1276.51    6335.00    1.08880E+11    1.06400E+13    3.87
1178.78    6150.00    1.15476E+11    2.03935E+13    3.19
1082.52    5915.00    1.11975E+11    4.04249E+13    2.60
1010.00    5720.00    1.05262E+11    6.93670E+13    2.27
955.00     5525.00    9.23255E+10    1.06966E+14    2.05
905.00     5305.00    7.68300E+10    1.62981E+14    1.82
855.00     5040.00    6.31546E+10    2.56438E+14    1.57
805.00     4760.00    6.11447E+10    4.16079E+14    1.33
750.00     4550.00    8.13752E+10    7.16000E+14    1.09
700.00     4450.00    1.20358E+11    1.16973E+15    0.90
660.00     4415.00    1.68518E+11    1.72610E+15    0.76
625.00     4400.00    2.27640E+11    2.42344E+15    0.64
590.00     4410.00    3.08866E+11    3.38364E+15    0.55
550.00     4450.00    4.39416E+11    4.91183E+15    0.48
500.00     4530.00    6.84128E+11    7.72778E+15    0.39
450.00     4625.00    1.06121E+12    1.20109E+16    0.34
400.00     4730.00    1.63779E+12    1.84385E+16    0.36
350.00     4850.00    2.51968E+12    2.78852E+16    0.48
300.00     4980.00    3.86036E+12    4.15301E+16    0.67
275.00     5057.50    4.79555E+12    5.03413E+16    0.74
250.00     5150.00    5.98337E+12    6.04974E+16    0.88
225.00     5270.00    7.58478E+12    7.20322E+16    0.99
200.00     5410.00    9.81732E+12    8.49420E+16    1.13
175.00     5582.50    1.33286E+13    9.90451E+16    1.26
150.00     5790.00    1.95060E+13    1.13968E+17    1.41
135.00     5975.00    2.72893E+13    1.22387E+17    1.49
120.00     6180.00    4.02851E+13    1.30672E+17    1.57
110.00     6340.00    5.45743E+13    1.35790E+17    1.63
100.00     6520.00    7.64236E+13    1.40580E+17    1.67
 90.00     6727.50    1.11333E+14    1.44839E+17    1.71
 80.00     6980.00    1.71934E+14    1.48021E+17    1.76
 70.00     7280.00    2.78960E+14    1.50180E+17    1.79
 60.00     7590.00    4.44713E+14    1.51828E+17    1.86
 50.00     7902.50    6.89181E+14    1.53490E+17    1.89
 40.00     8220.00    1.04130E+15    1.54730E+17    1.94
 30.00     8545.00    1.54022E+15    1.55578E+17    2.00
 20.00     8860.00    2.19465E+15    1.56677E+17    2.00
 10.00     9132.50    2.93160E+15    1.58357E+17    2.00
  0.00     9400.00    3.83156E+15    1.59851E+17    2.00
