      540.000      4900.00 6.13611e+011 4.69909e+015     0.646780
      490.000      4940.00 9.10040e+011 7.16048e+015     0.551956
      440.000      5000.00 1.35598e+012 1.08120e+016     0.520174
      390.000      5070.00 2.01929e+012 1.61929e+016     0.541602
      340.000      5170.00 3.03256e+012 2.39261e+016     0.611091
      290.000      5280.00 4.57256e+012 3.49264e+016     0.748742
      265.000      5355.00 5.70072e+012 4.18543e+016     0.839672
      240.000      5450.00 7.25154e+012 4.97943e+016     0.935827
      215.000      5580.00 9.61799e+012 5.86353e+016      1.02674
      190.000      5720.00 1.31341e+013 6.86080e+016      1.11948
      165.000      5870.00 1.84460e+013 7.97779e+016      1.21235
      140.000      6040.00 2.69641e+013 9.20363e+016      1.30458
      125.000      6160.00 3.49618e+013 9.97446e+016      1.36290
      110.000      6300.00 4.68676e+013 1.07558e+017      1.42041
      100.000      6400.00 5.75651e+013 1.12866e+017      1.45858
      90.0000      6500.00 7.05911e+013 1.18322e+017      1.49984
      80.0000      6620.00 8.92201e+013 1.23569e+017      1.53971
      70.0000      6750.00 1.14134e+014 1.28717e+017      1.58431
      60.0000      6890.00 1.47509e+014 1.33718e+017      1.63772
      50.0000      7040.00 1.92268e+014 1.38546e+017      1.69835
      40.0000      7200.00 2.52273e+014 1.43158e+017      1.76835
      30.0000      7370.00 3.32770e+014 1.47648e+017      1.82506
      20.0000      7560.00 4.46999e+014 1.52015e+017      1.83000
      10.0000      7770.00 6.08830e+014 1.55980e+017      1.83000
     0.000000      8040.00 8.80142e+014 1.58636e+017      1.83000
