      437.136      3586.90 1.79606e+011 1.27245e+016     0.343253
      365.411      3599.50 3.39002e+011 2.98857e+016     0.560204
      300.000      3611.00 6.01028e+011 6.50163e+016     0.986498
      238.000      3642.00 1.03679e+012 1.30879e+017      1.69316
      187.000      3692.00 1.69076e+012 2.30539e+017      2.00000
      152.000      3772.00 2.57240e+012 3.36768e+017      2.00000
      129.000      3896.00 3.79594e+012 4.15631e+017      2.00000
      113.000      4040.00 5.49401e+012 4.67685e+017      2.00000
      104.000      4170.00 7.35755e+012 4.90731e+017      2.00000
      95.0000      4320.00 1.01395e+013 5.12176e+017      2.00000
      86.0000      4490.00 1.42139e+013 5.32183e+017      2.00000
      78.0000      4680.00 1.98143e+013 5.45857e+017      2.00000
      70.0000      4890.00 2.71799e+013 5.57854e+017      2.00000
      61.0000      5120.00 3.63954e+013 5.72615e+017      2.00000
      52.0000      5360.00 4.68259e+013 5.86464e+017      2.00000
      41.0000      5620.00 6.04021e+013 6.07055e+017      2.00000
      31.0000      5870.00 7.84683e+013 6.24293e+017      2.00000
      19.0000      6140.00 1.11317e+014 6.47963e+017      2.00000
      9.00000      6420.00 1.68262e+014 6.61960e+017      2.00000
     0.000000      6700.00 2.61562e+014 6.71514e+017      2.00000
