870.790   3335.4   2.211E+09   4.671E+13   0.000E+00
852.150   3358.1   2.821E+09   6.067E+13   0.000E+00
835.430   3380.7   3.518E+09   7.655E+13   0.000E+00
820.010   3403.9   4.326E+09   9.460E+13   0.000E+00
805.540   3427.3   5.263E+09   1.152E+14   0.000E+00
791.760   3450.9   6.347E+09   1.387E+14   0.000E+00
778.430   3473.5   7.595E+09   1.659E+14   0.000E+00
765.180   3494.1   9.029E+09   1.979E+14   0.000E+00
751.920   3514.8   1.072E+10   2.359E+14   0.000E+00
738.690   3535.7   1.272E+10   2.811E+14   0.000E+00
725.530   3556.9   1.507E+10   3.339E+14   0.000E+00
712.460   3578.9   1.784E+10   3.956E+14   0.000E+00
699.490   3601.4   2.110E+10   4.678E+14   0.000E+00
686.630   3624.1   2.490E+10   5.516E+14   0.000E+00
673.960   3645.1   2.919E+10   6.484E+14   0.000E+00
661.570   3663.8   3.396E+10   7.593E+14   0.000E+00
649.420   3683.1   3.942E+10   8.853E+14   0.000E+00
637.460   3702.7   4.566E+10   1.029E+15   0.000E+00
625.650   3723.7   5.288E+10   1.192E+15   0.000E+00
614.000   3746.0   6.124E+10   1.376E+15   0.000E+00
602.500   3770.7   7.106E+10   1.584E+15   0.000E+00
591.200   3797.9   8.253E+10   1.815E+15   0.000E+00
579.950   3832.6   9.686E+10   2.071E+15   0.000E+00
568.600   3865.7   1.132E+11   2.366E+15   0.000E+00
557.090   3897.0   1.319E+11   2.706E+15   0.000E+00
545.420   3926.9   1.533E+11   3.100E+15   0.000E+00
533.590   3955.8   1.779E+11   3.554E+15   0.000E+00
521.590   3983.7   2.061E+11   4.082E+15   0.000E+00
509.410   4011.5   2.388E+11   4.692E+15   0.000E+00
497.050   4038.3   2.763E+11   5.400E+15   0.000E+00
484.520   4064.7   3.197E+11   6.226E+15   0.000E+00
471.830   4090.5   3.696E+11   7.183E+15   0.000E+00
458.980   4115.8   4.272E+11   8.297E+15   0.000E+00
445.990   4140.8   4.936E+11   9.594E+15   0.000E+00
432.870   4165.5   5.702E+11   1.110E+16   0.000E+00
419.620   4190.8   6.591E+11   1.285E+16   0.000E+00
406.220   4216.0   7.618E+11   1.488E+16   0.000E+00
392.710   4241.2   8.806E+11   1.725E+16   0.000E+00
379.060   4267.6   1.019E+12   1.999E+16   0.000E+00
365.280   4294.7   1.181E+12   2.319E+16   0.000E+00
351.400   4323.3   1.370E+12   2.689E+16   0.000E+00
337.450   4353.8   1.593E+12   3.117E+16   0.000E+00
323.440   4387.1   1.856E+12   3.607E+16   0.000E+00
309.420   4424.2   2.169E+12   4.170E+16   0.000E+00
295.400   4466.6   2.546E+12   4.805E+16   0.000E+00
281.410   4515.6   3.002E+12   5.519E+16   0.000E+00
267.480   4573.3   3.561E+12   6.314E+16   0.000E+00
253.440   4638.0   4.240E+12   7.207E+16   0.000E+00
239.150   4710.6   5.071E+12   8.218E+16   0.000E+00
224.640   4793.7   6.098E+12   9.351E+16   0.000E+00
209.910   4891.3   7.380E+12   1.060E+17   0.000E+00
194.960   5006.3   8.988E+12   1.198E+17   0.000E+00
179.700   5140.2   1.103E+13   1.348E+17   0.000E+00
164.040   5296.4   1.373E+13   1.511E+17   0.000E+00
148.080   5479.1   1.765E+13   1.683E+17   0.000E+00
132.240   5690.9   2.409E+13   1.857E+17   0.000E+00
117.290   5939.2   3.619E+13   2.013E+17   0.000E+00
104.120   6230.9   6.061E+13   2.128E+17   0.000E+00
93.1900   6562.4   1.096E+14   2.192E+17   0.000E+00
84.3500   6910.7   1.991E+14   2.216E+17   0.000E+00
77.0200   7238.1   3.372E+14   2.222E+17   0.000E+00
70.5500   7525.8   5.204E+14   2.227E+17   0.000E+00
64.4700   7777.5   7.449E+14   2.236E+17   0.000E+00
58.5200   8004.4   1.013E+15   2.249E+17   0.000E+00
52.5000   8211.3   1.325E+15   2.269E+17   0.000E+00
46.2900   8407.4   1.693E+15   2.293E+17   0.000E+00
39.7700   8592.7   2.116E+15   2.323E+17   0.000E+00
32.8700   8773.3   2.612E+15   2.358E+17   0.000E+00
25.5200   8950.0   3.189E+15   2.398E+17   0.000E+00
17.6300   9120.9   3.848E+15   2.447E+17   0.000E+00
9.16000   9297.1   4.641E+15   2.500E+17   0.000E+00
0.00000   9460.2   5.505E+15   2.565E+17   0.000E+00
