1909.785767   3469.942627  2.05579e+00  8.97412e-12
1908.972778   3468.896484  2.06569e+00  9.02011e-12
1907.901001   3467.517578  2.07874e+00  9.08074e-12
1906.488159   3465.699951  2.09594e+00  9.16066e-12
1904.625610   3463.303711  2.11862e+00  9.26602e-12
1902.176025   3460.208984  2.14864e+00  9.40532e-12
1899.090454   3458.186035  2.19285e+00  9.60405e-12
1895.157227   3458.175049  2.25805e+00  9.88878e-12
1890.232422   3467.545410  2.37247e+00  1.03586e-11
1884.219482   3489.918213  2.55621e+00  1.10875e-11
1877.091675   3516.934326  2.78991e+00  1.20137e-11
1868.614746   3531.130859  3.01083e+00  1.29155e-11
1858.399780   3527.736572  3.20914e+00  1.37791e-11
1846.112793   3524.459473  3.46439e+00  1.48889e-11
1831.568970   3522.230957  3.78255e+00  1.62670e-11
1814.891479   3537.587891  4.27699e+00  1.83121e-11
1796.495361   3551.301270  4.90172e+00  2.09067e-11
1776.454224   3564.764160  5.69814e+00  2.42104e-11
1755.301392   3583.314453  6.78181e+00  2.86672e-11
1733.802246   3611.930664  8.33335e+00  3.49344e-11
1713.154663   3672.735596  1.04988e+01  4.32841e-11
1693.340454   3753.588867  1.31557e+01  5.30632e-11
1673.861450   3862.477539  1.62262e+01  6.36268e-11
1652.529907   3827.626221  1.73173e+01  6.85301e-11
1627.612183   3845.632568  1.89174e+01  7.45010e-11
1599.561646   3935.488770  2.15557e+01  8.29668e-11
1565.603516   3841.270508  2.11515e+01  8.33563e-11
1523.665161   3735.051025  2.28851e+01  9.28076e-11
1482.724487   3664.346924  2.97779e+01  1.23096e-10
1448.752808   3631.852051  4.20311e+01  1.75185e-10
1423.445435   3715.458252  5.72233e+01  2.33187e-10
1401.322388   3786.706787  6.77328e+01  2.70701e-10
1376.506348   3720.186523  7.07116e+01  2.87744e-10
1344.421631   3691.239502  7.82340e+01  3.20779e-10
1315.070068   3803.772461  9.85798e+01  3.92301e-10
1288.231812   3847.003418  1.18396e+02  4.66023e-10
1262.141113   3883.171387  1.40706e+02  5.48477e-10
1236.612549   3905.386963  1.66582e+02  6.45703e-10
1211.261353   3924.141846  1.95088e+02  7.52553e-10
1185.118774   3922.378418  2.21746e+02  8.55780e-10
1157.385254   3911.524658  2.50584e+02  9.69830e-10
1127.639160   3896.030762  2.85093e+02  1.10770e-09
1096.580200   3888.157959  3.31627e+02  1.29118e-09
1065.767944   3893.650635  3.95874e+02  1.53916e-09
1035.724609   3897.832764  4.72071e+02  1.83350e-09
1006.036316   3887.438477  5.57337e+02  2.17069e-09
 976.296875   3888.889160  6.57689e+02  2.56058e-09
 946.431580   3894.824707  7.72345e+02  3.00257e-09
 916.683838   3906.760986  9.07221e+02  3.51704e-09
 887.319275   3948.014893  1.06944e+03  4.10150e-09
 859.779785   4085.218750  1.24683e+03  4.62158e-09
 833.645386   4211.550293  1.45326e+03  5.22362e-09
 807.888611   4338.218750  1.70692e+03  5.95564e-09
 782.236084   4512.614746  2.03400e+03  6.82171e-09
 756.935913   4691.807617  2.45990e+03  7.93721e-09
 732.309998   4805.184082  2.93084e+03  9.23209e-09
 708.307922   4873.416992  3.47841e+03  1.08042e-08
 685.225586   4913.173340  4.13848e+03  1.27494e-08
 662.444214   4890.158691  4.73737e+03  1.46642e-08
 638.975525   4838.743652  5.41885e+03  1.69588e-08
 615.356018   4726.878418  6.17450e+03  1.97801e-08
 590.844910   4602.791504  6.80435e+03  2.23825e-08
 564.146240   4528.313965  7.58747e+03  2.53743e-08
 535.856812   4459.787598  8.58566e+03  2.91610e-08
 505.957275   4413.970215  9.88279e+03  3.39242e-08
 475.101288   4388.683105  1.15293e+04  3.98100e-08
 444.203033   4393.359863  1.36222e+04  4.69912e-08
 413.837280   4430.545898  1.60192e+04  5.48003e-08
 384.524475   4507.941895  1.90209e+04  6.39401e-08
 356.604004   4603.313965  2.23744e+04  7.36480e-08
 329.065125   4688.879883  2.59400e+04  8.38207e-08
 301.510254   4791.363770  3.02809e+04  9.57335e-08
 274.053925   4892.911621  3.51722e+04  1.08881e-07
 246.337753   5017.843750  4.09546e+04  1.23608e-07
 218.358078   5167.974121  4.76354e+04  1.39575e-07
 190.081924   5340.935547  5.50304e+04  1.56006e-07
 161.739197   5535.680664  6.30842e+04  1.72547e-07
 134.476959   5754.626465  7.11883e+04  1.87265e-07
 110.108162   6013.279785  7.93714e+04  1.99773e-07
  89.363678   6287.382812  8.65906e+04  2.08365e-07
  71.871841   6556.457520  9.27263e+04  2.13927e-07
  56.979198   6856.818848  9.80280e+04  2.16154e-07
  44.893120   7213.822266  1.02600e+05  2.14960e-07
  35.269920   7618.155273  1.04407e+05  2.06915e-07
  28.079041   8075.859863  1.05205e+05  1.96269e-07
  22.047840   8554.099609  1.05767e+05  1.85141e-07
  17.913601   8941.678711  1.06069e+05  1.76130e-07
  13.533120   9317.895508  1.06466e+05  1.67549e-07
   9.424000   9553.979492  1.07011e+05  1.62760e-07
   4.884320   9756.913086  1.07739e+05  1.59075e-07
   0.000000   9942.314453  1.08669e+05  1.56043e-07
