1967.640503   4626.221680  2.31744e+00  7.58781e-12
1967.359253   4626.288086  2.32018e+00  7.59666e-12
1966.988525   4626.375000  2.32378e+00  7.60832e-12
1966.499512   4626.489746  2.32854e+00  7.62370e-12
1965.855225   4626.641113  2.33481e+00  7.64398e-12
1965.005737   4626.840820  2.34308e+00  7.67070e-12
1963.885864   4627.104004  2.35397e+00  7.70593e-12
1962.409790   4627.450684  2.36834e+00  7.75238e-12
1960.463623   4627.907715  2.38727e+00  7.81361e-12
1957.911865   4628.278809  2.41157e+00  7.89247e-12
1954.603149   4626.385254  2.43701e+00  7.97843e-12
1950.241455   4620.181641  2.46057e+00  8.06487e-12
1944.268188   4596.666504  2.45038e+00  8.06916e-12
1935.614990   4546.239746  2.39488e+00  7.97124e-12
1908.524292   4028.657227  1.63455e+00  6.12295e-12
1898.524292   3789.711426  1.37544e+00  5.42200e-12
1888.524292   3550.155762  1.11220e+00  4.69898e-12
1878.524292   3446.591797  1.04766e+00  4.60350e-12
1868.524292   3413.011963  1.09523e+00  4.85999e-12
1858.524292   3487.377197  1.34207e+00  5.77184e-12
1848.524292   3686.957520  1.84548e+00  7.50559e-12
1817.973145   4442.969238  4.63765e+00  1.57998e-11
1804.824829   4640.181152  5.83774e+00  1.90091e-11
1794.029907   4709.210938  6.48017e+00  2.08297e-11
1780.258545   4629.333496  6.64249e+00  2.17281e-11
1728.524292   3499.504395  4.46714e+00  1.93215e-11
1718.524292   3566.680176  5.22223e+00  2.21464e-11
1708.524292   3643.325684  6.11355e+00  2.53937e-11
1698.524292   3825.841064  7.61035e+00  2.99703e-11
1668.524292   4333.650879  1.25680e+01  4.38810e-11
1638.524292   3722.034912  9.73236e+00  3.87584e-11
1628.524292   3288.615479  7.30684e+00  3.23999e-11
1618.524292   2932.714844  5.22184e+00  2.68168e-11
1608.524292   2763.824707  4.47570e+00  2.41650e-11
1598.524292   2614.110596  3.68646e+00  2.13643e-11
1588.524292   2645.430908  3.82190e+00  2.19063e-11
1578.524292   2676.750977  3.94333e+00  2.23190e-11
1568.524292   2807.731201  4.57437e+00  2.46503e-11
1558.524292   2949.968262  5.33935e+00  2.74055e-11
1548.524292   3108.391113  6.42011e+00  3.11829e-11
1538.524292   3273.709961  7.71846e+00  3.56341e-11
1528.524292   3429.245605  9.29426e+00  4.09423e-11
1489.432129   3724.791748  1.65350e+01  6.72402e-11
1448.524292   3830.592773  2.27270e+01  8.97550e-11
1438.524292   3883.493896  2.46127e+01  9.59015e-11
1428.524292   3713.793213  2.49045e+01  1.01686e-10
1408.524292   3319.043701  2.42295e+01  1.10525e-10
1398.524292   3168.527588  2.37358e+01  1.13117e-10
1388.524292   3328.726074  2.57103e+01  1.16313e-10
1378.524292   3573.996094  2.80544e+01  1.19106e-10
1368.524292   3718.111572  2.35680e+01  9.76896e-11
1358.524292   3971.501709  1.97603e+01  7.55490e-11
1348.524292   3715.133789  1.33086e+01  5.24428e-11
1338.524292   3413.013916  6.60371e+00  2.86417e-11
1328.524292   3114.038818  4.11625e+00  1.97955e-11
1318.524292   2850.158936  3.34856e+00  1.76547e-11
1308.524292   2788.201172  4.04281e+00  2.15124e-11
1298.524292   3029.602051  6.92280e+00  3.36455e-11
1288.524292   3371.400146  1.38116e+01  6.12420e-11
1278.524292   3565.506348  2.44585e+01  1.03594e-10
1244.441650   3549.232178  5.13587e+01  2.20370e-10
1227.549927   3474.068359  1.01035e+02  4.41219e-10
1217.071045   3468.741943  1.54416e+02  6.74654e-10
1208.701782   3477.173584  2.00085e+02  8.71211e-10
1200.753418   3513.542480  2.23423e+02  9.63246e-10
1192.126099   3571.635986  2.26115e+02  9.58969e-10
1181.609497   3646.363770  2.12874e+02  8.85045e-10
1165.207520   3658.202637  1.58646e+02  6.56115e-10
1129.738037   3663.858154  1.42141e+02  5.87244e-10
1094.248413   3766.330566  1.79634e+02  7.22138e-10
1064.747559   3815.093018  2.14316e+02  8.50270e-10
1031.459717   3844.692627  2.12700e+02  8.37402e-10
 991.996582   3866.343506  2.64932e+02  1.03737e-09
 961.458008   3898.219971  3.62439e+02  1.40778e-09
 936.920532   3977.232666  4.47387e+02  1.70293e-09
 911.796570   4041.844727  4.97001e+02  1.86390e-09
 888.521301   4355.778320  7.46785e+02  2.59084e-09
 875.851440   4388.113770  1.14090e+03  3.93608e-09
 866.354858   4351.460449  1.42243e+03  4.95743e-09
 857.314453   4281.070801  1.62969e+03  5.77353e-09
 847.708252   4216.771484  1.80975e+03  6.49914e-09
 837.160706   4207.816895  2.00954e+03  7.23144e-09
 825.487976   4219.807617  2.19585e+03  7.87650e-09
 811.932739   4239.316406  2.32120e+03  8.28912e-09
 795.545593   4268.371094  2.40421e+03  8.52976e-09
 775.246826   4316.239258  2.48962e+03  8.73370e-09
 750.421814   4375.048828  2.58749e+03  8.95629e-09
 720.510071   4427.018555  2.90276e+03  9.92607e-09
 693.897583   4421.520996  3.68699e+03  1.26213e-08
 666.553833   4385.200195  3.89827e+03  1.34526e-08
 634.535217   4332.930176  4.44383e+03  1.55283e-08
 603.878235   4372.651367  5.35647e+03  1.85341e-08
 576.155701   4587.072266  6.93372e+03  2.28692e-08
 553.685913   4748.531738  9.04043e+03  2.87909e-08
 534.879211   4861.272949  1.15055e+04  3.58214e-08
 516.864014   4868.423828  1.30466e+04  4.05744e-08
 497.578705   4897.672363  1.45554e+04  4.49951e-08
 476.761108   4900.499023  1.62506e+04  5.02121e-08
 454.475037   4874.956543  1.82512e+04  5.66918e-08
 430.680634   4826.118652  2.03761e+04  6.39373e-08
 405.716644   4804.768555  2.32669e+04  7.33466e-08
 379.644958   4797.917480  2.63573e+04  8.32142e-08
 352.224792   4812.958008  2.99574e+04  9.43071e-08
 323.819672   4874.798828  3.42539e+04  1.06445e-07
 294.111847   4943.745117  3.88370e+04  1.18996e-07
 262.958710   5045.525879  4.43150e+04  1.33037e-07
 230.571198   5176.481445  5.08924e+04  1.48871e-07
 197.590714   5355.517578  5.89223e+04  1.66591e-07
 164.808960   5549.370605  6.76637e+04  1.84609e-07
 132.980804   5756.268066  7.58516e+04  1.99460e-07
 103.604156   6019.541992  8.33942e+04  2.09670e-07
  79.130562   6335.015137  9.14560e+04  2.18421e-07
  59.845600   6652.089844  9.98314e+04  2.26971e-07
  44.690880   6991.938477  1.06120e+05  2.29464e-07
  33.687359   7492.558594  1.08872e+05  2.19700e-07
  26.512640   8086.954590  1.09656e+05  2.04745e-07
  21.254240   8577.227539  1.09907e+05  1.91800e-07
  16.874081   8959.922852  1.10278e+05  1.82366e-07
  12.855200   9266.468750  1.10823e+05  1.75756e-07
   8.657600   9556.217773  1.11542e+05  1.69735e-07
   4.618720   9801.190430  1.12245e+05  1.64820e-07
   0.000000  10022.176758  1.13162e+05  1.60762e-07
