2182.220215   3443.813721  1.67017e+00  7.34525e-12
2181.157959   3440.919678  1.67722e+00  7.38251e-12
2179.757812   3437.104248  1.68653e+00  7.43163e-12
2177.912109   3432.074951  1.69880e+00  7.49638e-12
2175.480469   3425.480225  1.71504e+00  7.58199e-12
2172.368896   3419.284180  1.74171e+00  7.71381e-12
2168.374023   3414.379150  1.78464e+00  7.91530e-12
2163.339355   3419.715088  1.87321e+00  8.29339e-12
2157.197998   3438.932617  2.02516e+00  8.91494e-12
2149.931641   3462.016602  2.21865e+00  9.70482e-12
2141.452148   3486.678955  2.44959e+00  1.06399e-11
2131.685059   3513.782471  2.73391e+00  1.17837e-11
2120.420166   3519.469971  2.99983e+00  1.29067e-11
2106.797119   3478.322998  3.14919e+00  1.37114e-11
2089.757324   3418.940186  3.29823e+00  1.46082e-11
2068.481201   3379.946533  3.64306e+00  1.63268e-11
2045.384644   3414.083496  4.51205e+00  2.00130e-11
2023.727539   3459.765625  5.73527e+00  2.51055e-11
2003.282837   3489.142090  7.30020e+00  3.16833e-11
1984.443848   3539.636963  9.51622e+00  4.06807e-11
1967.809326   3607.332031  1.22607e+01  5.14663e-11
1952.091797   3634.069824  1.49136e+01  6.21514e-11
1935.739258   3604.465820  1.68570e+01  7.08394e-11
1917.214111   3567.147217  1.88948e+01  8.02304e-11
1896.548462   3561.646484  2.14916e+01  9.14168e-11
1873.929443   3535.040039  2.38133e+01  1.01985e-10
1845.121460   3458.076904  2.62216e+01  1.14850e-10
1814.076660   3461.159912  3.21609e+01  1.40743e-10
1777.813232   3321.838867  3.59331e+01  1.63750e-10
1733.928345   3348.859863  4.89486e+01  2.21385e-10
1702.234253   3404.057129  6.57210e+01  2.92415e-10
1678.054077   3585.690186  8.24223e+01  3.47544e-10
1661.032593   3758.843018  9.62002e+01  3.87486e-10
1643.785645   3766.351562  1.10086e+02  4.42397e-10
1625.773926   3785.662354  1.24991e+02  4.99832e-10
1606.374023   3808.067139  1.40163e+02  5.57135e-10
1585.031494   3790.521240  1.53066e+02  6.11170e-10
1560.913086   3803.824463  1.70769e+02  6.79463e-10
1534.132935   3786.963135  1.88890e+02  7.55070e-10
1505.512329   3803.178711  2.21738e+02  8.82545e-10
1475.276489   3709.591309  2.56244e+02  1.04585e-09
1442.858521   3710.070068  3.09282e+02  1.26207e-09
1412.473267   3749.236084  3.71518e+02  1.50026e-09
1383.750732   3762.719971  4.42647e+02  1.78127e-09
1355.369263   3776.539795  5.21809e+02  2.09211e-09
1327.161865   3810.438721  6.08318e+02  2.41704e-09
1299.769043   3857.229492  7.05997e+02  2.77149e-09
1272.589478   3906.985107  8.19811e+02  3.17765e-09
1246.118164   3953.564209  9.35209e+02  3.58165e-09
1218.145752   3981.907471  1.06879e+03  4.06418e-09
1191.270020   4040.445068  1.27702e+03  4.78508e-09
1165.590210   4114.114746  1.49272e+03  5.49309e-09
1140.355469   4185.231934  1.72690e+03  6.24684e-09
1114.820190   4247.625977  1.98090e+03  7.06002e-09
1088.852783   4319.720703  2.28997e+03  8.02466e-09
1062.561401   4392.646484  2.64675e+03  9.12141e-09
1035.684570   4464.074707  3.06646e+03  1.03992e-08
1008.744873   4551.227051  3.61446e+03  1.20224e-08
 982.123901   4609.750488  4.24458e+03  1.39388e-08
 955.334900   4634.089355  4.88631e+03  1.59622e-08
 927.313354   4665.380371  5.50936e+03  1.78772e-08
 897.846313   4727.075195  6.32793e+03  2.02641e-08
 867.674744   4757.646484  7.32796e+03  2.33175e-08
 837.385925   4782.560547  8.51505e+03  2.69569e-08
 806.482239   4844.318848  9.85693e+03  3.08036e-08
 775.408813   4909.919434  1.14864e+04  3.54163e-08
 744.000183   4968.502441  1.32582e+04  4.03991e-08
 711.690735   5072.256348  1.52673e+04  4.55660e-08
 678.700806   5159.486816  1.76283e+04  5.17218e-08
 645.753113   5221.228516  2.06166e+04  5.97742e-08
 613.438904   5230.454102  2.43648e+04  7.05233e-08
 582.116943   5181.458496  2.88014e+04  8.41690e-08
 551.484497   5123.125488  3.35950e+04  9.93180e-08
 520.423340   5086.361816  3.82059e+04  1.13762e-07
 487.807831   5169.193359  4.36658e+04  1.27915e-07
 454.804810   5195.239258  5.05219e+04  1.47281e-07
 420.655670   5214.205078  5.64984e+04  1.64086e-07
 383.506866   5307.062500  6.33481e+04  1.80796e-07
 344.979370   5453.861328  7.36016e+04  2.04356e-07
 305.707367   5629.936523  8.31434e+04  2.23577e-07
 266.699036   5720.480957  8.85556e+04  2.34373e-07
 221.282074   5843.753906  9.46810e+04  2.45252e-07
 180.252640   6091.716797  1.12366e+05  2.79190e-07
 147.672638   6279.941406  1.32831e+05  3.20055e-07
 120.379677   6459.188477  1.53598e+05  3.59764e-07
  96.379677   6644.084961  1.70891e+05  3.89088e-07
  74.120163   6817.012207  1.84593e+05  4.09604e-07
  53.301922   7061.277344  1.98036e+05  4.24038e-07
  34.150242   7302.383789  2.05655e+05  4.25442e-07
  15.956960   7568.614258  2.07447e+05  4.13802e-07
   0.000000   8020.329590  2.19356e+05  4.12034e-07
