1947.097168   3049.489990  1.00974e+00  4.64742e-12
1945.003174   3140.399170  1.14653e+00  5.20844e-12
1942.545288   3247.410400  1.31945e+00  5.89204e-12
1939.830933   3366.181641  1.53453e+00  6.69597e-12
1937.225098   3481.391113  1.80424e+00  7.60174e-12
1934.392212   3607.298096  2.14707e+00  8.68894e-12
1931.163086   3751.138916  2.56836e+00  9.97947e-12
1927.837769   3901.891602  3.06716e+00  1.14315e-11
1924.439819   4061.294189  3.63548e+00  1.30603e-11
1920.657715   4230.391113  4.26714e+00  1.48480e-11
1917.187500   4363.619141  4.80870e+00  1.63680e-11
1913.769287   4460.640625  5.23088e+00  1.75841e-11
1909.814697   4533.982910  5.59220e+00  1.86514e-11
1905.499146   4540.745605  5.74254e+00  1.91567e-11
1899.979736   4519.331543  5.83169e+00  1.95449e-11
1892.372803   4478.890137  5.90772e+00  1.99678e-11
1880.718140   4355.738281  5.72664e+00  1.98595e-11
1859.453003   4210.506348  5.50866e+00  1.98172e-11
1818.517578   4090.865967  5.21479e+00  1.93027e-11
1808.517578   4075.359131  5.08492e+00  1.88940e-11
1798.517578   3923.803467  4.56632e+00  1.73937e-11
1788.517578   3622.861328  3.58285e+00  1.46361e-11
1768.517578   3042.522705  2.08350e+00  1.00620e-11
1758.517578   2784.226562  1.50342e+00  8.17926e-12
1748.517578   2814.416748  1.64799e+00  8.87039e-12
1738.517578   2844.607178  1.80429e+00  9.60787e-12
1728.517578   3164.470215  2.96391e+00  1.37095e-11
1718.517578   3522.032959  4.37421e+00  1.85849e-11
1691.700806   4072.062500  9.27254e+00  3.44405e-11
1663.382568   3880.796387  1.10503e+01  4.31137e-11
1635.420288   3695.613037  1.20510e+01  4.93696e-11
1605.288330   3571.099854  1.37186e+01  5.81926e-11
1575.268311   3684.842041  1.75082e+01  7.19676e-11
1547.787231   3902.704834  2.25541e+01  8.75359e-11
1519.854248   3925.766113  2.62604e+01  1.01254e-10
1487.358032   4107.477539  2.93876e+01  1.08321e-10
1458.517578   4022.623535  3.23345e+01  1.21642e-10
1448.517578   3936.448486  3.26263e+01  1.25346e-10
1438.517578   3765.020020  3.20636e+01  1.28642e-10
1428.517578   3719.147705  3.27664e+01  1.33074e-10
1418.517578   3919.459473  4.21875e+01  1.62334e-10
1396.554565   4066.287354  7.60035e+01  2.83168e-10
1382.562988   4025.729980  9.36448e+01  3.52196e-10
1368.032837   3981.267090  9.97886e+01  3.79325e-10
1348.876587   3924.688477  8.89589e+01  3.41642e-10
1313.486572   4040.645508  7.25420e+01  2.71407e-10
1257.362427   3997.617920  7.86578e+01  2.97819e-10
1209.815918   4076.023438  1.13551e+02  4.21713e-10
1173.784180   4254.294434  1.70837e+02  6.05220e-10
1152.135254   4246.151855  2.48468e+02  8.86438e-10
1135.802368   4133.571777  3.11439e+02  1.14323e-09
1121.534180   4016.521240  3.77057e+02  1.42172e-09
1107.221069   3883.050781  4.36258e+02  1.70286e-09
1091.594727   3784.697266  5.17778e+02  2.07263e-09
1074.186523   3694.739014  6.20176e+02  2.54188e-09
1055.832031   3692.631104  7.46769e+02  3.06242e-09
1036.824463   3659.804443  8.70145e+02  3.60165e-09
1016.577576   3651.532715  1.03913e+03  4.31280e-09
 996.134338   3620.415771  1.27854e+03  5.35561e-09
 974.739685   3575.756592  1.53846e+03  6.53560e-09
 951.508240   3568.177734  1.81490e+03  7.72306e-09
 929.369385   3656.420166  2.06355e+03  8.56208e-09
 909.870483   3793.933594  2.22236e+03  8.87849e-09
 891.679749   3947.687988  2.30996e+03  8.86830e-09
 872.778748   4096.990723  2.40010e+03  8.86911e-09
 852.359985   4230.448242  2.58052e+03  9.23457e-09
 830.037842   4310.415039  2.86527e+03  1.00628e-08
 806.887146   4375.902832  3.37612e+03  1.16759e-08
 785.284729   4472.095703  4.12588e+03  1.39638e-08
 764.974731   4520.607910  4.87033e+03  1.63222e-08
 743.994934   4570.439941  5.48751e+03  1.81808e-08
 721.549622   4666.252930  6.15177e+03  1.99600e-08
 693.722107   4770.110352  6.03763e+03  1.91385e-08
 659.900146   4617.324219  6.88961e+03  2.25903e-08
 628.653748   4608.027344  8.61272e+03  2.83034e-08
 599.909119   4576.287598  9.87658e+03  3.26795e-08
 570.711670   4612.491699  1.18155e+04  3.87946e-08
 541.623657   4594.042480  1.34671e+04  4.43917e-08
 512.225891   4644.374512  1.58592e+04  5.17229e-08
 482.763855   4675.108887  1.83351e+04  5.93987e-08
 453.631042   4722.132812  2.15367e+04  6.90843e-08
 424.409607   4772.432617  2.50286e+04  7.94485e-08
 395.009766   4835.537109  2.91201e+04  9.12183e-08
 365.456329   4912.110352  3.37693e+04  1.04138e-07
 335.478088   4999.155762  3.91161e+04  1.18506e-07
 304.974548   5097.927734  4.51720e+04  1.34187e-07
 273.806396   5217.235840  5.22024e+04  1.51528e-07
 242.225281   5353.567383  6.03259e+04  1.70623e-07
 210.662720   5497.789551  6.96102e+04  1.91694e-07
 179.723358   5654.060059  8.00927e+04  2.14427e-07
 150.445755   5822.185547  9.15282e+04  2.37958e-07
 123.356163   6006.000000  1.02979e+05  2.59514e-07
  98.474403   6212.188965  1.13489e+05  2.76460e-07
  76.542557   6454.746094  1.23344e+05  2.89129e-07
  57.662079   6770.044922  1.32199e+05  2.95300e-07
  42.025440   7040.581055  1.39546e+05  2.99422e-07
  28.887520   7455.556152  1.45304e+05  2.94446e-07
  18.755520   7866.321777  1.49541e+05  2.86364e-07
  12.753120   8435.803711  1.51863e+05  2.70232e-07
   7.694240   9068.073242  1.53778e+05  2.52226e-07
   3.993280   9424.003906  1.55136e+05  2.42224e-07
   0.000000   9773.428711  1.56529e+05  2.32511e-07
