1986.612427   4572.164551  7.51524e+00  2.49057e-11
1986.501587   4571.154297  7.51988e+00  2.49270e-11
1986.355347   4569.822754  7.52600e+00  2.49552e-11
1986.162720   4568.067383  7.53406e+00  2.49922e-11
1985.908691   4565.752930  7.54470e+00  2.50410e-11
1985.573730   4562.702148  7.55872e+00  2.51054e-11
1985.132202   4558.680664  7.57720e+00  2.51903e-11
1984.550293   4553.378906  7.60156e+00  2.53022e-11
1983.783081   4546.389648  7.63367e+00  2.54497e-11
1982.771484   4537.176758  7.67601e+00  2.56441e-11
1981.438232   4525.031250  7.73182e+00  2.59004e-11
1979.680664   4509.020508  7.80539e+00  2.62383e-11
1977.363525   4487.914062  7.90237e+00  2.66837e-11
1974.086182   4458.659180  8.02724e+00  2.72695e-11
1969.544922   4419.806641  8.18361e+00  2.80373e-11
1963.232422   4371.695312  8.28750e+00  2.87019e-11
1954.359497   4310.196289  8.33387e+00  2.92724e-11
1941.814087   4235.392090  8.33522e+00  2.97886e-11
1924.248291   4164.944336  8.24504e+00  2.99827e-11
1901.185913   4170.583984  8.44177e+00  3.06532e-11
1871.227783   4088.965088  8.56337e+00  3.17101e-11
1836.796509   4108.182617  1.04989e+01  3.87077e-11
1801.397583   3849.617676  1.06559e+01  4.18715e-11
1767.407837   3988.955811  1.63850e+01  6.19334e-11
1744.744995   4374.102539  2.66536e+01  9.20482e-11
1730.072510   4642.881836  3.43493e+01  1.11911e-10
1718.911987   4785.958008  3.78417e+01  1.19802e-10
1708.678223   4904.498047  4.04982e+01  1.25107e-10
1697.610107   4937.259277  4.00562e+01  1.22900e-10
1682.703003   4946.530273  3.76511e+01  1.15301e-10
1661.937866   4968.695801  3.43220e+01  1.04622e-10
1627.236938   4841.404785  3.21199e+01  1.00464e-10
1596.960938   4769.431152  3.57152e+01  1.13427e-10
1566.960938   4492.879395  4.03998e+01  1.36291e-10
1556.960938   4392.063477  4.29523e+01  1.48212e-10
1546.960938   4362.601562  4.72461e+01  1.63966e-10
1536.960938   4403.366211  5.33159e+01  1.83307e-10
1526.960938   4456.160156  6.03420e+01  2.04990e-10
1516.960938   4536.144043  6.86281e+01  2.28915e-10
1472.488525   4462.424805  9.12094e+01  3.08990e-10
1446.960938   4209.978027  9.66902e+01  3.47700e-10
1436.960938   4204.192871  1.00101e+02  3.60416e-10
1394.254272   4187.191406  1.19823e+02  4.33399e-10
1336.960938   4105.787109  1.16214e+02  4.28179e-10
1326.960938   4049.140869  1.09970e+02  4.10723e-10
1316.960938   4008.637451  1.01033e+02  3.81046e-10
1306.960938   3939.181885  8.75502e+01  3.35400e-10
1296.960938   3897.979736  6.98823e+01  2.70338e-10
1286.960938   3942.616699  5.73715e+01  2.20265e-10
1276.960938   4030.800781  6.03450e+01  2.26390e-10
1266.960938   4125.039062  6.81887e+01  2.49949e-10
1256.960938   4330.074707  1.30475e+02  4.48544e-10
1233.705078   4484.600586  3.63179e+02  1.22616e-09
1222.392334   4496.345215  4.72593e+02  1.59121e-09
1209.750732   4516.110352  4.60365e+02  1.54279e-09
1190.781860   4564.865234  4.20265e+02  1.39325e-09
1163.164673   4571.656738  4.37661e+02  1.44892e-09
1133.469971   4520.538086  4.67780e+02  1.56598e-09
1094.680908   4475.875488  5.03513e+02  1.70298e-09
1064.341553   4438.045898  7.12075e+02  2.42837e-09
1039.833008   4489.541504  8.58025e+02  2.89215e-09
1014.624146   4424.529297  9.42586e+02  3.22444e-09
 988.026001   4354.392090  1.05203e+03  3.65674e-09
 959.492065   4292.706055  1.16630e+03  4.11244e-09
 930.840576   4305.826660  1.40459e+03  4.93788e-09
 904.230713   4393.299316  1.71152e+03  5.89557e-09
 878.536255   4490.742188  2.00688e+03  6.76332e-09
 851.514404   4567.306152  2.26206e+03  7.49738e-09
 823.377136   4500.366211  2.63299e+03  8.86146e-09
 796.803894   4450.217773  3.11996e+03  1.06147e-08
 770.341064   4446.550781  3.56856e+03  1.21512e-08
 742.675293   4446.996094  4.04433e+03  1.37699e-08
 713.825012   4437.569336  4.60822e+03  1.57246e-08
 683.853577   4444.867676  5.28739e+03  1.80105e-08
 653.512939   4480.687500  6.18172e+03  2.08902e-08
 623.633301   4540.386719  7.30143e+03  2.43486e-08
 594.529785   4612.591309  8.65033e+03  2.83953e-08
 566.062561   4676.885254  1.01805e+04  3.29588e-08
 537.709778   4730.634766  1.18543e+04  3.79450e-08
 509.103668   4780.586426  1.37556e+04  4.35692e-08
 480.140320   4832.872070  1.59676e+04  5.00308e-08
 451.020477   4890.714355  1.86475e+04  5.77347e-08
 422.119843   4966.783691  2.19981e+04  6.70604e-08
 393.730713   5041.752930  2.59869e+04  7.80432e-08
 365.848969   5113.455078  3.05695e+04  9.05180e-08
 338.496002   5178.593750  3.59819e+04  1.05213e-07
 311.516327   5236.986816  4.20523e+04  1.21587e-07
 284.573120   5285.736816  4.86476e+04  1.39368e-07
 257.112488   5317.410156  5.56070e+04  1.58359e-07
 228.430405   5344.795898  6.26711e+04  1.77571e-07
 197.785446   5412.484863  6.98595e+04  1.95450e-07
 164.768005   5483.500488  7.77975e+04  2.14857e-07
 130.962082   5685.633789  8.71714e+04  2.32118e-07
  98.616318   5946.188965  9.74871e+04  2.48150e-07
  70.869278   6261.740723  1.06546e+05  2.57471e-07
  49.611359   6643.633301  1.14904e+05  2.61611e-07
  34.116638   7094.223633  1.21054e+05  2.58033e-07
  25.056801   7808.372559  1.23335e+05  2.39110e-07
  19.321280   8391.225586  1.24316e+05  2.22765e-07
  15.162080   8826.983398  1.24918e+05  2.10883e-07
  11.564000   9189.440430  1.25377e+05  2.01473e-07
   7.743840   9530.417969  1.25920e+05  1.92839e-07
   4.128640   9747.885742  1.26564e+05  1.87854e-07
   0.000000   9943.509766  1.27353e+05  1.83677e-07
