2064.448486   2591.726318  2.03294e-01  1.18987e-12
2040.158447   2896.526367  3.57810e-01  1.85251e-12
2029.372925   3058.801025  4.54248e-01  2.24828e-12
2019.933716   3156.792725  5.11706e-01  2.45494e-12
2009.848999   3221.908447  5.52404e-01  2.59492e-12
1996.190552   3154.789307  5.06234e-01  2.42464e-12
1976.701904   3202.469727  5.42985e-01  2.56730e-12
1958.101074   3407.150879  7.31690e-01  3.23874e-12
1940.976685   3614.495361  9.75405e-01  4.08526e-12
1922.784790   3703.596191  1.18264e+00  4.83625e-12
1902.804321   3711.242188  1.38000e+00  5.63174e-12
1881.717163   3778.414062  1.74545e+00  6.99632e-12
1860.773438   3833.995605  2.24722e+00  8.87602e-12
1840.107788   3799.156494  2.76069e+00  1.10076e-11
1819.676147   3663.738037  3.23917e+00  1.33988e-11
1798.844971   3419.613525  3.61950e+00  1.60412e-11
1769.408325   3081.765381  4.43656e+00  2.17902e-11
1745.593262   3328.316162  8.16270e+00  3.69853e-11
1733.718262   3596.923828  1.16506e+01  4.86255e-11
1723.814087   3753.644287  1.43220e+01  5.76715e-11
1713.557617   3831.827148  1.66393e+01  6.57611e-11
1702.296631   3816.794434  1.84240e+01  7.30657e-11
1689.162720   3611.123779  1.86168e+01  7.80089e-11
1678.865479   3373.090576  1.82402e+01  8.16715e-11
1668.865479   3018.526855  1.69308e+01  8.44893e-11
1648.865479   2637.719238  1.84317e+01  1.06478e-10
1638.865479   2579.085205  2.11696e+01  1.26054e-10
1628.865479   2859.390869  3.04704e+01  1.58797e-10
1618.865479   3196.340088  4.21508e+01  1.98268e-10
1608.563721   3406.933594  5.96819e+01  2.61793e-10
1601.879639   3525.613770  7.38529e+01  3.14121e-10
1595.918701   3585.349854  8.60620e+01  3.61762e-10
1589.799805   3610.401123  9.71305e+01  4.07058e-10
1583.116333   3608.757568  1.06483e+02  4.46976e-10
1575.449585   3612.078613  1.15122e+02  4.82421e-10
1566.566772   3640.239990  1.22401e+02  5.08636e-10
1556.250854   3682.641602  1.27143e+02  5.22539e-10
1543.302856   3686.237793  1.25748e+02  5.16655e-10
1524.749878   3715.742676  1.16349e+02  4.74165e-10
1501.185791   3843.307373  1.23172e+02  4.85082e-10
1475.454224   3839.676758  1.38897e+02  5.47780e-10
1449.535034   3875.732666  1.72706e+02  6.74016e-10
1427.127319   3954.147217  2.13151e+02  8.15861e-10
1402.402710   4024.241943  1.99426e+02  7.50602e-10
1357.664673   4053.103760  1.95305e+02  7.29225e-10
1324.656006   4144.527344  3.08804e+02  1.12766e-09
1297.784180   4193.762207  3.56937e+02  1.28814e-09
1270.693237   4309.873535  4.33433e+02  1.52187e-09
1241.547363   4379.354492  4.57196e+02  1.58020e-09
1210.601929   4485.242676  5.96934e+02  2.01465e-09
1184.428589   4505.825684  6.98024e+02  2.34452e-09
1155.463989   4544.715332  7.85645e+02  2.61547e-09
1126.895630   4656.715332  9.43484e+02  3.06635e-09
1098.750610   4773.642578  1.11474e+03  3.53331e-09
1072.792358   4830.959961  1.36555e+03  4.27823e-09
1047.870605   4837.816895  1.57315e+03  4.92185e-09
1022.003052   4854.357910  1.79437e+03  5.59497e-09
 995.110657   4862.712891  2.03935e+03  6.34829e-09
 967.822815   4888.157227  2.38109e+03  7.37278e-09
 940.823364   4929.095703  2.79396e+03  8.57929e-09
 914.898315   4946.185547  3.31012e+03  1.01301e-08
 888.535095   4877.073242  3.76248e+03  1.16771e-08
 862.526184   4836.718750  4.50640e+03  1.41032e-08
 837.603516   4804.052246  5.24354e+03  1.65224e-08
 811.800964   4718.239258  5.80417e+03  1.86273e-08
 785.958069   4647.645508  6.91313e+03  2.25220e-08
 760.805298   4621.680176  7.92335e+03  2.59576e-08
 734.461731   4593.982910  8.93624e+03  2.94645e-08
 707.411682   4561.731934  1.04453e+04  3.46796e-08
 680.387817   4570.406250  1.21640e+04  4.03094e-08
 653.387390   4590.233398  1.41608e+04  4.67273e-08
 626.251831   4625.383789  1.64804e+04  5.39686e-08
 599.082397   4669.434082  1.92005e+04  6.22828e-08
 571.892456   4726.064941  2.23549e+04  7.16468e-08
 544.593445   4795.470703  2.60200e+04  8.21917e-08
 517.187988   4873.409180  3.02874e+04  9.41312e-08
 489.563354   4958.328125  3.51046e+04  1.07242e-07
 461.498230   5046.904785  4.05547e+04  1.21698e-07
 432.769592   5141.249023  4.66973e+04  1.37557e-07
 403.123535   5233.232422  5.33002e+04  1.54227e-07
 372.114075   5336.269531  6.03393e+04  1.71218e-07
 339.558563   5460.125977  6.75776e+04  1.87423e-07
 305.759033   5621.536133  7.57776e+04  2.04098e-07
 272.356964   5775.328613  8.58857e+04  2.25119e-07
 240.390884   5896.243652  9.68885e+04  2.48795e-07
 209.012802   6013.916504  1.08998e+05  2.74355e-07
 178.257278   6147.018066  1.20192e+05  2.95958e-07
 148.627518   6273.474609  1.31569e+05  3.17396e-07
 119.296318   6474.447754  1.44199e+05  3.37016e-07
  93.028801   6686.246582  1.57331e+05  3.56013e-07
  69.732323   6937.734863  1.68590e+05  3.67521e-07
  49.493118   7270.532715  1.73590e+05  3.60826e-07
  30.949280   7492.694336  1.74522e+05  3.51542e-07
  12.398880   7946.449219  1.68513e+05  3.20477e-07
   0.000000   8706.645508  1.61380e+05  2.78466e-07
