1933.442383   4022.286377  4.16683e-01  1.56934e-12
1928.567871   4043.476074  4.25430e-01  1.59432e-12
1922.477905   4062.803223  4.32227e-01  1.61218e-12
1914.921875   4084.690430  4.39711e-01  1.63081e-12
1904.515991   4027.832275  4.15628e-01  1.55755e-12
1871.776855   3576.746094  2.51839e-01  1.05856e-12
1861.776855   3399.776855  2.07602e-01  9.14650e-13
1851.776855   3220.029297  1.67766e-01  7.79082e-13
1831.776855   2834.337402  1.06417e-01  5.56902e-13
1821.776855   2664.623047  8.26315e-02  4.68694e-13
1811.776855   2572.123779  7.73974e-02  4.53159e-13
1801.776855   2489.970947  7.22691e-02  4.39443e-13
1791.776855   2548.658936  9.24138e-02  5.47564e-13
1781.776855   2607.347168  1.15083e-01  6.68179e-13
1771.776855   2849.498779  2.07587e-01  1.06348e-12
1761.776855   3118.781738  3.23176e-01  1.54906e-12
1751.776855   3431.595703  5.38798e-01  2.30470e-12
1729.377075   4065.212891  1.20899e+00  4.47554e-12
1717.890503   4248.408203  1.58982e+00  5.64666e-12
1707.840332   4312.593750  1.85218e+00  6.50535e-12
1696.718750   4303.483398  2.08565e+00  7.34088e-12
1681.578369   4129.249512  2.15654e+00  7.89896e-12
1641.776855   3178.760498  1.63498e+00  7.76974e-12
1631.776855   3009.022461  1.59739e+00  8.02282e-12
1621.776855   2929.320312  1.69730e+00  8.77457e-12
1611.776855   2943.213379  1.96428e+00  1.01065e-11
1601.776855   3005.340088  2.36406e+00  1.18616e-11
1591.776855   3183.828613  3.09211e+00  1.46005e-11
1575.199341   3554.386230  4.73947e+00  2.00397e-11
1560.183472   3974.205322  6.80644e+00  2.58983e-11
1545.308350   4194.995117  8.50601e+00  3.06796e-11
1530.477173   4267.146973  9.73884e+00  3.45695e-11
1513.550659   4228.111328  1.06442e+01  3.81280e-11
1492.917969   4141.057129  1.12856e+01  4.12716e-11
1466.940430   4069.013916  1.12888e+01  4.20049e-11
1421.776855   3760.811523  9.14621e+00  3.64811e-11
1411.776855   3529.919922  8.05061e+00  3.42109e-11
1401.776855   3374.315186  7.05261e+00  3.14439e-11
1391.776855   3252.172852  6.32139e+00  2.91174e-11
1381.776855   3222.724121  5.61131e+00  2.63424e-11
1371.776855   3360.138428  5.84590e+00  2.63266e-11
1361.776855   3467.580078  6.21421e+00  2.71000e-11
1351.776855   3563.328369  7.44049e+00  3.15451e-11
1306.153320   3664.409424  1.55917e+01  6.44282e-11
1275.962280   3722.943604  2.11401e+01  8.59777e-11
1249.218750   3798.697266  2.69260e+01  1.07342e-10
1223.582031   3905.590820  3.21807e+01  1.24693e-10
1194.354858   3806.445312  3.26157e+01  1.29673e-10
1160.287476   3836.155029  4.11549e+01  1.62119e-10
1138.631592   3955.836670  6.97922e+01  2.66699e-10
1124.051270   4012.249512  9.42949e+01  3.55383e-10
1081.776855   4009.305664  1.93136e+01  7.28208e-11
1071.776855   4013.106445  1.18085e+01  4.45713e-11
1051.776855   4094.731445  1.01538e+01  3.73932e-11
1041.776855   4330.628418  1.54594e+01  5.33038e-11
1031.776855   4616.718262  2.29942e+01  7.54577e-11
1021.776794   4587.845215  3.13694e+01  1.03750e-10
1011.776794   4540.281738  3.86650e+01  1.28900e-10
1001.776794   4379.631836  4.19072e+01  1.45257e-10
 991.776794   4201.603516  4.62238e+01  1.66636e-10
 981.776794   4031.113037  4.87068e+01  1.83136e-10
 961.776794   3781.223633  5.56429e+01  2.22377e-10
 951.776794   3866.331299  7.21621e+01  2.81398e-10
 935.844543   4111.109863  1.27426e+02  4.67825e-10
 921.018616   4240.895996  1.96553e+02  7.00841e-10
 910.491821   4241.356934  2.60609e+02  9.30797e-10
 901.251343   4224.330078  3.09228e+02  1.10842e-09
 891.629761   4215.228027  3.34656e+02  1.20171e-09
 880.334229   4278.696289  3.57555e+02  1.26452e-09
 866.580383   4382.062500  3.82612e+02  1.32154e-09
 849.855835   4431.030762  4.05474e+02  1.38521e-09
 830.196777   4489.739746  4.44550e+02  1.49911e-09
 807.884827   4592.656738  4.79115e+02  1.57959e-09
 780.691101   4568.073242  5.27381e+02  1.74747e-09
 753.883057   4526.647949  5.93943e+02  1.98637e-09
 724.868530   4488.771973  6.86783e+02  2.31599e-09
 699.099304   4472.764648  8.77049e+02  2.96876e-09
 679.754822   4477.806641  1.23973e+03  4.19017e-09
 665.662109   4502.872559  1.60110e+03  5.38116e-09
 652.231628   4510.097656  1.80483e+03  6.05834e-09
 638.253540   4482.801758  2.06681e+03  6.98050e-09
 623.702393   4424.754883  2.29711e+03  7.86155e-09
 609.800964   4431.070801  3.03315e+03  1.03377e-08
 600.175171   4517.093750  4.38596e+03  1.46964e-08
 593.693420   4607.142090  6.13963e+03  2.01510e-08
 588.385925   4664.297852  7.69147e+03  2.48943e-08
 583.001892   4696.772461  8.87656e+03  2.86031e-08
 577.411865   4698.662109  9.62487e+03  3.10201e-08
 570.845947   4696.034180  1.01464e+04  3.27179e-08
 562.841919   4698.208496  1.05096e+04  3.38719e-08
 553.017578   4707.245605  1.09690e+04  3.52846e-08
 541.160828   4710.476562  1.15966e+04  3.72778e-08
 527.189148   4718.124023  1.24047e+04  3.98111e-08
 511.030731   4726.888672  1.33916e+04  4.28997e-08
 492.616974   4733.278809  1.45821e+04  4.66517e-08
 472.007355   4742.454590  1.60087e+04  5.11198e-08
 449.244324   4752.704590  1.77105e+04  5.64369e-08
 424.381775   4759.623535  1.97144e+04  6.27303e-08
 397.717133   4792.320801  2.23307e+04  7.05719e-08
 369.935028   4850.956055  2.56251e+04  8.00031e-08
 341.298248   4922.760742  2.94585e+04  9.06233e-08
 311.961761   5012.689453  3.39962e+04  1.02698e-07
 281.990234   5117.895020  3.93092e+04  1.16306e-07
 251.471848   5231.424805  4.54283e+04  1.31507e-07
 220.600327   5356.497070  5.23862e+04  1.48067e-07
 189.974396   5513.925293  6.08593e+04  1.67085e-07
 160.873596   5685.686523  7.02747e+04  1.87111e-07
 133.681442   5861.094238  7.99758e+04  2.06528e-07
 108.933441   6064.558105  8.94562e+04  2.23218e-07
  86.994560   6293.198730  9.76528e+04  2.34775e-07
  68.092484   6583.010254  1.04770e+05  2.40689e-07
  52.439838   6895.083008  1.10267e+05  2.41795e-07
  39.071522   7198.664062  1.15002e+05  2.41487e-07
  28.794559   7674.443848  1.17600e+05  2.31685e-07
  21.385599   8262.390625  1.18840e+05  2.16219e-07
  16.365761   8696.980469  1.19608e+05  2.05400e-07
  11.559840   9124.212891  1.20327e+05  1.94876e-07
   8.032160   9485.815430  1.20800e+05  1.86068e-07
   4.069600   9835.803711  1.21369e+05  1.77701e-07
   0.000000  10038.507812  1.22020e+05  1.73303e-07
