2092.447998   3539.011719  8.78800e-02  3.74713e-13
2059.529541   3131.198486  7.84803e-02  3.79118e-13
2021.791382   3091.096680  1.25735e-01  6.15166e-13
1995.551392   3260.596191  2.22784e-01  1.03295e-12
1976.193115   3432.919189  3.47503e-01  1.52836e-12
1959.045654   3588.129639  4.99556e-01  2.10368e-12
1942.733887   3735.505371  6.85190e-01  2.77455e-12
1926.976929   3883.636475  9.07393e-01  3.53342e-12
1911.826904   4015.956543  1.14601e+00  4.31609e-12
1897.433472   4133.755859  1.38994e+00  5.09065e-12
1883.654541   4235.345215  1.61951e+00  5.78947e-12
1870.186523   4314.994141  1.83592e+00  6.44364e-12
1856.431885   4378.684082  2.04376e+00  7.06961e-12
1841.668457   4419.137207  2.23803e+00  7.67132e-12
1824.941284   4441.144531  2.41021e+00  8.22067e-12
1804.345581   4417.633301  2.52444e+00  8.65281e-12
1751.316528   4004.781494  2.34612e+00  8.86258e-12
1741.316528   3931.053955  2.32358e+00  8.94870e-12
1731.316528   3880.955078  2.32890e+00  9.08370e-12
1721.316528   3844.993896  2.36027e+00  9.29804e-12
1681.316528   3936.063965  2.88269e+00  1.10850e-11
1671.316528   4034.793457  2.98963e+00  1.12136e-11
1631.316528   4412.263672  4.64488e+00  1.59320e-11
1621.316528   4238.654785  5.36883e+00  1.92451e-11
1611.316528   3934.363037  5.61545e+00  2.16653e-11
1601.316528   3505.812988  5.14658e+00  2.22502e-11
1591.316528   3256.435547  4.76609e+00  2.21693e-11
1581.316528   3161.962158  4.28822e+00  2.05338e-11
1571.316528   3288.755615  3.92244e+00  1.80408e-11
1561.316528   3422.510742  3.85202e+00  1.70322e-11
1551.316528   3537.565186  3.79343e+00  1.62240e-11
1541.316528   3612.681396  4.09580e+00  1.71493e-11
1481.921631   3741.795166  9.10828e+00  3.68621e-11
1457.695190   3694.206299  1.62859e+01  6.67347e-11
1442.992432   3694.545410  2.46753e+01  1.01104e-10
1432.334595   3694.586670  3.61309e+01  1.48133e-10
1424.067017   3692.181152  4.82016e+01  1.97886e-10
1417.206055   3692.928223  6.32124e+01  2.59145e-10
1411.009888   3698.607910  8.20192e+01  3.34980e-10
1405.981079   3709.300293  1.02665e+02  4.17964e-10
1400.895020   3723.034424  1.23830e+02  5.02630e-10
1395.942383   3734.988525  1.41650e+02  5.73637e-10
1389.933960   3744.672852  1.49051e+02  6.02413e-10
1382.312378   3748.739746  1.38605e+02  5.59568e-10
1369.928955   3737.496338  1.12479e+02  4.55146e-10
1329.644531   3696.237061  6.00359e+01  2.45856e-10
1264.959717   3795.962402  6.12420e+01  2.44193e-10
1149.153809   3951.010742  7.10060e+01  2.71907e-10
1108.328125   4042.239990  1.87113e+02  7.00458e-10
1090.880249   4073.891113  2.62330e+02  9.74386e-10
1075.792725   4114.894043  3.07207e+02  1.12991e-09
1059.691650   4157.336426  3.38898e+02  1.23378e-09
1041.041870   4198.603516  3.62660e+02  1.30715e-09
1019.166504   4251.264160  3.95279e+02  1.40685e-09
 996.783142   4307.205078  5.02949e+02  1.76736e-09
 979.864136   4332.810059  6.94433e+02  2.42580e-09
 965.527527   4367.377441  8.20419e+02  2.84295e-09
 949.152344   4405.572266  8.05042e+02  2.76554e-09
 911.108215   4449.308105  4.81302e+02  1.63720e-09
 862.739502   4476.350586  8.59581e+02  2.90693e-09
 837.133118   4479.963379  1.17036e+03  3.95361e-09
 811.205261   4513.323242  1.18853e+03  3.98630e-09
 768.814087   4651.536133  9.65505e+02  3.14618e-09
 707.452148   4928.362793  1.43792e+03  4.41726e-09
 682.226257   4913.010254  2.66792e+03  8.23439e-09
 668.605774   4891.918457  3.63846e+03  1.12555e-08
 655.104004   4833.578613  3.83520e+03  1.20015e-08
 633.978088   4837.999512  2.70094e+03  8.45354e-09
 561.316467   5314.459961  1.90768e+03  5.43493e-09
 551.316467   5338.918457  1.77994e+03  5.04618e-09
 541.316467   5336.368652  1.61683e+03  4.58628e-09
 531.316467   5329.453613  1.63135e+03  4.63201e-09
 521.316467   5311.792480  1.78107e+03  5.07575e-09
 481.316467   5005.095215  2.31991e+03  7.01539e-09
 471.316467   4929.060547  2.44410e+03  7.50591e-09
 461.316467   4920.419434  2.77583e+03  8.53900e-09
 451.316467   4919.168945  3.20046e+03  9.84789e-09
 416.032318   4951.484863  8.15020e+03  2.49002e-08
 402.413910   4968.792969  1.01673e+04  3.09756e-08
 388.720306   4976.858887  1.11861e+04  3.40141e-08
 373.465607   4957.293945  1.22590e+04  3.74374e-08
 356.660950   4930.054688  1.33670e+04  4.10892e-08
 336.706573   4949.757812  1.35310e+04  4.14275e-08
 301.741760   5179.482910  1.05390e+04  3.07998e-08
 247.795044   5334.045898  1.10910e+04  3.14483e-08
 212.056168   5419.181152  2.04519e+04  5.70806e-08
 190.378082   5528.006836  2.37778e+04  6.51164e-08
 158.022247   5634.608398  1.56070e+04  4.19485e-08
 111.526077   5995.024414  1.70786e+04  4.31383e-08
  76.589920   6102.206543  1.85471e+04  4.59725e-08
  51.062721   6187.651855  4.13110e+04  1.01816e-07
  42.705441   6065.611328  8.14176e+04  2.04782e-07
  36.607521   5964.287598  1.13387e+05  2.89673e-07
  31.104959   5953.226074  1.39452e+05  3.53776e-07
  27.814720   6252.351562  1.50287e+05  3.60317e-07
  23.999519   6646.675781  1.62780e+05  3.67517e-07
  20.955999   7027.647949  1.72622e+05  3.71641e-07
  19.736481   7223.495117  1.76410e+05  3.69666e-07
  18.213600   7467.501953  1.81085e+05  3.67064e-07
  16.353121   7764.539062  1.86695e+05  3.63633e-07
  14.156160   8113.314941  1.93128e+05  3.59110e-07
  11.704640   8498.721680  1.99936e+05  3.53148e-07
  10.250720   8693.345703  2.01411e+05  3.47303e-07
   8.707360   8886.161133  2.02051e+05  3.40378e-07
   6.827680   9118.102539  2.02808e+05  3.31913e-07
   4.619360   9385.211914  2.03655e+05  3.21907e-07
   2.176160   9670.167969  2.04510e+05  3.10721e-07
   0.000000   9909.512695  2.04968e+05  3.00957e-07
