5892.184082   4380.168945  1.17343e-01  4.05528e-13
5886.917969   4366.184570  1.18714e-01  4.11761e-13
5879.475098   4327.632324  1.18704e-01  4.15509e-13
5862.523438   3906.704346  8.60268e-02  3.29035e-13
5734.765625   3555.941406  3.40824e-01  1.42113e-12
5719.022949   3882.330078  6.33296e-01  2.45835e-12
5707.189941   4046.062988  8.93464e-01  3.32891e-12
5697.299316   4168.851074  1.12907e+00  4.09956e-12
5688.073730   4255.147949  1.30516e+00  4.63897e-12
5678.922363   4331.712891  1.46466e+00  5.11883e-12
5669.305176   4383.393066  1.56738e+00  5.41555e-12
5657.980957   4395.184570  1.60802e+00  5.53991e-12
5640.852051   4230.938965  1.41990e+00  5.05258e-12
5545.593750   3761.765137  1.58404e+00  6.25646e-12
5517.034668   4151.463379  2.90844e+00  1.06133e-11
5468.677734   3080.426025  1.04118e+00  5.11671e-12
5270.166504   3381.897461  1.08255e+00  4.80264e-12
5213.598633   4268.068359  4.34748e+00  1.54151e-11
5182.162598   4017.266357  5.50592e+00  2.07670e-11
5118.833008   2832.839600  3.16947e+00  1.69438e-11
4877.378906   3926.016602  4.69789e+00  1.81191e-11
4813.588379   4164.431641  6.57381e+00  2.39103e-11
4756.659668   4585.568848  8.19773e+00  2.70695e-11
4730.386719   4833.504395  8.87446e+00  2.78050e-11
4706.475098   4957.500000  8.00628e+00  2.44577e-11
4549.859375   3395.070068  4.92556e+00  2.20146e-11
4407.526855   3711.484375  2.29662e+01  9.35427e-11
4375.283691   3769.464844  2.72191e+01  1.09277e-10
4340.868164   3850.571045  3.10052e+01  1.21846e-10
4297.546387   4033.156006  2.85450e+01  1.07489e-10
4193.403320   3808.085449  8.91973e+01  3.51647e-10
4185.233887   3847.533447  1.41989e+02  5.58793e-10
4179.668945   3848.684326  1.86894e+02  7.35611e-10
4174.464844   3854.571533  2.24411e+02  8.80896e-10
4169.166504   3876.916260  2.54641e+02  9.93397e-10
4163.480957   3920.324463  2.77421e+02  1.06840e-09
4156.887207   3984.250000  2.94323e+02  1.11677e-09
4148.964355   4027.476807  3.04293e+02  1.14345e-09
4138.909668   4047.558350  3.08737e+02  1.15466e-09
4126.094727   4065.150146  3.17241e+02  1.18119e-09
4109.954590   4073.463623  3.21183e+02  1.19344e-09
4087.869385   4055.488770  3.08573e+02  1.15172e-09
4058.081543   4062.401367  3.12228e+02  1.16336e-09
4015.977051   3971.786865  2.64537e+02  1.00781e-09
3882.800537   4090.747070  2.14533e+02  7.93667e-10
3777.064209   4195.718262  2.67395e+02  9.64384e-10
3663.623047   4353.367188  3.08254e+02  1.07169e-09
3551.942383   4240.229004  3.51839e+02  1.25564e-09
3433.261963   4158.778320  3.83037e+02  1.39385e-09
3300.469482   4117.560059  4.35536e+02  1.60081e-09
3177.660889   4050.457764  5.36470e+02  2.00479e-09
3068.227295   4051.417969  6.71134e+02  2.50786e-09
2967.366699   4018.953125  8.13120e+02  3.06295e-09
2865.270020   4056.911621  9.32190e+02  3.47877e-09
2764.893066   4138.066895  1.12093e+03  4.10084e-09
2676.081055   4220.486816  1.40026e+03  5.02215e-09
2591.977539   4198.652832  1.59165e+03  5.73940e-09
2509.150146   4335.073730  2.08798e+03  7.28984e-09
2447.966797   4399.642578  2.74861e+03  9.46037e-09
2390.964111   4294.284180  3.19850e+03  1.12780e-08
2331.728760   4259.422852  3.63320e+03  1.29147e-08
2269.892822   4251.140137  4.17158e+03  1.48614e-08
2204.684814   4240.928223  4.75661e+03  1.69871e-08
2135.570312   4227.352539  5.40513e+03  1.93669e-08
2062.309326   4235.519531  6.15831e+03  2.20275e-08
1985.361572   4259.309082  6.95147e+03  2.47250e-08
1904.614990   4319.748535  7.86741e+03  2.75902e-08
1822.552002   4409.746582  9.01416e+03  3.09647e-08
1739.011841   4463.944336  1.02701e+04  3.48463e-08
1654.209961   4522.774902  1.20014e+04  4.01899e-08
1570.926025   4576.953125  1.39970e+04  4.63203e-08
1488.154297   4631.838867  1.64542e+04  5.38043e-08
1404.410522   4647.661133  1.87380e+04  6.10747e-08
1314.963501   4656.578613  2.08222e+04  6.77446e-08
1216.747559   4713.781250  2.29623e+04  7.37987e-08
1110.406982   4807.172363  2.60435e+04  8.20712e-08
 998.831360   5049.049805  3.01128e+04  9.03313e-08
 887.009949   4979.112305  3.55593e+04  1.08173e-07
 779.037109   5021.617676  4.15615e+04  1.25363e-07
 674.484802   5269.519043  5.03172e+04  1.44599e-07
 562.313293   5258.323730  5.83644e+04  1.68114e-07
 453.825287   5378.209961  5.98764e+04  1.68576e-07
 334.856964   5656.290527  7.91274e+04  2.11769e-07
 262.192627   6152.617188  9.60120e+04  2.36183e-07
 214.934402   6541.735840  1.03564e+05  2.39532e-07
 172.631042   6706.910156  1.07922e+05  2.43445e-07
 132.684799   6996.903809  1.14451e+05  2.47225e-07
 102.033279   7504.540527  1.24153e+05  2.50187e-07
  79.112320   7642.517578  1.25284e+05  2.47448e-07
  45.717121   7457.073730  1.26885e+05  2.56976e-07
   0.000000   7537.334473  1.25323e+05  2.50955e-07
