6047.036133   3881.682373  4.47731e+00  1.74559e-11
6046.699707   3883.416748  4.49657e+00  1.75225e-11
6046.256836   3885.702881  4.52195e+00  1.76104e-11
6045.672363   3888.716797  4.55542e+00  1.77261e-11
6044.902344   3892.689697  4.59953e+00  1.78788e-11
6043.887207   3897.927246  4.65769e+00  1.80799e-11
6042.549316   3904.831543  4.73435e+00  1.83452e-11
6040.785156   3913.933105  4.83541e+00  1.86948e-11
6038.459473   3925.931396  4.96864e+00  1.91557e-11
6035.656738   3941.694336  5.13805e+00  1.97329e-11
6032.096680   3962.209229  5.34296e+00  2.04163e-11
6027.571777   3985.430908  5.56112e+00  2.11262e-11
6021.795898   3972.626953  5.55186e+00  2.11532e-11
6014.106934   3934.650879  5.37482e+00  2.06771e-11
6003.168457   3775.699219  4.55979e+00  1.81207e-11
5988.092285   3367.354492  2.60629e+00  1.16856e-11
5968.092285   3004.582764  1.42589e+00  7.18823e-12
5958.092285   3027.672852  1.48822e+00  7.44515e-12
5948.092285   3169.176025  1.95889e+00  9.21122e-12
5938.092285   3415.499512  2.82202e+00  1.24290e-11
5928.092285   3768.088379  4.58266e+00  1.79390e-11
5908.933594   4434.074219  8.28155e+00  2.81155e-11
5899.914062   4683.998047  9.63818e+00  3.11409e-11
5892.348145   4799.293945  9.56852e+00  3.02806e-11
5878.092285   4811.110352  7.97541e+00  2.49558e-11
5868.092285   4603.298828  5.61888e+00  1.82983e-11
5858.092285   4239.735840  3.56099e+00  1.22719e-11
5848.092285   3753.869873  1.73376e+00  6.72303e-12
5838.092285   3228.116211  8.41924e-01  3.62979e-12
5828.092285   2690.183105  2.21687e-01  1.22356e-12
5818.092285   2552.980225  1.43979e-01  8.40081e-13
5808.092285   2446.407471  8.86788e-02  5.48903e-13
5798.092285   2428.047607  7.85669e-02  4.89712e-13
5788.092285   2452.630371  7.88513e-02  4.85548e-13
5778.092285   2546.127930  9.67039e-02  5.73823e-13
5768.092285   2703.048828  1.32261e-01  7.31416e-13
5758.092285   2904.071289  1.81337e-01  9.41594e-13
5748.092285   2875.306885  1.73076e-01  9.08793e-13
5738.092285   2787.531006  1.49297e-01  8.11251e-13
5728.092285   2674.367920  1.26552e-01  7.12605e-13
5718.092285   2585.788330  1.08662e-01  6.36519e-13
5708.092285   2591.006104  1.14075e-01  6.66876e-13
5698.092285   2695.230957  1.50186e-01  8.27279e-13
5688.092285   2939.822998  2.32970e-01  1.18554e-12
5678.092285   3299.649170  4.23806e-01  1.86623e-12
5668.092285   3730.238770  6.86899e-01  2.76156e-12
5658.092285   3967.534668  9.26785e-01  3.51239e-12
5648.092285   4156.611816  1.16101e+00  4.23094e-12
5638.092285   4119.005371  1.21632e+00  4.47401e-12
5628.092285   4067.582275  1.25044e+00  4.65532e-12
5618.092285   3971.770996  1.21056e+00  4.61447e-12
5608.092285   3865.840332  1.14974e+00  4.49939e-12
5598.092285   3747.202881  1.06174e+00  4.28693e-12
5588.092285   3641.899902  9.87749e-01  4.10276e-12
5578.092285   3543.800781  9.18614e-01  3.92459e-12
5568.092285   3378.609619  7.99251e-01  3.56292e-12
5558.092285   3196.686523  6.65356e-01  3.14694e-12
5548.092285   2932.266602  5.03488e-01  2.55374e-12
5538.092285   2699.644775  3.64834e-01  2.03967e-12
5528.092285   2554.287842  2.99526e-01  1.76322e-12
5518.092285   2460.806152  2.62245e-01  1.61378e-12
5508.092285   2425.120117  2.59030e-01  1.61755e-12
5498.092285   2416.862549  2.79317e-01  1.75036e-12
5488.092285   2421.575195  3.13885e-01  1.96333e-12
5478.092285   2458.797607  3.95968e-01  2.43347e-12
5468.092285   2525.305664  5.25164e-01  3.10968e-12
5458.092285   2842.622559  1.03446e+00  5.33057e-12
5448.092285   3264.810303  1.94698e+00  8.55485e-12
5438.092285   3935.502686  3.81342e+00  1.40934e-11
5428.092285   4413.625977  5.35380e+00  1.82727e-11
5405.978027   4419.636719  5.52566e+00  1.86858e-11
5059.721191   3407.634277  1.05086e+01  4.53400e-11
5037.503906   3812.687500  2.71467e+01  1.07964e-10
5023.032227   3641.296143  3.21133e+01  1.33888e-10
5007.614258   3566.911865  3.80337e+01  1.61548e-10
4993.048340   3744.097412  4.78233e+01  1.93413e-10
4979.718262   3972.722656  5.63999e+01  2.15006e-10
4963.641113   3970.949707  5.59377e+01  2.11818e-10
4899.532227   3589.840332  4.77272e+01  2.00383e-10
4871.766602   3722.932373  5.96397e+01  2.42633e-10
4833.738281   3551.227783  5.10754e+01  2.18431e-10
4721.050781   3453.117188  4.53088e+01  1.98720e-10
4582.246582   3446.350098  6.21554e+01  2.73040e-10
4513.705566   3695.108643  7.37484e+01  3.01840e-10
4444.403320   3670.992920  7.44047e+01  3.06733e-10
4363.022949   3712.974609  8.41782e+01  3.43043e-10
4265.794434   3729.402100  7.75606e+01  3.14642e-10
4152.889160   3754.541504  1.05600e+02  4.25718e-10
4059.772461   3794.419434  1.34234e+02  5.35483e-10
3979.603516   3864.856689  1.67314e+02  6.55282e-10
3900.784668   3899.821289  1.95522e+02  7.58931e-10
3827.489502   3874.281982  2.35783e+02  9.21283e-10
3748.584717   3855.447510  2.60978e+02  1.02468e-09
3659.656250   3905.293457  2.81815e+02  1.09222e-09
3553.797363   3874.009033  2.97023e+02  1.16063e-09
3438.595947   3890.565430  3.55333e+02  1.38240e-09
3337.324463   3966.117188  4.60514e+02  1.75745e-09
3249.768066   4142.867676  5.49553e+02  2.00791e-09
3175.983154   4372.960938  7.73151e+02  2.67620e-09
3114.247314   4292.187012  9.30293e+02  3.28055e-09
3061.629395   4306.051270  1.17520e+03  4.13084e-09
3011.073486   4340.426758  1.37090e+03  4.78089e-09
2959.584717   4351.833496  1.55278e+03  5.40140e-09
2905.910400   4366.297852  1.77605e+03  6.15770e-09
2849.433838   4426.318359  2.00714e+03  6.86444e-09
2784.481689   4474.054199  2.09886e+03  7.10229e-09
2709.575684   4456.583984  2.32782e+03  7.90651e-09
2631.001709   4326.254883  2.77398e+03  9.71010e-09
2558.881348   4189.915527  3.36236e+03  1.21523e-08
2485.151367   4177.875000  3.82670e+03  1.38725e-08
2406.163086   4240.144043  4.26859e+03  1.52474e-08
2323.356445   4339.549805  4.76934e+03  1.66416e-08
2238.543701   4429.793457  5.54940e+03  1.89696e-08
2154.260498   4494.527832  6.42964e+03  2.16606e-08
2066.795166   4537.982422  7.19634e+03  2.40067e-08
1970.324829   4690.652344  8.03359e+03  2.59269e-08
1868.591675   4882.621582  9.45723e+03  2.93213e-08
1766.656982   4986.347656  1.07144e+04  3.25244e-08
1631.693481   4701.147461  1.16005e+04  3.73639e-08
1519.200928   5029.625000  1.50137e+04  4.51800e-08
1421.880981   4889.698242  1.75572e+04  5.43715e-08
1322.466187   4716.208008  2.04133e+04  6.55578e-08
1232.712036   4736.690430  2.59710e+04  8.30587e-08
1153.852539   4832.484863  3.16613e+04  9.92521e-08
1078.073608   4961.605469  3.72738e+04  1.13777e-07
1002.952942   5101.699219  4.34586e+04  1.29018e-07
 925.203186   5179.285156  4.93933e+04  1.44408e-07
 843.243835   5302.728516  5.53499e+04  1.58063e-07
 753.613464   5423.967773  6.00878e+04  1.67732e-07
 648.324463   5489.329102  6.20575e+04  1.71177e-07
 505.513611   5576.552734  5.80782e+04  1.57681e-07
 371.465607   5775.989746  7.96889e+04  2.08861e-07
 259.950073   5734.525391  9.60143e+04  2.53491e-07
 170.714874   5916.405273  1.30229e+05  3.33211e-07
 107.047043   6362.692871  1.44117e+05  3.42806e-07
  62.487679   6887.913574  1.50473e+05  3.30385e-07
  30.807680   7380.909668  1.54925e+05  3.17526e-07
  10.362240   8110.770996  1.57049e+05  2.92400e-07
   0.000000   8920.625000  1.57669e+05  2.63349e-07
