6100.081055   3373.945801  1.54598e+00  6.93319e-12
6098.881348   3368.180908  1.54021e+00  6.92042e-12
6097.299316   3360.581055  1.53259e+00  6.90359e-12
6095.213379   3350.562988  1.52255e+00  6.88140e-12
6092.447266   3343.195312  1.52082e+00  6.89074e-12
6088.779297   3342.125488  1.53712e+00  6.96708e-12
6083.944824   3343.130127  1.56680e+00  7.09895e-12
6077.824707   3346.561523  1.61448e+00  7.30715e-12
6070.123535   3353.013184  1.68387e+00  7.60626e-12
6060.520508   3353.907959  1.76440e+00  7.96894e-12
6048.427734   3335.171631  1.84179e+00  8.36522e-12
6033.505371   3331.105957  2.02502e+00  9.20788e-12
6016.553711   3344.526367  2.33031e+00  1.05520e-11
5998.131348   3359.640381  2.72193e+00  1.22709e-11
5978.863770   3412.424316  3.31137e+00  1.46942e-11
5959.429199   3474.209229  3.86550e+00  1.68508e-11
5937.466309   3494.952393  4.16001e+00  1.80291e-11
5893.852051   3269.166504  3.16791e+00  1.45728e-11
5883.852051   3107.157715  2.50521e+00  1.22057e-11
5873.852051   3114.356201  2.60386e+00  1.26637e-11
5863.852051   3127.921875  2.74186e+00  1.32766e-11
5853.852051   3148.405029  2.95244e+00  1.42016e-11
5813.852051   3167.763428  3.75781e+00  1.79681e-11
5803.852051   3270.881104  4.65031e+00  2.14234e-11
5784.461426   3440.210938  6.48351e+00  2.85263e-11
5758.090332   3659.815186  9.64399e+00  3.98621e-11
5735.216797   3783.292236  1.14715e+01  4.59291e-11
5703.852051   3882.035645  1.06187e+01  4.14155e-11
5693.852051   3724.216309  8.57031e+00  3.45988e-11
5683.852051   3578.843018  6.75390e+00  2.85477e-11
5673.852051   3473.457764  5.90694e+00  2.56854e-11
5663.852051   3537.681152  6.33330e+00  2.68465e-11
5643.852051   3859.950195  8.61223e+00  3.37387e-11
5633.852051   3779.586182  7.66875e+00  3.07144e-11
5623.852051   3310.262451  4.86656e+00  2.07344e-11
5613.852051   2797.609863  1.79990e+00  9.72525e-12
5603.852051   2631.073242  1.19880e+00  6.74104e-12
5593.852051   2511.633057  7.22159e-01  4.35612e-12
5583.852051   2521.443604  6.51741e-01  3.91677e-12
5573.852051   2571.703613  6.58926e-01  3.87380e-12
5563.852051   2667.030029  7.60695e-01  4.31493e-12
5553.852051   2855.965820  1.06137e+00  5.53890e-12
5543.852051   3089.166260  1.47307e+00  7.20121e-12
5533.852051   3336.253418  2.16184e+00  9.67303e-12
5513.852051   3747.203857  3.76262e+00  1.51225e-11
5503.852051   3875.035156  4.49883e+00  1.75817e-11
5493.852051   3904.631592  4.93943e+00  1.91557e-11
5483.852051   3868.524170  5.05827e+00  1.97928e-11
5473.852051   3767.421143  4.84271e+00  1.94615e-11
5463.852051   3648.677979  4.50503e+00  1.86649e-11
5453.852051   3522.682373  4.10638e+00  1.76496e-11
5443.852051   3483.767822  4.02875e+00  1.75132e-11
5433.852051   3457.227539  3.99352e+00  1.74969e-11
5423.852051   3461.641357  4.08764e+00  1.78864e-11
5413.852051   3459.908447  4.17750e+00  1.82888e-11
5403.852051   3445.494385  4.25929e+00  1.87249e-11
5393.852051   3400.614258  4.28866e+00  1.90998e-11
5373.852051   3259.670898  4.29184e+00  1.99464e-11
5363.852051   3191.189941  4.34853e+00  2.06410e-11
5353.852051   3151.357422  4.56330e+00  2.19417e-11
5343.852051   3126.467285  4.88691e+00  2.36661e-11
5333.852051   3176.534912  5.65435e+00  2.69321e-11
5323.852051   3232.044678  6.53535e+00  3.05926e-11
5313.852051   3297.391357  7.60398e+00  3.48889e-11
5303.852051   3341.329102  8.55499e+00  3.87676e-11
5293.852051   3368.589111  9.44266e+00  4.24521e-11
5263.852051   3537.371582  1.24139e+01  5.31299e-11
5253.852051   3587.678711  1.33201e+01  5.62361e-11
5243.852051   3606.522705  1.39291e+01  5.84980e-11
5233.852051   3606.503418  1.43603e+01  6.03113e-11
5223.852051   3576.462646  1.44934e+01  6.13814e-11
5213.852051   3514.458252  1.44207e+01  6.21378e-11
5193.852051   3372.852295  1.45992e+01  6.55855e-11
5183.852051   3322.621338  1.51746e+01  6.91761e-11
5173.852051   3436.295654  1.83605e+01  8.06775e-11
5123.852051   3484.977295  2.47354e+01  1.07363e-10
5113.852051   3390.909180  2.29116e+01  1.02287e-10
5093.852051   3144.994873  1.80923e+01  8.71323e-11
5083.852051   3082.784180  1.72797e+01  8.48290e-11
5073.852051   3053.939941  1.69913e+01  8.42461e-11
5063.852051   3131.143066  1.85357e+01  8.96156e-11
5043.852051   3401.363525  2.36753e+01  1.05287e-10
5033.852051   3513.935547  2.62158e+01  1.12926e-10
5023.852051   3602.531738  2.85297e+01  1.19931e-10
5013.852051   3553.702393  2.76713e+01  1.17842e-10
4983.852051   3284.543945  2.05313e+01  9.45497e-11
4973.852051   3186.396484  1.81056e+01  8.58405e-11
4963.852051   3056.437500  1.57648e+01  7.78235e-11
4953.852051   2891.314941  1.35486e+01  7.07340e-11
4943.852051   2783.161377  1.23271e+01  6.69927e-11
4933.852051   2701.703857  1.15345e+01  6.46433e-11
4923.852051   2673.907227  1.14588e+01  6.49031e-11
4913.852051   2654.996338  1.15081e+01  6.56554e-11
4903.852051   2656.027832  1.19900e+01  6.83781e-11
4893.852051   2660.334717  1.26787e+01  7.21826e-11
4883.852051   2672.330566  1.37208e+01  7.77625e-11
4873.852051   2728.927002  1.57130e+01  8.69738e-11
4863.852051   2829.298096  1.86943e+01  9.99237e-11
4853.852051   2902.591064  2.16200e+01  1.12664e-10
4843.852051   2964.856445  2.46750e+01  1.26033e-10
4833.852051   2960.953857  2.61943e+01  1.34011e-10
4823.852051   2944.208984  2.73678e+01  1.40783e-10
4813.852051   2878.621826  2.68129e+01  1.41026e-10
4803.852051   2833.920898  2.65348e+01  1.41827e-10
4793.852051   2831.927246  2.69917e+01  1.44370e-10
4783.852051   2829.511475  2.75218e+01  1.47331e-10
4773.852051   2826.728271  2.81212e+01  1.50689e-10
4763.852051   2807.924561  2.85250e+01  1.53868e-10
4753.852051   2783.501465  2.88508e+01  1.56998e-10
4743.852051   2793.227295  2.99891e+01  1.62624e-10
4733.852051   2809.399902  3.12875e+01  1.68680e-10
4723.852051   2850.681152  3.32411e+01  1.76597e-10
4713.852051   2888.952393  3.52689e+01  1.84898e-10
4673.852051   2854.096436  3.97148e+01  2.10692e-10
4663.852051   2795.595459  3.90653e+01  2.11661e-10
4653.852051   2755.874268  3.82908e+01  2.10375e-10
4643.852051   2722.241455  3.78559e+01  2.11045e-10
4633.852051   2713.910400  3.84804e+01  2.15614e-10
4623.852051   2714.217285  3.95320e+01  2.21871e-10
4613.852051   2728.158936  4.13106e+01  2.30901e-10
4603.852051   2730.496338  4.28357e+01  2.39549e-10
4593.852051   2776.720215  4.47084e+01  2.45222e-10
4583.852051   2817.566162  4.62703e+01  2.49680e-10
4573.852051   2857.992188  4.78165e+01  2.54076e-10
4563.852051   2919.719238  4.97967e+01  2.58728e-10
4553.852051   2982.356689  5.18810e+01  2.63834e-10
4455.096191   3183.903320  8.61776e+01  4.10080e-10
4410.285645   3313.707764  1.04764e+02  4.78847e-10
4374.702148   3440.741211  1.22531e+02  5.39003e-10
4348.668945   3633.679199  1.39806e+02  5.82475e-10
4322.348633   3620.806641  1.38945e+02  5.80817e-10
4287.010742   3670.910645  1.52136e+02  6.27197e-10
4254.370605   3728.671143  1.79457e+02  7.28581e-10
4219.363770   3774.280029  1.85833e+02  7.45158e-10
4173.187012   3803.741455  1.79373e+02  7.13553e-10
4122.182617   3811.609619  2.22904e+02  8.85096e-10
4064.342773   3887.335938  1.69134e+02  6.58208e-10
3973.852051   4083.895752  2.17563e+02  8.05946e-10
3963.852051   4126.805664  2.32295e+02  8.51904e-10
3953.852051   4228.796387  2.13842e+02  7.67071e-10
3943.852051   4248.808105  1.93942e+02  6.88318e-10
3933.852051   4065.090088  1.47792e+02  5.44265e-10
3923.852051   4009.818848  1.18317e+02  4.46044e-10
3913.852051   4043.198975  1.11783e+02  4.18389e-10
3893.852051   4304.977539  1.68078e+02  5.89914e-10
3883.852051   4248.535156  1.97483e+02  7.05047e-10
3863.852051   4173.417480  2.31097e+02  8.38137e-10
3853.852051   4172.725098  2.35052e+02  8.52701e-10
3843.852051   4197.089844  2.28324e+02  8.23504e-10
3833.852051   4220.673828  2.21325e+02  7.93719e-10
3823.852051   4241.387695  2.14854e+02  7.66730e-10
3803.852051   4233.307617  1.74590e+02  6.24161e-10
3793.852051   4280.169434  1.43395e+02  5.07971e-10
3783.852051   4336.327148  1.10885e+02  3.86919e-10
3773.852051   4482.167969  1.12798e+02  3.80711e-10
3753.852051   4686.303711  1.27057e+02  4.10308e-10
3743.852051   4721.622070  1.59136e+02  5.09391e-10
3733.852051   4757.418457  2.03169e+02  6.45798e-10
3723.852051   4724.423828  2.78804e+02  8.95766e-10
3713.852051   4676.180176  3.72586e+02  1.20600e-09
3703.852051   4640.475586  4.33689e+02  1.41616e-09
3693.852051   4592.899414  4.85901e+02  1.60099e-09
3651.608643   4381.823242  5.44946e+02  1.88034e-09
3611.709473   4498.642090  6.04047e+02  2.03164e-09
3563.852051   4400.239746  2.89371e+02  9.94957e-10
3553.852051   4310.823730  2.74287e+02  9.62724e-10
3543.852051   4302.578125  2.85333e+02  1.00352e-09
3533.852051   4324.594727  3.03468e+02  1.06209e-09
3523.852051   4377.274414  3.22050e+02  1.11306e-09
3443.852051   4556.236816  4.59273e+02  1.52587e-09
3433.852051   4562.158691  6.30188e+02  2.09144e-09
3405.704102   4507.726562  9.11593e+02  3.06100e-09
3358.772705   4552.798828  8.79276e+02  2.92315e-09
3293.852051   4430.564941  5.99265e+02  2.04614e-09
3283.852051   4374.110840  5.68624e+02  1.96712e-09
3273.852051   4378.737305  4.87669e+02  1.68629e-09
3233.852051   4494.595703  2.55500e+02  8.60434e-10
3223.852051   4501.132324  2.75145e+02  9.25377e-10
3213.852051   4491.065918  3.15633e+02  1.06385e-09
3203.852051   4453.068359  3.89251e+02  1.32579e-09
3173.852051   4368.713867  5.74930e+02  1.99192e-09
3163.852051   4366.835938  5.78677e+02  2.00575e-09
3153.852051   4365.949219  5.81646e+02  2.01648e-09
3143.852051   4361.562500  5.79846e+02  2.01226e-09
3133.852051   4356.801270  5.81130e+02  2.01897e-09
3123.852051   4352.072754  5.84617e+02  2.03331e-09
3073.852051   4202.090820  9.11873e+02  3.29249e-09
3063.852051   4144.110840  1.00474e+03  3.67061e-09
3053.852051   4145.032715  1.00202e+03  3.65970e-09
3043.852051   4149.529785  9.60368e+02  3.50446e-09
3033.852051   4158.221191  8.79521e+02  3.20255e-09
3023.852051   4180.617188  8.44603e+02  3.05911e-09
3013.852051   4209.944824  8.23701e+02  2.96190e-09
2923.852051   4179.843262  6.00833e+02  2.17561e-09
2913.852051   4150.610352  6.00082e+02  2.18824e-09
2903.852051   4117.532715  5.93175e+02  2.18048e-09
2893.852051   4072.812500  5.71127e+02  2.12185e-09
2883.852051   4041.130127  5.37822e+02  2.01468e-09
2873.852051   4040.348877  4.92843e+02  1.84651e-09
2863.852051   4037.400391  4.57882e+02  1.71668e-09
2853.852051   4031.470947  4.31068e+02  1.61854e-09
2843.852051   4038.728027  4.35313e+02  1.63152e-09
2833.852051   4051.018311  4.47065e+02  1.67053e-09
2823.852051   4072.498779  4.79564e+02  1.78211e-09
2813.852051   4093.149658  5.12901e+02  1.89676e-09
2803.852051   4100.284180  5.55706e+02  2.05147e-09
2793.852051   4117.574219  5.92038e+02  2.17623e-09
2783.852051   4150.503418  6.19379e+02  2.25868e-09
2773.852051   4185.702148  6.40239e+02  2.31530e-09
2763.852051   4225.735840  6.57143e+02  2.35390e-09
2753.852051   4254.035156  6.69708e+02  2.38299e-09
2693.852051   4395.358398  9.70554e+02  3.34149e-09
2683.852051   4408.992188  1.06191e+03  3.64653e-09
2673.852051   4406.334473  1.15814e+03  3.97883e-09
2605.068115   4427.162109  1.26246e+03  4.31636e-09
2513.388428   4648.268066  1.32357e+03  4.30934e-09
2413.852051   4500.482422  2.75327e+02  9.22926e-10
2403.852051   4455.918945  1.89219e+02  6.42180e-10
2393.852051   4481.153809  1.75131e+02  5.91532e-10
2383.852051   4509.384277  1.67236e+02  5.61235e-10
2183.852051   4577.236816  6.94904e+02  2.29789e-09
2173.852051   4577.507812  6.35817e+02  2.10238e-09
2163.852051   4574.837891  5.89462e+02  1.95007e-09
2153.852051   4572.815430  5.35760e+02  1.77327e-09
2143.852051   4556.413574  5.32951e+02  1.77051e-09
2133.852051   4547.293457  5.38589e+02  1.79267e-09
2123.852051   4568.651367  5.63926e+02  1.86803e-09
2113.852051   4593.549805  5.89395e+02  1.94171e-09
2003.852173   4610.078125  6.70177e+02  2.19442e-09
1993.852173   4512.612793  5.50877e+02  1.84197e-09
1983.852173   4468.055176  5.07121e+02  1.71743e-09
1973.852173   4434.905273  5.04394e+02  1.72134e-09
1963.852173   4431.594727  4.96603e+02  1.69609e-09
1953.852173   4436.472656  4.90992e+02  1.67510e-09
1943.852173   4441.601074  4.70417e+02  1.60276e-09
1933.852173   4441.336914  4.57979e+02  1.56050e-09
1923.852173   4438.317871  4.60302e+02  1.56953e-09
1913.852173   4440.432617  4.66345e+02  1.58949e-09
1903.852173   4450.864746  4.77736e+02  1.62461e-09
1893.852173   4464.485840  4.96243e+02  1.68216e-09
1883.852173   4475.317383  5.17368e+02  1.74946e-09
1873.852173   4484.139160  5.41425e+02  1.82728e-09
1863.852173   4493.057129  5.63940e+02  1.89959e-09
1853.852173   4515.847168  5.79680e+02  1.94286e-09
1843.852173   4538.962891  5.97744e+02  1.99304e-09
1833.852173   4555.719727  6.20954e+02  2.06280e-09
1823.852173   4559.076172  6.46249e+02  2.14533e-09
1813.852173   4557.486328  6.75888e+02  2.24446e-09
1803.852173   4564.837891  7.30842e+02  2.42322e-09
1793.852173   4588.911621  8.24365e+02  2.71645e-09
1783.852173   4640.117676  9.93097e+02  3.23403e-09
1773.852173   4685.468262  1.15465e+03  3.72730e-09
1723.852173   4796.934082  3.19346e+03  1.00679e-08
1713.852173   4722.613281  3.89292e+03  1.25007e-08
1683.852173   4382.060059  3.33011e+03  1.15005e-08
1673.852173   4336.884277  2.98266e+03  1.04068e-08
1663.852173   4338.437012  2.68005e+03  9.35934e-09
1653.852173   4400.393066  2.42895e+03  8.36344e-09
1563.852173   4393.833496  3.38641e+03  1.16649e-08
1553.852173   4371.423340  3.00740e+03  1.04144e-08
1543.852173   4356.733398  2.66132e+03  9.24668e-09
1533.852173   4315.156250  2.37908e+03  8.34097e-09
1523.852173   4269.570312  2.13847e+03  7.58104e-09
1513.852173   4361.755371  2.76877e+03  9.54156e-09
1503.852173   4527.898438  4.62719e+03  1.53072e-08
1489.014404   4756.979492  1.45979e+04  4.61943e-08
1481.487061   4781.632812  1.91550e+04  6.06699e-08
1474.529907   4766.650391  2.22485e+04  7.07273e-08
1467.129639   4756.040039  2.38754e+04  7.60846e-08
1458.181152   4766.645020  2.46811e+04  7.83953e-08
1447.104980   4807.427246  2.56648e+04  8.08538e-08
1433.598999   4846.139160  2.69027e+04  8.40892e-08
1417.095703   4849.750488  2.79952e+04  8.74334e-08
1396.955811   4864.331543  2.92439e+04  9.10621e-08
1372.544312   4906.791504  3.07553e+04  9.49295e-08
1343.218872   4987.461914  3.25752e+04  9.89174e-08
1308.273926   5044.071777  3.45614e+04  1.03769e-07
1266.499512   5045.975586  3.60911e+04  1.08328e-07
1214.852173   5002.215332  3.71296e+04  1.12418e-07
1154.931152   5032.809082  4.10823e+04  1.23643e-07
1086.000610   5151.886719  4.39385e+04  1.29146e-07
1006.011536   5284.917969  4.76040e+04  1.36400e-07
 917.407043   5398.178223  5.31641e+04  1.49111e-07
 821.926392   5474.800293  5.69267e+04  1.57419e-07
 728.253418   5532.666504  7.05420e+04  1.93055e-07
 613.852173   5513.733398  6.71336e+04  1.84394e-07
 603.852173   5519.223145  6.18356e+04  1.69614e-07
 593.852173   5511.460938  5.76954e+04  1.58475e-07
 583.852173   5419.062988  5.74989e+04  1.60778e-07
 563.852173   5269.445801  6.36315e+04  1.82937e-07
 553.852173   5261.814453  6.91673e+04  1.99117e-07
 543.852173   5273.844238  7.44097e+04  2.13705e-07
 533.852173   5282.432129  7.83363e+04  2.24614e-07
 523.852173   5282.934570  7.96986e+04  2.28506e-07
 443.852173   5511.895508  7.42333e+04  2.03783e-07
 413.852173   5296.319824  5.14810e+04  1.47169e-07
 403.852173   5319.907227  5.19279e+04  1.47812e-07
 393.852173   5376.976074  5.32303e+04  1.49899e-07
 383.852173   5464.512695  4.64376e+04  1.28934e-07
 274.719360   5546.501465  1.05811e+05  2.88934e-07
 167.964798   5942.372070  1.29424e+05  3.29622e-07
  91.972481   6430.476562  1.15719e+05  2.72477e-07
  37.866879   7392.887695  1.06915e+05  2.18643e-07
  19.132160   8566.581055  1.02437e+05  1.79133e-07
   8.865280   9162.021484  9.85525e+04  1.58298e-07
   0.000000   9521.892578  9.66361e+04  1.47456e-07
