6136.470215   3715.437256  2.26935e+00  9.17017e-12
6135.705078   3726.940674  2.31169e+00  9.31650e-12
6134.695801   3742.105469  2.36751e+00  9.50940e-12
6133.364258   3762.096436  2.44109e+00  9.76369e-12
6131.610352   3788.449707  2.53810e+00  1.00989e-11
6129.297852   3823.189941  2.66597e+00  1.05408e-11
6126.605469   3854.666016  2.80896e+00  1.10288e-11
6123.250488   3883.691650  2.96501e+00  1.15616e-11
6119.046875   3904.504883  3.12073e+00  1.20968e-11
6113.818848   3899.297363  3.18936e+00  1.23828e-11
6107.041992   3868.962402  3.19007e+00  1.24860e-11
6098.156738   3803.565674  3.08624e+00  1.22870e-11
6085.942871   3682.333252  2.77439e+00  1.13993e-11
6067.945801   3499.140869  2.32452e+00  1.00408e-11
6039.555664   3388.201416  2.12408e+00  9.49581e-12
6002.187500   3371.362305  2.21014e+00  9.92961e-12
5928.876953   3436.292480  2.79815e+00  1.23331e-11
5918.876953   3460.395020  2.93890e+00  1.28644e-11
5908.876953   3452.451416  2.95137e+00  1.29483e-11
5898.876953   3431.826172  2.91905e+00  1.28778e-11
5888.876953   3356.882812  2.70180e+00  1.21750e-11
5878.876953   3322.835205  2.63903e+00  1.20279e-11
5868.876953   3354.417236  2.82831e+00  1.27692e-11
5858.876953   3422.968262  3.19177e+00  1.40967e-11
5818.876953   3455.733154  3.72986e+00  1.63392e-11
5808.876953   3405.239746  3.58971e+00  1.59651e-11
5798.876953   3362.470215  3.48634e+00  1.56993e-11
5788.876953   3334.005127  3.45609e+00  1.57019e-11
5778.876953   3325.820312  3.54849e+00  1.61614e-11
5768.876953   3373.792725  3.92628e+00  1.75990e-11
5758.876953   3456.250000  4.49364e+00  1.96825e-11
5748.876953   3544.407471  5.12389e+00  2.18625e-11
5738.876953   3631.196533  5.76392e+00  2.40437e-11
5728.876953   3638.662109  5.86724e+00  2.44248e-11
5708.876953   3563.125244  5.49524e+00  2.33395e-11
5698.876953   3464.478760  5.01251e+00  2.18570e-11
5688.876953   3324.393311  4.38142e+00  1.99111e-11
5678.876953   3281.312012  4.35617e+00  2.01072e-11
5648.876953   3401.537354  6.28847e+00  2.80038e-11
5638.876953   3377.363770  6.67908e+00  2.99624e-11
5628.876953   3354.178223  7.06384e+00  3.19013e-11
5529.594238   3309.881592  9.84329e+00  4.50444e-11
5478.378418   3446.433105  1.32801e+01  5.83659e-11
5428.876953   3519.627441  1.22426e+01  5.26954e-11
5418.876953   3525.539551  1.09167e+01  4.69077e-11
5408.876953   3466.993652  9.18469e+00  3.99751e-11
5398.876953   3385.605713  7.24748e+00  3.24054e-11
5388.876953   3267.148682  5.81378e+00  2.67682e-11
5378.876953   3161.647461  4.51757e+00  2.16392e-11
5368.876953   3141.799561  4.04135e+00  1.94712e-11
5358.876953   3118.037842  3.63332e+00  1.76429e-11
5348.876953   3087.201904  3.38328e+00  1.65909e-11
5338.876953   3041.815674  3.18822e+00  1.58653e-11
5328.876953   2985.094971  3.04957e+00  1.54684e-11
5318.876953   2898.201660  2.86527e+00  1.49491e-11
5308.876953   2802.196533  2.65924e+00  1.43729e-11
5298.876953   2688.489258  2.41712e+00  1.35768e-11
5288.876953   2585.013916  2.19932e+00  1.28846e-11
5278.876953   2530.327393  2.15836e+00  1.29139e-11
5268.876953   2498.397461  2.20010e+00  1.33381e-11
5258.876953   2502.685303  2.38431e+00  1.44301e-11
5248.876953   2525.218750  2.67050e+00  1.60047e-11
5238.876953   2560.336670  3.03549e+00  1.79519e-11
5228.876953   2630.005127  3.54594e+00  2.03781e-11
5218.876953   2708.292725  4.10504e+00  2.29590e-11
5208.876953   2748.635742  4.43757e+00  2.44456e-11
5198.876953   2783.736084  4.76469e+00  2.59250e-11
5188.876953   2799.070801  5.04705e+00  2.73097e-11
5178.876953   2808.626221  5.39661e+00  2.91041e-11
5168.876953   2810.054199  5.81181e+00  3.13274e-11
5158.876953   2790.133057  6.23772e+00  3.38788e-11
5148.876953   2757.210938  6.67937e+00  3.67003e-11
5138.876953   2708.412598  7.27009e+00  4.07079e-11
5128.876953   2657.347168  7.97540e+00  4.54636e-11
5118.876953   2636.486816  9.28422e+00  5.33799e-11
5108.876953   2625.770996  1.09352e+01  6.30446e-11
5098.876953   2647.297607  1.35543e+01  7.74845e-11
5088.876953   2682.777344  1.70231e+01  9.58761e-11
5078.876953   2735.640137  2.16701e+01  1.19785e-10
5068.876953   2931.681396  3.18656e+01  1.61410e-10
5058.876953   3204.408447  4.53747e+01  2.13532e-10
5048.876953   3333.783936  5.67636e+01  2.56986e-10
5038.876953   3445.217041  6.82090e+01  2.99694e-10
5032.406250   3564.054688  7.69149e+01  3.25091e-10
5023.635254   3748.837646  8.86281e+01  3.57283e-10
5015.017090   3921.021729  9.89196e+01  3.82097e-10
5004.721680   4076.074219  1.04595e+02  3.88536e-10
4989.833496   4101.725098  8.84581e+01  3.26572e-10
4688.151855   3204.685547  5.66315e+01  2.67283e-10
4603.387207   3479.291992  8.03020e+01  3.49044e-10
4560.675293   3604.593994  9.66563e+01  4.05993e-10
4500.433105   3460.301514  8.57757e+01  3.75136e-10
4353.975098   3314.059326  1.01540e+02  4.63901e-10
4275.236328   3559.122559  1.57307e+02  6.69069e-10
4231.241699   3756.682617  1.87423e+02  7.55175e-10
4194.513672   3894.217773  2.21238e+02  8.59850e-10
4157.612305   4049.434326  2.41654e+02  9.03005e-10
4110.693848   3950.051514  2.39932e+02  9.19239e-10
4052.319580   3953.038574  2.54675e+02  9.75108e-10
3988.979248   4086.295898  3.04623e+02  1.12838e-09
3930.672852   4277.570312  3.89176e+02  1.37700e-09
3874.043457   4291.175781  4.37425e+02  1.54278e-09
3814.121582   4371.815918  5.19580e+02  1.79896e-09
3754.921387   4305.843262  5.96029e+02  2.09518e-09
3694.746826   4345.914551  6.72956e+02  2.34426e-09
3625.757812   4359.070312  6.76896e+02  2.35038e-09
3543.367432   4204.893066  6.81939e+02  2.45243e-09
3377.569580   4530.692871  8.23632e+02  2.75909e-09
3306.603271   4385.912109  1.16965e+03  4.03733e-09
3241.104248   4200.280762  1.44270e+03  5.20113e-09
3177.695801   4154.037109  1.53457e+03  5.59520e-09
2941.517334   4529.731934  1.47371e+03  4.92561e-09
2633.882812   3900.837891  1.69920e+03  6.60238e-09
2527.107178   4428.604980  3.70505e+03  1.26544e-08
2496.290283   4543.459961  4.71019e+03  1.56869e-08
2468.024902   4481.143555  5.36660e+03  1.81371e-08
2435.992676   4424.945312  5.68359e+03  1.94489e-08
2397.107910   4400.239746  5.91569e+03  2.03576e-08
2347.691895   4349.502930  6.00809e+03  2.09178e-08
2287.615723   4395.061035  6.58181e+03  2.26805e-08
2224.607422   4484.152832  7.60466e+03  2.56816e-08
2161.081299   4576.484863  8.69530e+03  2.87684e-08
2094.209961   4669.944336  9.83915e+03  3.19022e-08
2021.480347   4688.227539  1.07632e+04  3.47632e-08
1938.167969   4613.865723  1.15256e+04  3.78318e-08
1847.192993   4767.612793  1.34507e+04  4.27307e-08
1694.823730   5041.104980  1.06238e+04  3.19001e-08
1589.079712   4980.114258  1.60330e+04  4.87696e-08
1320.006714   5077.763184  2.36526e+04  7.05333e-08
1248.056030   5026.790039  2.84416e+04  8.56823e-08
1176.991699   5001.656738  3.31480e+04  1.00363e-07
1106.240601   5071.581543  3.88442e+04  1.15996e-07
1033.593018   5159.453613  4.41640e+04  1.29629e-07
 960.520630   5260.280273  5.25793e+04  1.51363e-07
 890.151367   5396.551758  6.10995e+04  1.71451e-07
 820.161621   5519.395020  7.05297e+04  1.93470e-07
 749.193604   5657.038086  7.81639e+04  2.09179e-07
 679.100830   5892.356934  8.56791e+04  2.20092e-07
 612.183044   6089.685547  9.05858e+04  2.25114e-07
 544.136292   6233.928223  9.57909e+04  2.32533e-07
 475.932159   6367.603516  1.02395e+05  2.43282e-07
 399.043213   6362.006348  1.06272e+05  2.52734e-07
 297.008636   6257.471680  1.15379e+05  2.79037e-07
 183.599365   6339.005859  1.35459e+05  3.23447e-07
  78.865280   6536.446777  1.40850e+05  3.26023e-07
   0.000000   7086.491699  1.60408e+05  3.42298e-07
