6045.560547   3930.621094  2.64964e-01  1.02067e-12
6037.386719   3945.015381  2.91949e-01  1.12097e-12
6027.451660   3935.922852  3.14573e-01  1.21080e-12
6015.205566   3926.312256  3.48221e-01  1.34332e-12
6001.125977   3953.363525  4.22836e-01  1.61746e-12
5987.647461   4067.013184  5.59816e-01  2.08041e-12
5976.978027   4223.350586  7.48959e-01  2.67124e-12
5969.301758   4367.812988  9.28171e-01  3.20659e-12
5962.522461   4460.283691  1.07054e+00  3.63049e-12
5955.744141   4516.762695  1.19293e+00  3.99381e-12
5948.723633   4569.092773  1.31638e+00  4.36170e-12
5940.486816   4577.691895  1.38540e+00  4.58654e-12
5925.469238   4457.556152  1.33444e+00  4.52238e-12
5915.469238   4260.616211  1.14653e+00  4.06104e-12
5905.469238   4010.753906  9.30384e-01  3.47607e-12
5885.469238   3531.679932  5.59448e-01  2.38658e-12
5875.469238   3375.708252  4.61127e-01  2.06827e-12
5865.469238   3429.525635  5.00098e-01  2.20738e-12
5855.469238   3508.031006  5.59205e-01  2.40964e-12
5845.469238   3672.683838  6.90528e-01  2.83586e-12
5835.469238   3834.443604  8.37365e-01  3.29846e-12
5785.469238   4171.098145  1.35214e+00  4.91024e-12
5775.469238   4117.573730  1.33970e+00  4.92747e-12
5765.469238   4053.996338  1.32192e+00  4.93824e-12
5755.469238   3952.065674  1.28612e+00  4.92733e-12
5745.469238   3839.235596  1.25282e+00  4.94188e-12
5725.469238   3590.451172  1.22545e+00  5.17235e-12
5715.469238   3474.728271  1.23992e+00  5.40618e-12
5705.469238   3409.204590  1.34174e+00  5.96783e-12
5695.469238   3357.434326  1.47376e+00  6.64794e-12
5685.469238   3402.462402  1.83893e+00  8.17255e-12
5675.469238   3480.304443  2.34353e+00  1.01415e-11
5665.469238   3663.572754  3.27320e+00  1.34284e-11
5638.133301   4229.587891  6.84118e+00  2.44387e-11
5620.904297   4379.183105  8.16342e+00  2.82367e-11
5585.469238   3717.358398  4.54512e+00  1.81140e-11
5575.469238   3180.238281  2.58341e+00  1.15137e-11
5565.469238   2799.881592  1.30325e+00  6.94349e-12
5555.469238   2594.179443  8.29925e-01  4.75632e-12
5545.469238   2500.126465  5.97036e-01  3.60786e-12
5535.469238   2458.868408  4.82021e-01  2.96686e-12
5525.469238   2444.107910  4.31572e-01  2.67335e-12
5515.469238   2433.444824  3.90251e-01  2.42912e-12
5505.469238   2429.291504  3.83911e-01  2.39362e-12
5495.469238   2428.945312  3.86732e-01  2.41158e-12
5485.469238   2437.621094  4.16636e-01  2.58874e-12
5475.469238   2470.692139  4.80927e-01  2.94200e-12
5465.469238   2527.895508  5.82085e-01  3.48350e-12
5455.469238   2690.032715  8.65331e-01  4.78501e-12
5445.469238   2895.311768  1.23571e+00  6.44900e-12
5435.469238   3175.341797  2.01940e+00  9.42307e-12
5425.469238   3441.626465  2.85791e+00  1.25615e-11
5415.469238   3556.678711  3.62572e+00  1.53799e-11
5405.469238   3634.916748  4.31482e+00  1.79800e-11
5395.469238   3637.203613  4.80556e+00  2.00122e-11
5348.072266   4309.689453  9.66251e+00  3.38915e-11
5315.469238   4610.959961  1.00291e+01  3.28040e-11
5305.469238   4391.381348  8.01798e+00  2.74810e-11
5295.469238   4016.871094  5.87805e+00  2.15930e-11
5285.469238   3521.667480  3.62734e+00  1.52552e-11
5275.469238   3073.212158  2.29932e+00  1.08764e-11
5265.469238   2638.874756  1.22396e+00  6.99398e-12
5255.469238   2558.047119  1.07001e+00  6.31807e-12
5245.469238   2502.234375  9.66717e-01  5.85187e-12
5235.469238   2517.406982  1.01989e+00  6.13635e-12
5225.469238   2534.792236  1.09952e+00  6.56840e-12
5215.469238   2555.698730  1.22367e+00  7.25037e-12
5205.469238   2565.193604  1.38978e+00  8.20613e-12
5195.469238   2566.817871  1.58986e+00  9.38180e-12
5185.469238   2584.792236  1.94066e+00  1.13601e-11
5175.469238   2607.326172  2.34731e+00  1.36351e-11
5165.469238   2741.823975  3.43216e+00  1.87780e-11
5155.469238   2918.821289  4.96650e+00  2.53663e-11
5145.469238   3256.052490  8.09205e+00  3.68535e-11
5135.469238   3530.022949  1.14190e+01  4.86799e-11
5125.469238   3715.028564  1.49468e+01  6.06542e-11
5115.469238   3782.310791  1.71942e+01  6.88619e-11
5105.469238   3777.901855  1.86496e+01  7.47757e-11
5065.469238   3679.691162  1.81077e+01  7.44297e-11
5055.469238   3564.790283  1.57058e+01  6.65237e-11
5045.469238   3419.334717  1.31446e+01  5.78862e-11
5025.469238   3099.488281  8.47709e+00  4.12328e-11
5015.469238   2988.442139  6.89551e+00  3.48851e-11
5005.469238   2960.062256  6.12226e+00  3.13129e-11
4995.469238   2949.895020  5.48965e+00  2.81919e-11
4985.469238   3005.595947  5.40549e+00  2.72675e-11
4975.469238   3066.292969  5.38255e+00  2.65934e-11
4965.469238   3140.562744  5.57146e+00  2.68787e-11
4955.469238   3193.513672  5.75206e+00  2.72833e-11
4945.469238   3222.899414  5.92673e+00  2.78553e-11
4935.469238   3224.931641  6.12287e+00  2.87592e-11
4925.469238   3214.146240  6.32261e+00  2.97965e-11
4915.469238   3226.847412  6.87920e+00  3.22844e-11
4905.469238   3252.055908  7.59755e+00  3.53566e-11
4895.469238   3370.248535  9.30567e+00  4.16768e-11
4885.469238   3519.561768  1.15784e+01  4.95568e-11
4875.469238   3741.928955  1.50618e+01  6.05939e-11
4835.469238   4341.921875  2.91492e+01  1.01673e-10
4825.469238   4461.332520  3.10536e+01  1.05404e-10
4805.469238   4664.210938  3.15797e+01  1.02653e-10
4795.469238   4634.151855  2.89226e+01  9.40682e-11
4785.469238   4368.337891  2.28664e+01  7.86424e-11
4775.469238   4039.777832  1.73692e+01  6.41843e-11
4755.469238   3465.368408  9.70530e+00  4.22131e-11
4745.469238   3341.561279  7.84816e+00  3.55490e-11
4735.469238   3198.103027  7.08305e+00  3.34468e-11
4725.469238   3082.391602  6.56746e+00  3.22661e-11
4715.469238   3127.461914  7.25835e+00  3.51331e-11
4705.469238   3194.359619  8.61391e+00  4.06871e-11
4695.469238   3300.376953  1.11962e+01  5.12048e-11
4685.469238   3358.208252  1.59663e+01  7.19021e-11
4675.469238   3378.801270  2.25812e+01  1.01172e-10
4665.469238   3538.622559  3.81536e+01  1.60390e-10
4655.469238   3740.027588  5.69736e+01  2.30592e-10
4645.469238   4196.571777  9.98655e+01  3.50255e-10
4638.284180   4513.088867  1.32039e+02  4.38075e-10
4631.093262   4762.875488  1.65598e+02  5.22578e-10
4624.986816   4928.624023  1.92922e+02  5.88416e-10
4619.852539   5037.520996  2.12122e+02  6.35517e-10
4614.469238   5102.897461  2.26441e+02  6.71781e-10
4608.461426   5114.753418  2.34890e+02  6.95331e-10
4600.370605   5069.806641  2.36120e+02  7.04467e-10
4575.469238   4727.979980  1.95517e+02  6.24340e-10
4565.469238   4586.776855  1.73148e+02  5.71225e-10
4545.469238   3946.085693  1.21105e+02  4.62719e-10
4535.469238   3555.449463  9.81261e+01  4.13181e-10
4525.469238   3223.366211  7.91628e+01  3.71160e-10
4515.469238   2962.912598  6.74952e+01  3.44926e-10
4505.469238   3072.169434  7.00730e+01  3.44669e-10
4495.469238   3431.057373  8.26093e+01  3.64015e-10
4475.469238   4587.167969  1.37847e+02  4.54794e-10
4465.469238   4428.131836  1.40272e+02  4.80117e-10
4455.469238   4197.063965  1.36704e+02  4.91847e-10
4445.469238   3839.040283  1.15795e+02  4.53902e-10
4435.469238   3522.226562  9.32949e+01  3.97233e-10
4425.469238   3255.034912  6.91681e+01  3.18836e-10
4415.469238   3083.907959  5.19228e+01  2.53464e-10
4405.469238   2946.688721  3.86175e+01  1.98382e-10
4395.469238   2953.050293  3.13197e+01  1.60669e-10
4385.469238   2944.073730  2.51171e+01  1.29319e-10
4375.469238   3014.228516  2.25161e+01  1.13647e-10
4365.469238   3207.098633  2.23729e+01  1.05564e-10
4355.469238   3480.823242  2.77209e+01  1.20031e-10
4335.469238   3952.682129  4.46551e+01  1.70509e-10
4325.469238   3989.537598  5.28372e+01  2.00586e-10
4315.469238   3985.295898  6.07033e+01  2.30528e-10
4295.469238   3790.518066  7.87712e+01  3.10960e-10
4285.469238   4111.969238  1.64510e+02  5.89481e-10
4260.563965   4557.903320  4.04295e+02  1.34037e-09
4243.666992   4523.952637  5.20818e+02  1.74341e-09
4227.916992   4460.260254  5.90720e+02  2.00499e-09
4211.176758   4405.560547  6.39734e+02  2.19855e-09
4191.336426   4372.728027  6.43629e+02  2.22791e-09
4165.739746   4386.357910  6.66077e+02  2.29846e-09
4133.908691   4449.467285  6.88394e+02  2.34183e-09
4090.565674   4362.327148  6.40375e+02  2.22153e-09
3985.469482   3879.310791  4.26011e+02  1.66253e-09
3975.469482   3844.139648  4.24425e+02  1.67166e-09
3965.469482   3829.045166  4.37795e+02  1.73120e-09
3955.469482   3822.732910  4.57043e+02  1.81018e-09
3945.469482   3857.721191  4.91375e+02  1.92781e-09
3935.469482   3901.946533  5.30828e+02  2.05897e-09
3845.469482   3999.537842  6.20636e+02  2.34912e-09
3835.469482   3987.042969  6.04982e+02  2.29697e-09
3825.469482   3978.645264  5.88388e+02  2.23872e-09
3815.469482   3974.744873  5.71096e+02  2.17505e-09
3805.469482   3975.605469  5.52980e+02  2.10565e-09
3795.469482   3978.892090  5.33799e+02  2.03096e-09
3785.469482   4004.511719  5.19322e+02  1.96344e-09
3775.469482   4033.269043  5.07203e+02  1.90352e-09
3765.469482   4056.045166  5.03382e+02  1.87858e-09
3755.469482   4087.096436  5.04842e+02  1.86964e-09
3745.469482   4137.999512  5.14729e+02  1.88297e-09
3715.469482   4275.807129  5.48549e+02  1.94140e-09
3705.469482   4323.958984  5.66425e+02  1.98245e-09
3695.469482   4347.302246  5.77419e+02  2.01044e-09
3685.469482   4356.570312  5.84517e+02  2.03075e-09
3675.469482   4368.198242  5.93140e+02  2.05504e-09
3665.469482   4388.415527  6.08154e+02  2.09722e-09
3655.469482   4414.644043  6.30447e+02  2.16134e-09
3645.469482   4425.720703  6.48414e+02  2.21760e-09
3635.469482   4424.984375  6.60384e+02  2.25884e-09
3625.469482   4405.998047  6.65409e+02  2.28571e-09
3476.935059   4346.354492  8.02787e+02  2.79554e-09
3341.420410   4193.930176  9.27710e+02  3.34846e-09
3213.763428   4068.389160  1.14906e+03  4.27614e-09
3096.993164   3997.018066  1.42938e+03  5.41524e-09
2972.683594   3877.100342  1.75166e+03  6.84461e-09
2854.914795   3900.140381  2.21315e+03  8.59823e-09
2752.542969   3985.114746  2.68004e+03  1.01887e-08
2665.670166   4132.657227  3.21729e+03  1.17908e-08
2586.875488   4228.729980  3.69150e+03  1.32198e-08
2506.090820   4269.542969  4.16418e+03  1.47704e-08
2419.832520   4273.070312  4.66526e+03  1.65349e-08
2325.166748   4269.557129  5.20170e+03  1.84514e-08
2228.213135   4363.880859  6.12443e+03  2.12521e-08
2136.115479   4468.592285  7.26176e+03  2.46078e-08
2047.697632   4575.292969  8.61482e+03  2.85129e-08
1960.468506   4637.019043  9.95880e+03  3.25203e-08
1868.567383   4657.985840  1.11949e+04  3.63929e-08
1773.777588   4753.243164  1.32625e+04  4.22479e-08
1680.251831   4721.437500  1.51971e+04  4.87438e-08
1584.062744   4682.108887  1.73169e+04  5.60203e-08
1479.143066   4706.923340  1.85646e+04  5.97315e-08
1359.809937   4714.217773  2.08901e+04  6.71155e-08
1244.478027   4840.299805  2.55714e+04  8.00200e-08
1134.760010   4938.176758  3.03950e+04  9.32209e-08
1027.903687   5003.258789  3.60542e+04  1.09131e-07
 924.073608   5077.431152  4.32330e+04  1.28951e-07
 825.905273   5193.867676  5.18570e+04  1.51193e-07
 732.334106   5411.373047  6.12465e+04  1.71362e-07
 639.816956   5601.827637  6.94843e+04  1.87791e-07
 553.473938   5813.373047  7.97293e+04  2.07608e-07
 474.094727   6045.786133  8.74137e+04  2.18799e-07
 399.022095   6210.736816  8.99707e+04  2.19225e-07
 316.915833   6386.390625  9.27340e+04  2.19619e-07
 244.880646   6603.604004  9.89579e+04  2.26691e-07
 150.220795   6591.030762  9.82028e+04  2.25415e-07
  76.693764   6685.325195  1.58247e+05  3.58175e-07
  24.578560   6968.540527  1.69896e+05  3.68779e-07
   0.000000   8529.828125  1.64373e+05  2.91524e-07
