6069.025879   2610.968018  5.25765e-02  3.01466e-13
6059.025879   2532.720459  4.12829e-02  2.45980e-13
6049.025879   2479.223877  3.43124e-02  2.09633e-13
6039.025879   2475.178711  3.33124e-02  2.03844e-13
6029.025879   2475.006348  3.28607e-02  2.01112e-13
6019.025879   2482.895752  3.37962e-02  2.06181e-13
6009.025879   2491.620605  3.53345e-02  2.14794e-13
5999.025879   2501.085449  3.76606e-02  2.28074e-13
5989.025879   2498.546143  3.97281e-02  2.40857e-13
5979.025879   2491.709717  4.17326e-02  2.53695e-13
5969.025879   2488.529297  4.50089e-02  2.73972e-13
5959.025879   2487.565186  4.88735e-02  2.97572e-13
5949.025879   2498.048340  5.54696e-02  3.36260e-13
5939.025879   2523.873291  6.56516e-02  3.93197e-13
5929.025879   2577.669678  8.24566e-02  4.83581e-13
5896.301270   3081.951904  2.95137e-01  1.43307e-12
5884.339844   3261.211182  4.17839e-01  1.93568e-12
5873.386719   3350.199707  5.15988e-01  2.32947e-12
5861.396973   3374.564697  5.77112e-01  2.59048e-12
5847.368164   3400.564697  6.48043e-01  2.88519e-12
5831.721680   3527.840332  8.09767e-01  3.46296e-12
5815.766602   3760.019531  1.11359e+00  4.47551e-12
5799.989258   3953.218506  1.45040e+00  5.55569e-12
5784.346191   4051.698730  1.76444e+00  6.59023e-12
5768.838867   4149.592773  2.17612e+00  7.93473e-12
5754.416504   4250.724121  2.70861e+00  9.63918e-12
5741.571289   4361.027832  3.35371e+00  1.16263e-11
5730.591797   4474.851074  4.01945e+00  1.35916e-11
5720.465332   4552.977051  4.55347e+00  1.51360e-11
5710.375000   4618.044434  5.05243e+00  1.65710e-11
5697.998535   4564.432129  5.06720e+00  1.68129e-11
5669.025879   4251.430176  3.86576e+00  1.37223e-11
5659.025879   4097.950684  3.14914e+00  1.15948e-11
5649.025879   3867.629150  2.42300e+00  9.35807e-12
5639.025879   3595.793945  1.67426e+00  7.00660e-12
5629.025879   3354.060059  1.22955e+00  5.46474e-12
5619.025879   3125.927002  8.41830e-01  4.07741e-12
5609.025879   3028.401855  7.26418e-01  3.61925e-12
5599.025879   2953.558105  6.39779e-01  3.28093e-12
5589.025879   2940.960693  6.38591e-01  3.28876e-12
5579.025879   2938.636719  6.62743e-01  3.41578e-12
5569.025879   2947.758789  7.17323e-01  3.68574e-12
5559.025879   2978.555176  8.46622e-01  4.29843e-12
5549.025879   3019.600586  1.02027e+00  5.11616e-12
5539.025879   3095.796875  1.39144e+00  6.77418e-12
5529.025879   3184.071777  1.85549e+00  8.79761e-12
5519.025879   3347.476562  2.85830e+00  1.27926e-11
5509.025879   3531.122803  4.21439e+00  1.78745e-11
5499.025879   3762.734131  6.38929e+00  2.54380e-11
5478.762695   4300.968750  1.29100e+01  4.51886e-11
5464.710938   4569.911133  1.70189e+01  5.63339e-11
5453.003418   4634.090332  1.80297e+01  5.89209e-11
5419.025879   4330.265137  1.16560e+01  4.06786e-11
5409.025879   4210.647949  9.55070e+00  3.42303e-11
5399.025879   4166.355469  8.08211e+00  2.93973e-11
5389.025879   4188.216797  7.17226e+00  2.59478e-11
5359.025879   4323.727051  5.78398e+00  2.02637e-11
5349.025879   4301.471680  5.29303e+00  1.86147e-11
5329.025879   3942.477539  3.66084e+00  1.39727e-11
5319.025879   3679.379639  2.82620e+00  1.15183e-11
5309.025879   3413.654053  2.13293e+00  9.34830e-12
5299.025879   3145.881592  1.55398e+00  7.41526e-12
5289.025879   2917.953369  1.17712e+00  6.02874e-12
5279.025879   2702.057861  8.52096e-01  4.77143e-12
5269.025879   2575.484375  7.18968e-01  4.20173e-12
5259.025879   2469.188477  6.07409e-01  3.72577e-12
5249.025879   2444.440186  6.02593e-01  3.73307e-12
5239.025879   2444.907227  6.32700e-01  3.91676e-12
5229.025879   2485.505859  7.22916e-01  4.40237e-12
5219.025879   2645.964844  1.01393e+00  5.69393e-12
5209.025879   2889.094971  1.45595e+00  7.58666e-12
5199.025879   3176.236328  2.24069e+00  1.04710e-11
5189.025879   3473.649170  3.13631e+00  1.36759e-11
5179.025879   3531.763428  3.82867e+00  1.63895e-11
5169.025879   3571.587646  4.50373e+00  1.91058e-11
5159.025879   3542.454102  5.03874e+00  2.15569e-11
5149.025879   3563.051270  5.78711e+00  2.45583e-11
5139.025879   3653.586182  6.81552e+00  2.82154e-11
5129.025879   3821.737061  8.17459e+00  3.22535e-11
5099.025879   4118.859375  1.06641e+01  3.92103e-11
5089.025879   3942.027100  9.69744e+00  3.71613e-11
5079.025879   3771.418457  8.72343e+00  3.49884e-11
5069.025879   3620.588867  7.79299e+00  3.25101e-11
5059.025879   3521.390381  7.12946e+00  3.06572e-11
5049.025879   3486.514160  6.83857e+00  2.97015e-11
5039.025879   3471.192627  6.71097e+00  2.92837e-11
5029.025879   3466.343994  6.67029e+00  2.91475e-11
5019.025879   3413.829346  6.54596e+00  2.90332e-11
5009.025879   3357.615479  6.43126e+00  2.90132e-11
4999.025879   3364.426514  6.79336e+00  3.05835e-11
4989.025879   3421.173828  7.46753e+00  3.29761e-11
4979.025879   3613.598877  8.99436e+00  3.75677e-11
4969.025879   3799.113770  1.06122e+01  4.22019e-11
4929.025879   3623.363770  1.16138e+01  4.83215e-11
4919.025879   3325.010986  1.01902e+01  4.64202e-11
4909.025879   3159.253906  9.88948e+00  4.74104e-11
4899.025879   3114.557373  1.06488e+01  5.14710e-11
4889.025879   3354.046875  1.38859e+01  6.22793e-11
4879.025879   3595.449707  1.76391e+01  7.38491e-11
4869.025879   3838.730469  2.19089e+01  8.61571e-11
4859.025879   3878.359863  2.36626e+01  9.24323e-11
4799.025879   3445.711670  2.15634e+01  9.47929e-11
4789.025879   3481.480225  2.31849e+01  1.00760e-10
4779.025879   3571.411621  2.59012e+01  1.09787e-10
4769.025879   3739.187744  3.12320e+01  1.25869e-10
4727.715820   4234.688477  5.90936e+01  2.11303e-10
4700.822266   3995.986572  6.12382e+01  2.31981e-10
4669.025879   3254.349854  5.12660e+01  2.38607e-10
4659.025879   3190.917725  5.06402e+01  2.40325e-10
4649.025879   3147.585205  5.05144e+01  2.43106e-10
4629.025879   3155.118652  5.20467e+01  2.49807e-10
4619.025879   3043.851562  5.06790e+01  2.52269e-10
4609.025879   2920.265869  4.93205e+01  2.56500e-10
4599.025879   2880.443604  4.98278e+01  2.62289e-10
4589.025879   3098.599365  5.89583e+01  2.85191e-10
4579.025879   3466.334717  7.34452e+01  3.17064e-10
4564.705078   3954.493408  9.97865e+01  3.79529e-10
4544.609375   3880.471680  1.16691e+02  4.55497e-10
4518.552734   3573.456055  1.19187e+02  5.05029e-10
4487.226562   3753.004639  1.38757e+02  5.59398e-10
4460.571289   3873.667480  1.59440e+02  6.23413e-10
4430.766602   3749.492676  1.87572e+02  7.55477e-10
4404.184082   3704.136963  2.36802e+02  9.67128e-10
4366.998535   3666.883545  1.98502e+02  8.19872e-10
4317.425293   3826.644775  2.60748e+02  1.03073e-09
4282.470215   3922.553955  3.02808e+02  1.16858e-09
4246.840820   3955.146973  3.78405e+02  1.44867e-09
4219.025879   3953.732178  3.83328e+02  1.46536e-09
4209.025879   3831.537598  2.80225e+02  1.09788e-09
4189.025879   3663.857666  1.47629e+02  6.07810e-10
4179.025879   3656.695557  1.20150e+02  4.97536e-10
4169.025879   3686.311523  1.08471e+02  4.45471e-10
4159.025879   3694.381592  9.71360e+01  3.97932e-10
4149.025879   3695.446045  8.53415e+01  3.49523e-10
4119.025879   3979.356689  8.31845e+01  3.17145e-10
4109.025879   4026.718262  7.27316e+01  2.72816e-10
4099.025879   3958.545654  5.47896e+01  2.08913e-10
4089.025879   3886.207764  4.42293e+01  1.71755e-10
4079.025879   3854.042480  4.09961e+01  1.60301e-10
4069.025879   4023.487549  4.77618e+01  1.78695e-10
4059.025879   4217.450195  5.74340e+01  2.06090e-10
4049.025879   4074.012451  6.48674e+01  2.41911e-10
4039.025879   3925.332275  7.62444e+01  2.96125e-10
4019.025879   3637.711670  1.36758e+02  5.69618e-10
4009.025879   3599.538574  1.60706e+02  6.76481e-10
3999.025879   3572.532471  1.76188e+02  7.46852e-10
3989.025879   3554.960693  1.87160e+02  7.97287e-10
3979.025879   3524.135498  2.10439e+02  9.05140e-10
3969.025879   3487.761475  2.37088e+02  1.02967e-09
3959.025879   3488.529053  2.52129e+02  1.09460e-09
3949.025879   3497.598145  2.67878e+02  1.15996e-09
3939.025879   3517.490234  2.80770e+02  1.20870e-09
3836.886719   3884.525146  3.85991e+02  1.50387e-09
3753.196045   3849.460449  3.74304e+02  1.47214e-09
3599.025879   4123.274902  3.70304e+02  1.35929e-09
3589.025879   4106.791016  3.68865e+02  1.35941e-09
3579.025879   4086.654541  3.66014e+02  1.35552e-09
3569.025879   4053.965332  3.61791e+02  1.35062e-09
3529.025879   3885.838135  3.39252e+02  1.32157e-09
3519.025879   3850.719238  3.36789e+02  1.32408e-09
3509.025879   3822.468750  3.36895e+02  1.33424e-09
3499.025879   3797.960205  3.38643e+02  1.34998e-09
3489.025879   3783.291016  3.43078e+02  1.37300e-09
3479.025879   3771.586182  3.48635e+02  1.39958e-09
3469.025879   3762.081299  3.55211e+02  1.42956e-09
3459.025879   3760.738281  3.63260e+02  1.46245e-09
3449.025879   3764.038818  3.72731e+02  1.49924e-09
3439.025879   3770.652344  3.83480e+02  1.53970e-09
3429.025879   3780.703125  3.95147e+02  1.58227e-09
3419.025879   3800.581299  4.09246e+02  1.63008e-09
3409.025879   3823.431885  4.22983e+02  1.67490e-09
3399.025879   3845.671387  4.35724e+02  1.71518e-09
3201.041260   3921.687744  7.19654e+02  2.77808e-09
3109.359131   4011.011230  8.61695e+02  3.25265e-09
3012.793213   4025.258301  9.45790e+02  3.55690e-09
2920.690918   4125.845703  1.21666e+03  4.46421e-09
2844.142822   4311.404297  1.51440e+03  5.31871e-09
2768.331543   4427.246582  1.67402e+03  5.72515e-09
2686.544922   4584.065918  2.09020e+03  6.90068e-09
2617.514160   4676.571289  2.66260e+03  8.61750e-09
2553.860107   4776.710449  3.09655e+03  9.81337e-09
2468.870605   4718.055664  2.99982e+03  9.62473e-09
2391.083496   4618.144043  4.11105e+03  1.34721e-08
2289.025879   5032.376465  2.95281e+03  8.93267e-09
2279.025879   5081.678223  2.31561e+03  6.90492e-09
2269.025879   5071.286133  1.74784e+03  5.22005e-09
2259.025879   5089.184082  1.51272e+03  4.49883e-09
2249.025879   5117.742676  1.55580e+03  4.60320e-09
2239.025879   5058.701660  1.81968e+03  5.45559e-09
2209.025879   4880.991211  3.19118e+03  9.89596e-09
2169.025879   5049.685547  3.43102e+03  1.02856e-08
2139.025879   4998.666504  4.28812e+03  1.29841e-08
2129.025879   4981.676270  4.69566e+03  1.42711e-08
2119.025879   4992.248047  4.97813e+03  1.51011e-08
2109.025879   5100.071289  4.86966e+03  1.44636e-08
2089.025879   5341.291992  3.23578e+03  9.22598e-09
2079.025879   5407.405273  2.36870e+03  6.63337e-09
2069.025879   5442.515137  1.50501e+03  4.18567e-09
2059.025879   5447.560547  1.34307e+03  3.72964e-09
2049.025879   5420.366211  1.29946e+03  3.62772e-09
2039.025879   5458.693848  1.38209e+03  3.83022e-09
2029.025879   5508.612793  1.46898e+03  4.03417e-09
2019.025879   5567.216309  1.54716e+03  4.20384e-09
2009.025879   5610.339355  1.61445e+03  4.35318e-09
1999.025879   5638.701172  1.68971e+03  4.53287e-09
1989.025879   5613.498535  1.64437e+03  4.42716e-09
1979.025879   5558.004395  1.54750e+03  4.21012e-09
1969.025879   5499.818359  1.32115e+03  3.62577e-09
1959.025879   5432.154785  1.04264e+03  2.90339e-09
1949.025879   5358.437500  9.40758e+02  2.65197e-09
1939.025879   5289.805664  8.60061e+02  2.46189e-09
1929.025879   5189.725098  9.35835e+02  2.73223e-09
1919.025879   5114.935059  1.01130e+03  2.99294e-09
1909.025879   5091.931641  1.09814e+03  3.26430e-09
1859.025879   4957.794922  1.56647e+03  4.78322e-09
1849.025879   4946.994141  1.62997e+03  4.98729e-09
1629.025879   4849.224609  2.44328e+03  7.63416e-09
1619.025879   4811.817871  2.86845e+03  9.02359e-09
1609.025879   4816.960449  3.25340e+03  1.02218e-08
1599.025879   4829.910645  3.48004e+03  1.09081e-08
1589.025879   4848.646973  3.05829e+03  9.55104e-09
1459.025879   4816.374023  4.28869e+03  1.34790e-08
1449.025879   4809.365723  4.37470e+03  1.37687e-08
1439.025879   4811.933594  4.44844e+03  1.39943e-08
1429.025879   4877.879883  4.17565e+03  1.29691e-08
1419.025879   4946.744629  3.78174e+03  1.15880e-08
1399.025879   5064.010742  2.29895e+03  6.86507e-09
1389.025879   5042.868164  1.85518e+03  5.56275e-09
1379.025879   5031.098145  1.62488e+03  4.88698e-09
1369.025879   5022.074219  1.51275e+03  4.55857e-09
1359.025879   5021.387207  1.52522e+03  4.59714e-09
1349.025879   5025.000000  1.56365e+03  4.70971e-09
1239.025879   5114.863770  3.93306e+03  1.16299e-08
1229.025879   5133.359863  4.53974e+03  1.33794e-08
1219.025879   5144.550293  4.96057e+03  1.45916e-08
1209.025879   5156.633301  5.14874e+03  1.51126e-08
1199.025879   5135.110352  4.73112e+03  1.39338e-08
1189.025879   5115.552734  4.05051e+03  1.19785e-08
1179.025879   5036.428223  3.24462e+03  9.70733e-09
1159.025879   4969.259277  2.31851e+03  7.06096e-09
1149.025879   4938.840332  2.27354e+03  6.97001e-09
1139.025879   4883.725098  2.39438e+03  7.42392e-09
1129.025879   4859.137207  2.55675e+03  7.96439e-09
1119.025879   4862.767090  2.74543e+03  8.54557e-09
1109.025879   4886.073730  2.83284e+03  8.77525e-09
1099.025879   4917.788574  2.89332e+03  8.90488e-09
1089.025879   4996.997070  2.83201e+03  8.58143e-09
1079.025879   5075.175781  2.79352e+03  8.32999e-09
 871.674255   5156.186523  2.32732e+04  6.81744e-08
 861.486389   5162.929199  3.83830e+04  1.12631e-07
 854.117432   5156.042969  4.75701e+04  1.39816e-07
 846.736328   5147.367188  5.30702e+04  1.56179e-07
 838.348450   5141.693848  5.54698e+04  1.63415e-07
 828.013733   5138.609863  5.73546e+04  1.69061e-07
 815.217590   5145.619629  5.94464e+04  1.75003e-07
 799.466858   5153.862793  6.18085e+04  1.81665e-07
 780.091187   5162.553223  6.40687e+04  1.87984e-07
 756.150085   5178.350098  6.64940e+04  1.94536e-07
 726.708496   5220.458496  6.91273e+04  2.00561e-07
 690.586243   5253.609375  7.22589e+04  2.08317e-07
 647.143677   5266.802734  7.68655e+04  2.20968e-07
 619.025940   5306.497070  5.00165e+04  1.42913e-07
 609.025940   5257.897461  3.45157e+04  9.84332e-08
 599.025940   5113.394043  1.87067e+04  5.47287e-08
 579.025940   4994.438477  1.15218e+04  3.49116e-08
 569.025940   5005.757324  1.36376e+04  4.12293e-08
 559.025940   5018.826172  1.60826e+04  4.85150e-08
 549.025940   5033.178223  1.89100e+04  5.68909e-08
 539.025940   5044.849121  2.11225e+04  6.33878e-08
 529.025940   5073.356445  2.21438e+04  6.60761e-08
 519.025940   5091.664551  2.29460e+04  6.82307e-08
 509.025909   5103.449707  2.33841e+04  6.93763e-08
 146.241287   5499.602051  5.62350e+04  1.54783e-07
  59.994240   6060.824707  1.33134e+05  3.32174e-07
  37.097599   6423.601562  1.54956e+05  3.66297e-07
  23.729919   7304.591797  1.50934e+05  3.15516e-07
  17.384319   8006.476562  1.49526e+05  2.84483e-07
  13.671040   8568.276367  1.48837e+05  2.63315e-07
   9.833600   9120.129883  1.48174e+05  2.42868e-07
   6.872960   9437.860352  1.47739e+05  2.31276e-07
   3.648000   9713.408203  1.47349e+05  2.21247e-07
   0.000000   9948.209961  1.47051e+05  2.12837e-07
