5882.562500   3718.385254  4.20283e-01  1.70321e-12
5877.054688   3828.061279  4.93071e-01  1.94285e-12
5870.997070   3927.487793  5.71501e-01  2.19227e-12
5864.764648   4026.960205  6.54193e-01  2.45437e-12
5858.055664   4100.580078  7.24453e-01  2.67479e-12
5850.639160   4147.794922  7.79402e-01  2.84415e-12
5842.271484   4197.124023  8.36850e-01  3.01945e-12
5832.811035   4240.561523  8.85868e-01  3.16393e-12
5821.767578   4272.012207  9.13006e-01  3.23733e-12
5800.588379   4190.356934  8.11275e-01  2.92130e-12
5790.588379   4058.113525  6.73850e-01  2.51367e-12
5780.588379   3726.911377  4.75442e-01  1.88080e-12
5770.588379   3374.719238  2.80768e-01  1.24622e-12
5760.588379   2971.901611  1.64231e-01  7.87711e-13
5750.588379   2654.418701  7.76713e-02  4.39125e-13
5740.588379   2492.520264  5.31275e-02  3.17622e-13
5730.588379   2401.742432  3.94735e-02  2.48624e-13
5720.588379   2366.812256  3.49348e-02  2.23397e-13
5710.588379   2354.812256  3.37959e-02  2.17376e-13
5700.588379   2349.813965  3.36080e-02  2.16641e-13
5690.588379   2363.817383  3.59826e-02  2.30542e-13
5680.588379   2387.757568  3.96776e-02  2.51368e-13
5670.588379   2455.071045  4.90869e-02  3.02012e-13
5660.588379   2571.565918  6.91659e-02  4.00882e-13
5650.588379   2766.986816  1.06570e-01  5.76878e-13
5640.588379   2971.706055  1.62842e-01  8.16832e-13
5630.588379   3182.890625  2.33607e-01  1.10597e-12
5610.588379   3416.449707  3.66062e-01  1.62297e-12
5600.588379   3465.791504  4.17400e-01  1.82245e-12
5590.588379   3499.419922  4.60818e-01  1.99464e-12
5580.588379   3473.094482  4.67995e-01  2.04106e-12
5570.588379   3411.161865  4.54161e-01  2.01329e-12
5560.588379   3298.746338  4.10471e-01  1.88143e-12
5550.588379   3128.915283  3.43679e-01  1.64744e-12
5540.588379   2923.826904  2.60502e-01  1.34264e-12
5530.588379   2731.841553  1.96956e-01  1.07580e-12
5520.588379   2546.107422  1.36546e-01  8.12121e-13
5510.588379   2467.648193  1.16479e-01  7.11750e-13
5500.588379   2401.296875  9.85422e-02  6.21344e-13
5490.588379   2373.847412  9.12338e-02  5.81660e-13
5480.588379   2355.499756  8.59968e-02  5.52955e-13
5470.588379   2348.582031  8.37838e-02  5.40318e-13
5460.588379   2344.482178  8.28827e-02  5.35469e-13
5450.588379   2341.904785  8.23126e-02  5.32383e-13
5440.588379   2347.543213  8.32235e-02  5.37020e-13
5430.588379   2355.383545  8.44145e-02  5.42862e-13
5420.588379   2375.678223  8.75855e-02  5.58458e-13
5410.588379   2398.928467  9.14583e-02  5.77487e-13
5400.588379   2430.290283  9.58320e-02  5.97301e-13
5390.588379   2466.077148  1.00331e-01  6.16278e-13
5380.588379   2506.793945  1.04969e-01  6.34289e-13
5370.588379   2539.561523  1.07565e-01  6.41717e-13
5360.588379   2568.570068  1.09617e-01  6.46466e-13
5350.588379   2583.916016  1.09210e-01  6.40323e-13
5340.588379   2595.929199  1.08051e-01  6.30471e-13
5330.588379   2592.370117  1.05161e-01  6.14418e-13
5320.588379   2585.991699  1.02061e-01  5.97744e-13
5310.588379   2572.932373  9.95193e-02  5.85776e-13
5300.588379   2562.233643  9.80419e-02  5.79557e-13
5290.588379   2553.870117  9.77432e-02  5.79695e-13
5280.588379   2556.074463  1.00084e-01  5.93094e-13
5270.588379   2562.623535  1.03573e-01  6.12198e-13
5260.588379   2615.589355  1.16728e-01  6.75191e-13
5250.588379   2684.313721  1.33964e-01  7.54412e-13
5240.588379   2836.394043  1.72231e-01  9.14258e-13
5230.588379   3005.427490  2.20464e-01  1.10414e-12
5220.588379   3209.436035  2.88222e-01  1.35168e-12
5210.588379   3409.891602  3.68914e-01  1.62883e-12
5200.588379   3607.227051  4.60794e-01  1.92924e-12
5140.588379   3849.787598  7.66448e-01  3.01458e-12
5130.588379   3747.955322  7.42903e-01  3.00115e-12
5120.588379   3621.155029  7.04276e-01  2.94149e-12
5100.588379   3307.918457  5.93719e-01  2.70922e-12
5090.588379   3134.670654  5.27125e-01  2.54656e-12
5080.588379   2955.794922  4.61502e-01  2.35234e-12
5070.588379   2781.774414  3.96913e-01  2.15768e-12
5060.588379   2630.567627  3.48571e-01  1.99755e-12
5050.588379   2515.238037  3.13929e-01  1.88953e-12
5040.588379   2457.008789  3.03797e-01  1.87179e-12
5030.588379   2425.369629  3.04883e-01  1.90412e-12
5020.588379   2412.070068  3.14184e-01  1.97301e-12
5010.588379   2450.863037  3.55461e-01  2.19381e-12
5000.588379   2503.537598  4.06684e-01  2.46017e-12
4990.588379   2738.451660  5.87202e-01  3.20309e-12
4980.588379   2994.088135  8.07330e-01  4.04600e-12
4970.588379   3327.853760  1.15927e+00  5.20222e-12
4960.588379   3612.168213  1.51720e+00  6.33183e-12
4940.588379   3929.931885  2.10085e+00  8.09526e-12
4930.588379   3964.854004  2.24969e+00  8.59382e-12
4920.588379   3811.867920  2.12084e+00  8.40714e-12
4910.588379   3613.292480  1.92697e+00  8.07058e-12
4900.588379   3229.312744  1.53090e+00  7.06914e-12
4890.588379   2876.337891  1.16746e+00  6.11774e-12
4880.588379   2621.905518  9.38419e-01  5.35920e-12
4860.588379   2402.769775  7.56390e-01  4.76509e-12
4850.588379   2375.658203  7.50937e-01  4.78767e-12
4840.588379   2362.929443  7.61434e-01  4.88096e-12
4830.588379   2365.258301  7.98744e-01  5.11504e-12
4820.588379   2374.407715  8.46967e-01  5.40153e-12
4810.588379   2447.579590  9.85276e-01  6.08643e-12
4800.588379   2616.931885  1.24833e+00  7.11221e-12
4790.588379   3047.608398  1.84932e+00  9.03222e-12
4780.588379   3519.651123  2.57823e+00  1.09451e-11
4770.588379   4037.419434  3.44615e+00  1.28302e-11
4750.588379   4565.652832  4.49045e+00  1.48925e-11
4740.588379   4460.275879  4.31450e+00  1.46343e-11
4730.588379   4289.165039  4.00764e+00  1.41262e-11
4720.588379   3876.220215  3.26687e+00  1.26214e-11
4710.588379   3450.777588  2.54593e+00  1.10565e-11
4700.588379   2995.997314  1.87823e+00  9.29728e-12
4690.588379   2677.669922  1.41894e+00  7.97657e-12
4680.588379   2493.268555  1.17151e+00  7.08055e-12
4670.588379   2418.243164  1.07654e+00  6.74000e-12
4660.588379   2387.759521  1.05017e+00  6.66135e-12
4650.588379   2393.383789  1.12897e+00  7.14415e-12
4640.588379   2407.845947  1.23977e+00  7.79404e-12
4630.588379   2462.070312  1.49560e+00  9.18263e-12
4620.588379   2565.342773  1.89269e+00  1.10793e-11
4610.588379   2768.906006  2.58706e+00  1.40357e-11
4600.588379   3082.580078  3.72685e+00  1.79374e-11
4590.588379   3492.198975  5.27183e+00  2.26679e-11
4571.217773   4284.454102  9.14622e+00  3.22747e-11
4554.187012   4583.512207  1.12550e+01  3.71754e-11
4530.588379   4417.801758  1.08399e+01  3.71207e-11
4520.588379   4237.357910  9.97579e+00  3.56049e-11
4510.588379   4027.459961  9.05997e+00  3.39747e-11
4490.588379   3559.732910  7.35295e+00  3.12115e-11
4480.588379   3323.946533  6.69045e+00  3.04840e-11
4470.588379   3250.766602  6.66369e+00  3.10476e-11
4460.588379   3223.457031  6.87735e+00  3.22734e-11
4450.588379   3384.437256  8.02619e+00  3.58182e-11
4440.588379   3631.998535  1.00535e+01  4.14487e-11
4430.588379   4016.220703  1.34901e+01  5.04120e-11
4408.696289   4664.640625  2.49979e+01  8.07778e-11
4397.243652   4774.496094  3.25355e+01  1.02967e-10
4387.115723   4786.160645  3.86736e+01  1.22318e-10
4375.458008   4720.790527  4.38150e+01  1.40541e-10
4359.886230   4597.183105  4.70791e+01  1.55074e-10
4340.588379   4438.356445  4.45301e+01  1.51826e-10
4330.588379   4179.881348  3.83375e+01  1.37303e-10
4320.588379   3804.298096  2.91672e+01  1.15380e-10
4310.588379   3362.073242  2.07593e+01  9.07488e-11
4300.588379   2955.720459  1.24803e+01  6.39841e-11
4290.588379   2812.984863  8.91015e+00  4.73958e-11
4280.588379   2710.675049  5.89594e+00  3.29502e-11
4270.588379   2629.433838  4.27703e+00  2.43883e-11
4260.588379   2667.689209  3.16397e+00  1.80190e-11
4250.588379   2733.644043  2.47227e+00  1.37792e-11
4240.588379   2822.224365  2.10272e+00  1.13922e-11
4230.588379   2926.896240  1.92356e+00  1.00164e-11
4220.588379   3225.189941  2.19338e+00  1.02535e-11
4210.588379   3551.490479  2.62023e+00  1.11477e-11
4200.588379   3920.770752  3.82609e+00  1.45645e-11
4190.588379   4170.182129  5.31375e+00  1.92320e-11
4180.588379   4188.947754  7.04701e+00  2.54834e-11
4170.588379   4121.038574  8.66378e+00  3.19139e-11
4150.588379   3938.989258  1.26858e+01  4.88989e-11
4140.588379   3874.784180  1.57249e+01  6.14366e-11
4130.588379   3852.718750  2.14323e+01  8.43363e-11
4120.588379   3824.012939  2.71952e+01  1.07650e-10
4110.588379   3789.274414  2.88787e+01  1.15380e-10
4100.588379   3759.170410  3.02957e+01  1.21954e-10
4090.588135   3728.702393  3.06928e+01  1.24570e-10
4080.588135   3730.307373  3.00885e+01  1.22117e-10
4070.588135   3765.088867  2.85050e+01  1.14620e-10
4060.588135   3795.363281  2.60341e+01  1.03879e-10
4050.588135   3831.171875  2.32791e+01  9.19668e-11
4020.588135   3929.455811  1.96998e+01  7.59023e-11
4010.588135   3923.706543  1.67016e+01  6.43020e-11
4000.588135   3841.180664  1.36620e+01  5.36605e-11
3980.588135   3650.021973  1.09819e+01  4.55206e-11
3970.588135   3672.400635  1.45914e+01  5.98514e-11
3940.588135   3881.464355  4.00860e+01  1.56347e-10
3930.588135   3840.469482  4.69403e+01  1.85242e-10
3920.588135   3783.178467  5.35159e+01  2.14311e-10
3871.345947   3734.896973  4.87188e+01  1.97443e-10
3740.692139   3880.630371  9.40544e+01  3.66637e-10
3712.931641   3951.943848  1.21686e+02  4.65978e-10
3689.053467   3981.961670  1.49662e+02  5.68755e-10
3664.576660   3949.101074  1.66190e+02  6.36532e-10
3640.848633   3980.437500  2.20453e+02  8.37535e-10
3621.365723   4050.584717  2.68757e+02  1.00419e-09
3601.231445   4033.833496  2.96819e+02  1.11376e-09
3578.895996   4014.152832  3.25941e+02  1.22918e-09
3554.787109   4024.740723  3.83739e+02  1.44254e-09
3532.180420   4048.588135  4.55336e+02  1.70242e-09
3502.450195   4046.525879  3.86532e+02  1.44701e-09
3454.421387   4115.046875  4.05834e+02  1.49280e-09
3407.733154   4040.777588  4.93341e+02  1.84874e-09
3366.881836   3963.515869  6.03550e+02  2.30542e-09
3290.588135   3782.616943  5.47581e+02  2.19233e-09
3280.588135   3792.025146  4.97613e+02  1.98715e-09
3270.588135   3797.350342  4.73112e+02  1.88645e-09
3260.588135   3801.630371  4.64349e+02  1.84932e-09
3250.588135   3846.580322  4.86173e+02  1.91318e-09
3158.402588   4004.742676  7.89317e+02  2.98337e-09
3095.570801   4032.759277  9.62090e+02  3.61090e-09
3038.573486   4068.123535  1.11826e+03  4.16121e-09
2982.310059   4203.675293  1.24780e+03  4.49414e-09
2922.052734   4227.255371  1.46287e+03  5.23887e-09
2853.468750   4216.160156  1.50634e+03  5.40845e-09
2777.939453   4119.680664  1.65265e+03  6.07334e-09
2685.364258   4038.724365  1.77883e+03  6.66863e-09
2571.414062   4200.963867  1.80028e+03  6.48822e-09
2450.629150   4313.592285  2.13779e+03  7.50211e-09
2327.332764   4051.224609  2.38763e+03  8.92559e-09
2135.383301   3508.737793  3.45435e+03  1.50162e-08
1978.366455   3744.226562  5.71361e+03  2.32099e-08
1902.266235   3921.905762  7.18552e+03  2.78104e-08
1845.961548   4079.392090  8.43331e+03  3.13505e-08
1796.302124   4198.243652  9.47786e+03  3.42206e-08
1745.703735   4278.450195  1.03374e+04  3.66187e-08
1690.604492   4349.615723  1.12083e+04  3.90467e-08
1629.926025   4414.892090  1.22159e+04  4.19254e-08
1564.008667   4523.400879  1.34609e+04  4.50781e-08
1491.887085   4626.581543  1.47727e+04  4.83633e-08
1412.663330   4770.971191  1.64554e+04  5.22349e-08
1328.397095   5024.833496  1.91488e+04  5.77022e-08
1240.576904   5162.303711  2.16842e+04  6.35928e-08
1130.588135   4964.204102  2.68619e+04  8.19255e-08
1120.588135   4898.947754  2.51365e+04  7.76179e-08
1110.588135   4856.285645  2.21346e+04  6.89243e-08
1090.588135   5053.225586  1.31075e+04  3.93539e-08
1080.588135   5064.813965  9.32654e+03  2.79160e-08
1030.588135   5161.178711  8.74838e+03  2.56540e-08
1020.588135   5167.676270  1.08852e+04  3.18839e-08
1010.588135   5172.669922  1.46139e+04  4.27682e-08
1000.588135   5170.180176  1.91606e+04  5.61146e-08
 970.588135   4976.259277  2.38469e+04  7.25753e-08
 960.588135   4944.885742  2.51693e+04  7.70308e-08
 950.588135   4941.988770  2.70958e+04  8.29254e-08
 940.588135   4985.417480  2.88535e+04  8.75441e-08
 930.588135   5045.358398  3.02635e+04  9.07950e-08
 866.295349   5152.101562  3.69203e+04  1.08531e-07
 790.303345   5209.573730  4.28834e+04  1.24670e-07
 712.945251   5220.574219  5.02492e+04  1.45771e-07
 634.631042   5349.519531  5.76860e+04  1.63321e-07
 553.434265   5360.019043  6.45457e+04  1.82362e-07
 461.016327   5357.673340  6.86574e+04  1.94070e-07
 358.463989   5428.774414  7.77422e+04  2.16858e-07
 256.399353   5601.193848  9.17951e+04  2.48124e-07
 170.463364   5965.064941  1.10153e+05  2.79561e-07
 109.076477   6398.367188  1.22777e+05  2.90359e-07
  67.726082   6864.019531  1.31291e+05  2.89201e-07
  38.325119   7388.329102  1.36874e+05  2.80028e-07
  20.104959   8022.710938  1.39359e+05  2.61475e-07
   8.670720   8664.314453  1.40253e+05  2.42234e-07
   0.000000   9117.825195  1.40828e+05  2.28893e-07
