6676.622070   3925.871582  2.58566e+00  9.96149e-12
6675.866211   3924.553955  2.57769e+00  9.93538e-12
6674.869629   3922.816650  2.56719e+00  9.90096e-12
6673.556641   3920.526611  2.55334e+00  9.85559e-12
6671.825195   3917.507812  2.53509e+00  9.79578e-12
6669.542969   3913.528320  2.51103e+00  9.71693e-12
6666.535645   3926.955811  2.53417e+00  9.77323e-12
6662.574707   3950.118164  2.58071e+00  9.89431e-12
6657.375488   3975.684570  2.61857e+00  9.97637e-12
6650.565918   3988.164551  2.56054e+00  9.72533e-12
6641.200684   3993.198975  2.41166e+00  9.14777e-12
6625.866699   3761.997559  1.68404e+00  6.70997e-12
6608.996582   3526.853027  1.09327e+00  4.66843e-12
6598.996582   3456.846924  9.11424e-01  3.99443e-12
6588.996582   3488.611328  9.00858e-01  3.91244e-12
6541.392090   4106.015625  1.85246e+00  6.81877e-12
6517.427246   4375.959473  2.53582e+00  8.77132e-12
6497.511230   4442.693359  2.82513e+00  9.63003e-12
6477.982910   4567.919922  3.18168e+00  1.05487e-11
6448.996582   4566.466309  2.98614e+00  9.88334e-12
6438.996582   4438.427246  2.57220e+00  8.75131e-12
6428.996582   4199.827148  2.00065e+00  7.14270e-12
6408.996582   3696.085205  1.08666e+00  4.39847e-12
6398.996582   3477.426514  8.06232e-01  3.48285e-12
6388.996582   3285.970215  6.12654e-01  2.80985e-12
6378.996582   3199.768555  5.43031e-01  2.56779e-12
6368.996582   3140.836426  5.06601e-01  2.44314e-12
6358.996582   3231.762451  5.94595e-01  2.78082e-12
6348.996582   3362.991943  7.31469e-01  3.26814e-12
6338.996582   3647.993896  1.05082e+00  4.30998e-12
6328.996582   3974.324463  1.48619e+00  5.58324e-12
6318.996582   4359.248047  2.08914e+00  7.18876e-12
6308.996582   4579.286133  2.47625e+00  8.18227e-12
6298.996582   4698.070312  2.72785e+00  8.79167e-12
6288.996582   4702.630859  2.72207e+00  8.76675e-12
6265.487793   5089.474121  3.20225e+00  9.51160e-12
6254.716309   5322.842773  3.48668e+00  9.92135e-12
6245.678711   5428.225586  3.58970e+00  1.00167e-11
6235.203125   5438.806152  3.57806e+00  9.96476e-12
6220.494141   5374.540527  3.54707e+00  9.99734e-12
6188.996582   5347.580566  4.33370e+00  1.22771e-11
6178.996582   5185.567383  4.45600e+00  1.30299e-11
6168.996582   4986.641602  4.48792e+00  1.36280e-11
6148.996582   4395.054199  3.99569e+00  1.37622e-11
6138.996582   4113.570801  3.75449e+00  1.38184e-11
6128.996582   3856.461426  3.57732e+00  1.40525e-11
6118.996582   3610.877930  3.44002e+00  1.44312e-11
6108.996582   3525.034180  3.79498e+00  1.63331e-11
6098.996582   3480.179443  4.33000e+00  1.88111e-11
6088.996582   3637.615234  5.88172e+00  2.43235e-11
6078.996582   3844.052734  7.84577e+00  3.06446e-11
6068.996582   4166.604492  1.07485e+01  3.87072e-11
6058.996582   4405.621094  1.28895e+01  4.42677e-11
6048.996582   4562.001465  1.42335e+01  4.72277e-11
6038.996582   4272.982422  1.17584e+01  4.07258e-11
6028.996582   3800.844238  7.60331e+00  3.00944e-11
6018.996582   3199.055176  4.48516e+00  1.94974e-11
6008.996582   2647.048340  1.68224e+00  9.60762e-12
5998.996582   2546.635986  1.25785e+00  7.40703e-12
5988.996582   2473.664551  9.16050e-01  5.60641e-12
5978.996582   2457.305664  7.85071e-01  4.83537e-12
5968.996582   2456.692871  7.11991e-01  4.39102e-12
5958.996582   2469.909668  6.89645e-01  4.23006e-12
5948.996582   2541.818604  7.61154e-01  4.52671e-12
5938.996582   2634.525879  8.69774e-01  4.99965e-12
5928.996582   2815.986328  1.07395e+00  5.74433e-12
5918.996582   2986.898682  1.27081e+00  6.44481e-12
5908.996582   3068.529785  1.33443e+00  6.58800e-12
5898.996582   3110.478516  1.34410e+00  6.54273e-12
5888.996582   3080.695557  1.25301e+00  6.15762e-12
5878.996582   3053.329346  1.17182e+00  5.81060e-12
5868.996582   3027.846436  1.10200e+00  5.51148e-12
5858.996582   3070.525635  1.11658e+00  5.50921e-12
5848.996582   3133.789551  1.15699e+00  5.59240e-12
5838.996582   3272.003906  1.29672e+00  5.99394e-12
5828.996582   3409.544678  1.44310e+00  6.40810e-12
5818.996582   3534.894531  1.60195e+00  6.85717e-12
5808.996582   3641.693115  1.74341e+00  7.24997e-12
5798.996582   3718.966797  1.85421e+00  7.55055e-12
5788.996582   3861.399658  2.05085e+00  8.02986e-12
5778.996582   4048.774414  2.30979e+00  8.63484e-12
5768.996582   4285.233398  2.65964e+00  9.37431e-12
5758.996582   4533.750977  3.03597e+00  1.01430e-11
5748.996582   4678.342773  3.32108e+00  1.07427e-11
5698.996582   4851.167480  4.26156e+00  1.33057e-11
5688.996582   4860.190918  4.46149e+00  1.39044e-11
5678.996582   4854.233887  4.66739e+00  1.45648e-11
5668.996582   4844.739258  4.88622e+00  1.52770e-11
5658.996582   4823.271484  5.13570e+00  1.61304e-11
5648.996582   4806.812500  5.42027e+00  1.70804e-11
5638.996582   4806.273438  5.80429e+00  1.82926e-11
5628.996582   4776.535156  6.16213e+00  1.95492e-11
5618.996582   4710.419922  6.49505e+00  2.08930e-11
5608.996582   4642.583496  6.85979e+00  2.23942e-11
5598.996582   4573.824707  7.24835e+00  2.40087e-11
5508.996582   4392.796387  1.02785e+01  3.54423e-11
5498.996582   4381.539551  1.02177e+01  3.53212e-11
5438.996582   4364.077637  6.99791e+00  2.42933e-11
5418.996582   4110.112305  5.01601e+00  1.84680e-11
5408.996582   3716.936523  3.92875e+00  1.57326e-11
5398.996582   3297.081543  2.85761e+00  1.30631e-11
5388.996582   2844.218994  2.12866e+00  1.10566e-11
5378.996582   2504.366943  1.57800e+00  9.52777e-12
5368.996582   2395.593018  1.43812e+00  9.07066e-12
5358.996582   2338.902588  1.39160e+00  9.01221e-12
5348.996582   2327.594971  1.43202e+00  9.31905e-12
5338.996582   2339.200195  1.54665e+00  1.00119e-11
5328.996582   2358.842773  1.69195e+00  1.08644e-11
5318.996582   2428.801758  1.98145e+00  1.23314e-11
5308.996582   2501.968506  2.28830e+00  1.38469e-11
5298.996582   2577.082764  2.59504e+00  1.52329e-11
5288.996582   2612.985352  2.82002e+00  1.63480e-11
5278.996582   2578.610840  2.88429e+00  1.69436e-11
5268.996582   2518.565430  2.89669e+00  1.74146e-11
5258.996582   2438.681152  2.85426e+00  1.77250e-11
5248.996582   2390.887939  2.86368e+00  1.81404e-11
5238.996582   2352.679199  2.88747e+00  1.85902e-11
5228.996582   2350.464844  2.97410e+00  1.91661e-11
5218.996582   2349.780518  3.09693e+00  2.00454e-11
5208.996582   2351.987793  3.29663e+00  2.13992e-11
5198.996582   2356.343506  3.59871e+00  2.33980e-11
5188.996582   2364.091064  4.07053e+00  2.64714e-11
5178.996582   2387.739258  4.73942e+00  3.05175e-11
5168.996582   2420.125244  5.33939e+00  3.38526e-11
5158.996582   2511.842773  6.30494e+00  3.81512e-11
5148.996582   2619.168457  7.40189e+00  4.29279e-11
5138.996582   2935.998291  9.36816e+00  4.79303e-11
5128.996582   3255.479492  1.14243e+01  5.29887e-11
5118.996582   3571.654053  1.37671e+01  5.80834e-11
5108.996582   3836.549316  1.59278e+01  6.27926e-11
5088.996582   4147.364258  1.88709e+01  6.88951e-11
5078.996582   4246.184082  1.97813e+01  7.05076e-11
5068.996582   4199.821289  1.98207e+01  7.15193e-11
5058.996582   4162.089355  1.97108e+01  7.16934e-11
5048.996582   3856.444092  1.73227e+01  6.75711e-11
5038.996582   3529.885986  1.45267e+01  6.19399e-11
5028.996582   3032.611084  1.13760e+01  5.60351e-11
5018.996582   2756.203125  9.08889e+00  4.98671e-11
5008.996582   2612.859375  7.42268e+00  4.31651e-11
4998.996582   2533.916504  6.21062e+00  3.75177e-11
4988.996582   2489.679932  5.29067e+00  3.25134e-11
4978.996582   2570.708252  5.61244e+00  3.30942e-11
4968.996582   2821.485840  6.59139e+00  3.56990e-11
4958.996582   3108.513428  9.07083e+00  4.42119e-11
4948.996582   3365.256836  1.35904e+01  6.05728e-11
4938.996582   3580.246582  2.32744e+01  9.76681e-11
4928.996582   3727.411865  3.21936e+01  1.30098e-10
4908.996582   3923.169922  4.18389e+01  1.61354e-10
4898.996582   3961.224121  4.16142e+01  1.58897e-10
4888.996582   3869.679688  3.85617e+01  1.50717e-10
4878.996582   3813.279297  3.61403e+01  1.43435e-10
4828.996582   3718.803955  3.46543e+01  1.41048e-10
4818.996582   3683.891113  3.38967e+01  1.39210e-10
4788.996582   3564.871582  2.52578e+01  1.07233e-10
4778.996582   3575.558594  2.16964e+01  9.18436e-11
4768.996582   3576.811035  1.81469e+01  7.67319e-11
4758.996582   3556.348633  1.46927e+01  6.24496e-11
4748.996582   3571.515625  1.21699e+01  5.16372e-11
4738.996582   3622.205078  1.05557e+01  4.41431e-11
4718.996582   3830.090088  1.06885e+01  4.22389e-11
4708.996582   3810.633545  1.10526e+01  4.39093e-11
4688.996582   3665.207275  1.87423e+01  7.79593e-11
4678.996582   3662.121582  4.21645e+01  1.69588e-10
4668.996582   3827.293457  9.67792e+01  3.77664e-10
4663.001953   3864.584473  1.25433e+02  4.89876e-10
4651.423828   3849.908936  1.75252e+02  6.89939e-10
4640.437988   3826.948242  1.88648e+02  7.46180e-10
4626.159180   3820.044678  1.80628e+02  7.15767e-10
4578.996582   3878.807373  9.10184e+01  3.55178e-10
4568.996582   3881.512451  6.68562e+01  2.60698e-10
4558.996582   3883.815674  4.25757e+01  1.65923e-10
4548.996582   3900.433594  2.66674e+01  1.03672e-10
4538.996582   3917.592285  1.28259e+01  4.95499e-11
4528.996582   3849.248779  8.95866e+00  3.50455e-11
4498.996582   3703.666748  7.88724e+00  3.22815e-11
4488.996582   3642.212646  9.28896e+00  3.86570e-11
4478.996582   3602.164551  1.07198e+01  4.50635e-11
4468.996582   3587.015137  1.23085e+01  5.19416e-11
4458.996582   3583.132324  1.31644e+01  5.56062e-11
4448.996582   3581.621338  1.38621e+01  5.85764e-11
4438.996582   3583.636475  1.42804e+01  6.03174e-11
4428.996582   3582.338623  1.45697e+01  6.15616e-11
4418.996582   3608.182373  1.46547e+01  6.14710e-11
4408.996582   3640.946045  1.48179e+01  6.15961e-11
4398.996582   3678.594727  1.50707e+01  6.20098e-11
4388.996582   3683.285400  1.50312e+01  6.17634e-11
4378.996582   3673.336914  1.48159e+01  6.10464e-11
4368.996582   3703.133301  1.45165e+01  5.93592e-11
4318.996582   3635.606201  1.30184e+01  5.41889e-11
4308.996582   3539.565674  1.26276e+01  5.39930e-11
4298.996582   3465.549805  1.21511e+01  5.30533e-11
4288.996582   3399.402344  1.16853e+01  5.20321e-11
4278.996582   3436.500000  1.17521e+01  5.17774e-11
4268.996582   3484.524170  1.21672e+01  5.28477e-11
4258.996582   3529.902344  1.43440e+01  6.14137e-11
4248.996582   3587.249268  1.67186e+01  7.04800e-11
4238.996582   3630.589355  1.90698e+01  7.94482e-11
4228.996582   3673.631592  2.06533e+01  8.50864e-11
4198.996582   3628.902100  2.16601e+01  9.03523e-11
4168.996582   3782.878662  3.30757e+01  1.32240e-10
4158.996582   3802.326172  3.61130e+01  1.43740e-10
4108.996582   3706.204590  3.21080e+01  1.31121e-10
4098.996582   3716.426514  3.07302e+01  1.25167e-10
4068.996582   3852.214355  2.32646e+01  9.14094e-11
4058.996582   3865.333740  2.21446e+01  8.67050e-11
4048.996582   3889.333008  2.20198e+01  8.56798e-11
4038.996582   3922.629883  2.24021e+01  8.64313e-11
4028.996582   3937.622070  2.25461e+01  8.66633e-11
4018.996582   3910.773926  2.22750e+01  8.62347e-11
3998.996582   3623.877197  2.44390e+01  1.01553e-10
3988.996582   3730.789307  4.46271e+01  1.79362e-10
3948.667236   3948.438721  2.60822e+02  9.98509e-10
3930.724854   4022.007324  3.36536e+02  1.26634e-09
3912.510986   4027.243652  3.62136e+02  1.36095e-09
3891.878418   4071.590576  4.02603e+02  1.49635e-09
3870.193604   4087.552979  4.71755e+02  1.74679e-09
3849.465576   4179.400391  5.51795e+02  1.99816e-09
3824.617676   4387.954590  5.56069e+02  1.91897e-09
3790.729492   4570.786133  6.19999e+02  2.05233e-09
3757.286133   4602.658691  7.38543e+02  2.42814e-09
3722.038086   4591.378418  8.28273e+02  2.72980e-09
3687.365479   4677.718262  9.67572e+02  3.13037e-09
3644.353271   4685.030762  9.10368e+02  2.94008e-09
3584.370850   4500.898438  9.39300e+02  3.15878e-09
3524.948486   4333.080566  1.12210e+03  3.92003e-09
3466.386230   4163.909180  1.20573e+03  4.38343e-09
3397.923828   4009.471680  1.36903e+03  5.16954e-09
3325.983398   3956.785400  1.61930e+03  6.19807e-09
3251.328857   4034.369873  1.85756e+03  6.97295e-09
3178.856689   4155.604004  2.08652e+03  7.60308e-09
3102.769043   4255.870117  2.38365e+03  8.47890e-09
3035.165039   4417.609375  3.04630e+03  1.04389e-08
2970.317383   4369.370117  3.44990e+03  1.19533e-08
2908.747803   4715.409180  4.51930e+03  1.45078e-08
2850.645996   4623.733398  5.07955e+03  1.66321e-08
2792.590088   4603.824219  5.87002e+03  1.93002e-08
2732.867432   4470.073242  6.74383e+03  2.28479e-08
2688.996582   4485.231934  7.24756e+03  2.44635e-08
2658.996582   4263.654785  5.24157e+03  1.85920e-08
2648.996582   4244.481445  5.06690e+03  1.80572e-08
2638.996582   4257.611816  5.13298e+03  1.82409e-08
2628.996582   4312.051758  5.57027e+03  1.95265e-08
2618.996582   4383.623047  6.15449e+03  2.12512e-08
2538.996582   4399.793945  6.03404e+03  2.07647e-08
2528.996582   4382.343262  5.93525e+03  2.05112e-08
2518.996582   4404.594727  6.27734e+03  2.15754e-08
2508.996582   4418.199707  6.57078e+03  2.25156e-08
2498.996582   4424.766602  6.69091e+03  2.28962e-08
2488.996582   4430.112793  6.70298e+03  2.29132e-08
2478.996582   4433.652344  6.56022e+03  2.24081e-08
2468.996582   4499.226562  7.15856e+03  2.40686e-08
2458.996582   4580.769531  7.85113e+03  2.59440e-08
2438.996582   4786.815430  1.02257e+04  3.23394e-08
2428.996582   4825.011719  1.09460e+04  3.43399e-08
2418.996582   4831.188477  1.14123e+04  3.57670e-08
2408.996582   4791.322266  1.14547e+04  3.62004e-08
2398.996582   4746.659668  1.13924e+04  3.63418e-08
2306.447754   4707.367188  1.34836e+04  4.33419e-08
2244.736572   4646.859375  1.72536e+04  5.62368e-08
2189.192871   4669.778809  1.97373e+04  6.40393e-08
2123.972168   4773.389160  1.98233e+04  6.28799e-08
2045.114502   4911.162109  2.42253e+04  7.46863e-08
1968.996460   4820.020508  1.43347e+04  4.48560e-08
1958.996460   4778.845703  1.27021e+04  4.01035e-08
1948.996460   4737.303711  1.08635e+04  3.46239e-08
1938.996460   4711.866211  9.00096e+03  2.88765e-08
1928.996460   4717.652832  7.62398e+03  2.44569e-08
1918.996460   4709.849609  6.25371e+03  2.01035e-08
1908.996460   4734.950195  5.52335e+03  1.76706e-08
1898.996460   4770.923828  4.66781e+03  1.48133e-08
1888.996460   4810.011719  3.98035e+03  1.25376e-08
1878.996460   4830.387695  3.19991e+03  1.00297e-08
1868.996460   4838.297363  2.37204e+03  7.42189e-09
1858.996460   4843.088379  1.85569e+03  5.79920e-09
1848.996460   4846.638672  1.44129e+03  4.50080e-09
1808.996460   4963.433594  1.46058e+03  4.45289e-09
1798.996460   4981.773926  1.48394e+03  4.50765e-09
1788.996460   4993.960938  1.52913e+03  4.63383e-09
1778.996460   5005.437500  1.59270e+03  4.81581e-09
1758.996460   5015.807129  1.86439e+03  5.62522e-09
1748.996460   5010.692871  2.00979e+03  6.07085e-09
1738.996460   5005.200195  2.14992e+03  6.50075e-09
1728.996460   5005.490234  2.20171e+03  6.65744e-09
1718.996460   5010.780762  2.23196e+03  6.74181e-09
1708.996460   5031.589355  2.21151e+03  6.65222e-09
1698.996460   5048.305664  2.17456e+03  6.51912e-09
1688.996460   5062.488281  2.11803e+03  6.33189e-09
1678.996460   5070.057617  2.09333e+03  6.24887e-09
1668.996460   5074.870117  2.07463e+03  6.18684e-09
1658.996460   5074.617188  2.21959e+03  6.62003e-09
1648.996460   5069.104492  2.37495e+03  7.09237e-09
1638.996460   5043.232422  2.64718e+03  7.94837e-09
1628.996460   5023.308105  2.97552e+03  8.96804e-09
1618.996460   5012.200195  3.41821e+03  1.03245e-08
1608.996460   5019.040527  3.79316e+03  1.14373e-08
1598.996460   5031.678223  4.11633e+03  1.23816e-08
1588.996460   5052.428223  4.10729e+03  1.23062e-08
1578.996460   5072.929688  4.03135e+03  1.20281e-08
1568.996460   5077.299316  3.94983e+03  1.17751e-08
1558.996460   5080.498047  3.93669e+03  1.17281e-08
1548.996460   5076.315430  4.08280e+03  1.21735e-08
1538.996460   5058.035156  4.27874e+03  1.28074e-08
1528.996460   5017.351562  4.57906e+03  1.38175e-08
1518.996460   4989.361328  4.88142e+03  1.48110e-08
1438.996460   5099.513672  5.38921e+03  1.60254e-08
1428.996460   5168.991211  4.69399e+03  1.37605e-08
1418.996460   5221.047363  4.07749e+03  1.18254e-08
1408.996460   5204.041016  4.17209e+03  1.21358e-08
1398.996460   5176.114258  4.41844e+03  1.29194e-08
1388.996460   5151.087891  4.71636e+03  1.38604e-08
1378.996460   5119.171875  4.95617e+03  1.46548e-08
1348.996460   4907.830078  5.95678e+03  1.83873e-08
1338.996460   4881.892090  9.76077e+03  3.02587e-08
1328.996460   4889.341309  1.54820e+04  4.79442e-08
1318.996460   4850.327148  1.85710e+04  5.80335e-08
1308.996460   4817.215332  2.07201e+04  6.52152e-08
1298.996460   5003.863770  1.76352e+04  5.37590e-08
1278.996460   5326.014160  1.12406e+04  3.21314e-08
1268.996460   5372.649902  9.34409e+03  2.63072e-08
1258.996460   5319.903809  8.99472e+03  2.55726e-08
1238.996460   5105.730469  7.74044e+03  2.29354e-08
1228.996460   5072.338379  7.70150e+03  2.29820e-08
1218.996460   5041.579590  7.74119e+03  2.32409e-08
1208.996460   5004.677246  7.73328e+03  2.33850e-08
1198.996460   4974.050781  7.72039e+03  2.34898e-08
1188.996460   4943.407227  7.69528e+03  2.35604e-08
1178.996460   4935.219727  7.63572e+03  2.34223e-08
1168.996460   4944.201172  7.52202e+03  2.30310e-08
1158.996460   4909.192871  7.29869e+03  2.24973e-08
1148.996460   4865.979980  7.02535e+03  2.18519e-08
1138.996460   4832.581543  7.35515e+03  2.30454e-08
1128.996460   4798.071289  7.75413e+03  2.44704e-08
1118.996460   4755.967285  8.25952e+03  2.63034e-08
1108.996460   4735.517090  9.04863e+03  2.89170e-08
1098.996460   4766.593750  1.04184e+04  3.30814e-08
1088.996460   4786.656738  1.13435e+04  3.58780e-08
1078.996460   4805.778809  1.20121e+04  3.78441e-08
1068.996460   4892.107422  1.21429e+04  3.75998e-08
1058.996460   4998.314453  1.21382e+04  3.67610e-08
1038.996460   5403.185059  1.25195e+04  3.50620e-08
1028.996460   5382.461914  1.16881e+04  3.28554e-08
 998.996460   5169.591797  1.17036e+04  3.43006e-08
 988.996460   5114.368164  1.29791e+04  3.84299e-08
 978.996460   5122.771484  1.43819e+04  4.24923e-08
 968.996460   5142.502930  1.58919e+04  4.67803e-08
 958.996460   5183.800293  1.40232e+04  4.09843e-08
 948.996460   5220.668945  1.20308e+04  3.48942e-08
 878.996460   5160.312500  1.13163e+04  3.31994e-08
 868.996460   5103.924805  1.45162e+04  4.31432e-08
 858.996460   5061.446777  1.73054e+04  5.17620e-08
 848.996460   5048.390137  1.84631e+04  5.53724e-08
 838.996460   5045.572754  1.84266e+04  5.52886e-08
 828.996460   5052.611328  1.66441e+04  4.98720e-08
 818.996460   5054.766602  1.52347e+04  4.56228e-08
 808.996460   5052.419922  1.40225e+04  4.20131e-08
 798.996460   5065.353027  1.43802e+04  4.29737e-08
 788.996460   5083.428223  1.50405e+04  4.47905e-08
 778.996460   5092.696289  1.69484e+04  5.03810e-08
 768.996460   5105.485840  1.87730e+04  5.56637e-08
 758.996460   5121.450684  2.01769e+04  5.96365e-08
 748.996460   5143.944336  2.05738e+04  6.05550e-08
 738.996460   5170.769531  1.97461e+04  5.78163e-08
 728.996460   5196.541992  1.87600e+04  5.46648e-08
 718.996460   5219.416992  1.77024e+04  5.13451e-08
 708.996460   5198.864746  1.65142e+04  4.80669e-08
 698.996460   5174.410645  1.52848e+04  4.47149e-08
 688.996460   5175.986816  1.40068e+04  4.09624e-08
 678.996460   5180.046875  1.28773e+04  3.76308e-08
 668.996460   5188.580566  1.22443e+04  3.57165e-08
 658.996460   5282.030273  1.37766e+04  3.93030e-08
 648.996460   5450.992188  1.80420e+04  4.99403e-08
 615.119995   5180.074219  9.44620e+04  2.76999e-07
 548.996460   5076.151855  9.80158e+03  2.92415e-08
 538.996460   5052.025391  1.13171e+04  3.39204e-08
 528.996460   5119.810547  1.26559e+04  3.73736e-08
 289.815033   5134.693359  3.70080e+04  1.09146e-07
 119.710083   5521.451172  4.40473e+04  1.20402e-07
  80.883842   5836.354980  1.61145e+05  4.16502e-07
  65.087997   6108.617188  1.92881e+05  4.77904e-07
  50.173439   6320.546875  1.96870e+05  4.72149e-07
  35.870720   6640.328613  1.97054e+05  4.49295e-07
  21.914881   6987.194336  1.97074e+05  4.29458e-07
  14.281600   7660.189453  2.02948e+05  4.02458e-07
   8.743680   8460.058594  2.10869e+05  3.76844e-07
   6.164480   8816.006836  2.14238e+05  3.64871e-07
   3.187840   9218.721680  2.17924e+05  3.51205e-07
   0.000000   9634.010742  2.21472e+05  3.36866e-07
