 3.1488773E-06   5601.3  3.152E-02  4.183E+09  4.275E-02  1.141E+01  0.000E+00
 4.1638917E-06   5637.9  4.168E-02  5.304E+09  4.167E-02  1.169E+01  0.000E+00
 5.5345074E-06   5677.0  5.540E-02  6.774E+09  4.080E-02  1.168E+01  0.000E+00
 7.3775454E-06   5717.7  7.384E-02  8.682E+09  4.008E-02  1.164E+01  0.000E+00
 9.8450934E-06   5760.2  9.852E-02  1.117E+10  3.958E-02  1.155E+01  0.000E+00
 1.3134633E-05   5803.9  1.314E-01  1.436E+10  3.923E-02  1.139E+01  0.000E+00
 1.7501233E-05   5848.9  1.750E-01  1.849E+10  3.907E-02  1.119E+01  0.000E+00
 2.3226622E-05   5899.8  2.322E-01  2.402E+10  3.964E-02  1.099E+01  0.000E+00
 3.0639544E-05   5952.3  3.063E-01  3.113E+10  4.052E-02  1.079E+01  0.000E+00
 4.0175466E-05   6005.1  4.015E-01  4.018E+10  4.164E-02  1.058E+01  0.000E+00
 5.2387087E-05   6057.4  5.234E-01  5.155E+10  4.294E-02  1.039E+01  0.000E+00
 6.7995887E-05   6108.5  6.791E-01  6.569E+10  4.433E-02  1.024E+01  0.000E+00
 8.7866821E-05   6160.1  8.774E-01  8.346E+10  4.605E-02  1.016E+01  0.000E+00
 1.1302675E-04   6211.3  1.128E+00  1.055E+11  4.805E-02  1.011E+01  0.000E+00
 1.4477131E-04   6261.3  1.445E+00  1.326E+11  5.027E-02  1.009E+01  0.000E+00
 1.8471926E-04   6310.0  1.843E+00  1.656E+11  5.273E-02  1.008E+01  0.000E+00
 2.3483339E-04   6357.7  2.343E+00  2.058E+11  5.551E-02  1.009E+01  0.000E+00
 2.9747032E-04   6404.5  2.968E+00  2.545E+11  5.865E-02  1.011E+01  0.000E+00
 3.7551406E-04   6449.8  3.746E+00  3.129E+11  6.215E-02  1.013E+01  0.000E+00
 4.7229982E-04   6495.4  4.712E+00  3.837E+11  6.629E-02  1.021E+01  0.000E+00
 5.9079979E-04   6547.5  5.893E+00  4.739E+11  7.223E-02  1.046E+01  0.000E+00
 7.3173262E-04   6612.7  7.298E+00  5.941E+11  8.156E-02  1.093E+01  0.000E+00
 8.9311897E-04   6689.9  8.906E+00  7.518E+11  9.514E-02  1.150E+01  0.000E+00
 1.0756816E-03   6763.8  1.072E+01  9.382E+11  1.108E-01  1.191E+01  0.000E+00
 1.2866010E-03   6819.8  1.282E+01  1.129E+12  1.241E-01  1.192E+01  0.000E+00
 1.5362211E-03   6869.8  1.531E+01  1.344E+12  1.376E-01  1.201E+01  0.000E+00
 1.8322724E-03   6921.2  1.825E+01  1.600E+12  1.535E-01  1.227E+01  0.000E+00
 2.1810755E-03   6974.0  2.173E+01  1.905E+12  1.721E-01  1.262E+01  0.000E+00
 2.5908918E-03   7026.0  2.580E+01  2.260E+12  1.930E-01  1.301E+01  0.000E+00
 3.0728217E-03   7076.4  3.060E+01  2.670E+12  2.162E-01  1.344E+01  0.000E+00
 3.6401107E-03   7125.9  3.625E+01  3.144E+12  2.420E-01  1.392E+01  0.000E+00
 4.3080091E-03   7174.5  4.290E+01  3.694E+12  2.710E-01  1.446E+01  0.000E+00
 5.0944576E-03   7222.5  5.073E+01  4.330E+12  3.033E-01  1.508E+01  0.000E+00
 6.0204153E-03   7269.9  5.996E+01  5.065E+12  3.396E-01  1.579E+01  0.000E+00
 7.1106547E-03   7316.9  7.081E+01  5.915E+12  3.802E-01  1.659E+01  0.000E+00
 8.3938940E-03   7363.6  8.359E+01  6.898E+12  4.259E-01  1.750E+01  0.000E+00
 9.9038846E-03   7410.1  9.863E+01  8.033E+12  4.771E-01  1.853E+01  0.000E+00
 1.1680866E-02   7456.3  1.163E+02  9.342E+12  5.345E-01  1.968E+01  0.000E+00
 1.3772087E-02   7502.4  1.371E+02  1.085E+13  5.987E-01  2.098E+01  0.000E+00
 1.6232083E-02   7548.9  1.616E+02  1.260E+13  6.713E-01  2.245E+01  0.000E+00
 1.9121320E-02   7596.7  1.904E+02  1.464E+13  7.548E-01  2.415E+01  0.000E+00
 2.2501403E-02   7647.0  2.240E+02  1.704E+13  8.523E-01  2.612E+01  0.000E+00
 2.6436588E-02   7701.1  2.631E+02  1.990E+13  9.687E-01  2.850E+01  0.000E+00
 3.0982877E-02   7760.2  3.083E+02  2.332E+13  1.110E+00  3.140E+01  0.000E+00
 3.6190168E-02   7825.6  3.600E+02  2.745E+13  1.285E+00  3.494E+01  0.000E+00
 4.2093056E-02   7898.4  4.186E+02  3.247E+13  1.502E+00  3.933E+01  0.000E+00
 4.8711174E-02   7980.0  4.842E+02  3.862E+13  1.779E+00  4.486E+01  0.000E+00
 5.6029102E-02   8072.6  5.566E+02  4.625E+13  2.139E+00  5.197E+01  0.000E+00
 6.3994109E-02   8179.2  6.353E+02  5.584E+13  2.617E+00  6.125E+01  0.000E+00
 7.2500201E-02   8302.6  7.191E+02  6.801E+13  3.266E+00  7.357E+01  0.000E+00
 8.1398342E-02   8445.5  8.065E+02  8.356E+13  4.168E+00  9.036E+01  0.000E+00
 9.0504781E-02   8611.2  8.957E+02  1.035E+14  5.438E+00  1.135E+02  0.000E+00
 9.9626018E-02   8804.7  9.845E+02  1.291E+14  7.244E+00  1.454E+02  0.000E+00
 1.0858062E-01   9030.9  1.071E+03  1.618E+14  9.811E+00  1.889E+02  0.000E+00
 1.1728124E-01   9286.1  1.155E+03  2.016E+14  1.330E+01  2.463E+02  0.000E+00
 1.2584498E-01   9567.0  1.237E+03  2.475E+14  1.756E+01  3.124E+02  0.000E+00
 1.3445061E-01   9890.4  1.319E+03  2.994E+14  2.265E+01  3.917E+02  0.000E+00
 1.4348055E-01  10274.9  1.405E+03  3.551E+14  2.755E+01  4.662E+02  0.000E+00
 1.5361189E-01  10711.1  1.501E+03  4.073E+14  3.075E+01  5.137E+02  0.000E+00
 1.6605173E-01  11191.8  1.620E+03  4.530E+14  3.141E+01  5.211E+02  0.000E+00
 1.8284416E-01  11743.0  1.782E+03  4.967E+14  2.904E+01  4.798E+02  0.000E+00
 2.0714297E-01  12369.4  2.021E+03  5.470E+14  2.553E+01  4.281E+02  0.000E+00
 2.4389846E-01  13072.3  2.389E+03  6.175E+14  2.172E+01  3.690E+02  0.000E+00
 3.0024523E-01  13858.0  2.963E+03  7.240E+14  1.855E+01  3.195E+02  0.000E+00
 3.8540737E-01  14723.5  3.843E+03  8.840E+14  1.624E+01  2.806E+02  0.000E+00
 5.0926123E-01  15664.3  5.144E+03  1.114E+15  1.485E+01  2.522E+02  0.000E+00
 6.8326888E-01  16685.4  6.991E+03  1.424E+15  1.396E+01  2.347E+02  0.000E+00
 9.2447069E-01  17813.5  9.580E+03  1.828E+15  1.322E+01  2.187E+02  0.000E+00
 1.2508588E+00  19064.7  1.311E+04  2.340E+15  1.303E+01  2.055E+02  0.000E+00
 1.6825092E+00  20309.1  1.775E+04  2.971E+15  1.326E+01  1.953E+02  0.000E+00
 2.2508743E+00  21526.7  2.400E+04  3.706E+15  1.245E+01  1.888E+02  0.000E+00
 3.0000493E+00  23113.6  3.225E+04  4.669E+15  1.126E+01  1.727E+02  0.000E+00
