 1.0897270E-04   4073.5  3.446E+00  7.382E+08  1.296E-03  8.830E-02  1.000E+05
 1.4509052E-04   4084.9  4.589E+00  9.580E+08  1.312E-03  9.313E-02  1.000E+05
 1.9260680E-04   4098.7  6.092E+00  1.245E+09  1.331E-03  9.611E-02  1.000E+05
 2.5501042E-04   4114.6  8.066E+00  1.619E+09  1.353E-03  9.835E-02  1.000E+05
 3.3671827E-04   4132.5  1.065E+01  2.105E+09  1.381E-03  1.003E-01  1.000E+05
 4.4314523E-04   4152.0  1.402E+01  2.732E+09  1.418E-03  1.033E-01  1.000E+05
 5.8106726E-04   4174.1  1.838E+01  3.540E+09  1.462E-03  1.059E-01  1.000E+05
 7.5904221E-04   4197.5  2.401E+01  4.573E+09  1.515E-03  1.085E-01  1.000E+05
 9.8755379E-04   4222.8  3.123E+01  5.890E+09  1.577E-03  1.103E-01  1.000E+05
 1.2785396E-03   4249.9  4.044E+01  7.556E+09  1.661E-03  1.131E-01  1.000E+05
 1.6460349E-03   4278.6  5.206E+01  9.650E+09  1.757E-03  1.147E-01  1.000E+05
 2.1082231E-03   4308.8  6.668E+01  1.227E+10  1.867E-03  1.152E-01  1.000E+05
 2.6867122E-03   4340.1  8.497E+01  1.554E+10  1.995E-03  1.146E-01  1.000E+05
 3.4057167E-03   4372.7  1.077E+02  1.959E+10  2.149E-03  1.142E-01  1.000E+05
 4.2901603E-03   4406.4  1.357E+02  2.456E+10  2.343E-03  1.161E-01  1.000E+05
 5.3692550E-03   4441.0  1.698E+02  3.063E+10  2.564E-03  1.171E-01  1.000E+05
 6.6814596E-03   4476.4  2.113E+02  3.802E+10  2.818E-03  1.175E-01  1.000E+05
 8.2704778E-03   4512.3  2.615E+02  4.699E+10  3.109E-03  1.172E-01  1.000E+05
 1.0186970E-02   4548.4  3.222E+02  5.784E+10  3.447E-03  1.166E-01  1.000E+05
 1.2480255E-02   4584.8  3.947E+02  7.086E+10  3.860E-03  1.185E-01  1.000E+05
 1.5205503E-02   4620.9  4.808E+02  8.639E+10  4.337E-03  1.214E-01  1.000E+05
 1.8436454E-02   4656.3  5.830E+02  1.048E+11  4.883E-03  1.247E-01  1.000E+05
 2.2259393E-02   4694.2  7.039E+02  1.270E+11  5.512E-03  1.307E-01  1.000E+05
 2.6755617E-02   4753.5  8.460E+02  1.564E+11  6.275E-03  1.299E-01  1.000E+05
 3.2028980E-02   4793.5  1.013E+03  1.888E+11  7.128E-03  1.273E-01  1.000E+05
 3.8202031E-02   4828.8  1.208E+03  2.262E+11  8.144E-03  1.309E-01  1.000E+05
 4.5405422E-02   4863.4  1.436E+03  2.700E+11  9.303E-03  1.352E-01  1.000E+05
 5.3813637E-02   4898.2  1.701E+03  3.217E+11  1.063E-02  1.398E-01  1.000E+05
 6.3619914E-02   4933.8  2.011E+03  3.828E+11  1.216E-02  1.448E-01  1.000E+05
 7.5045976E-02   4970.4  2.372E+03  4.553E+11  1.393E-02  1.499E-01  1.000E+05
 8.8344961E-02   5008.0  2.793E+03  5.413E+11  1.596E-02  1.551E-01  1.000E+05
 1.0378582E-01   5046.0  3.281E+03  6.429E+11  1.838E-02  1.637E-01  1.000E+05
 1.2165264E-01   5083.9  3.845E+03  7.621E+11  2.121E-02  1.743E-01  1.000E+05
 1.4230692E-01   5121.3  4.498E+03  9.015E+11  2.444E-02  1.856E-01  1.000E+05
 1.6621370E-01   5158.6  5.253E+03  1.065E+12  2.815E-02  1.980E-01  1.000E+05
 1.9389690E-01   5196.3  6.128E+03  1.258E+12  3.242E-02  2.116E-01  1.000E+05
 2.2595791E-01   5234.4  7.141E+03  1.485E+12  3.733E-02  2.267E-01  1.000E+05
 2.6308996E-01   5272.9  8.314E+03  1.752E+12  4.297E-02  2.434E-01  1.000E+05
 3.0612024E-01   5311.5  9.673E+03  2.067E+12  4.945E-02  2.621E-01  1.000E+05
 3.5594144E-01   5349.9  1.125E+04  2.435E+12  5.700E-02  2.851E-01  1.000E+05
 4.1354206E-01   5388.4  1.307E+04  2.868E+12  6.580E-02  3.134E-01  1.000E+05
 4.8005314E-01   5427.3  1.517E+04  3.376E+12  7.604E-02  3.472E-01  1.000E+05
 5.5679704E-01   5467.1  1.759E+04  3.976E+12  8.787E-02  3.858E-01  1.000E+05
 6.4532908E-01   5508.7  2.039E+04  4.691E+12  1.016E-01  4.304E-01  1.000E+05
 7.4728222E-01   5553.6  2.361E+04  5.559E+12  1.178E-01  4.825E-01  1.000E+05
 8.6431030E-01   5603.3  2.731E+04  6.630E+12  1.372E-01  5.446E-01  1.000E+05
 9.9800043E-01   5659.1  3.153E+04  7.976E+12  1.606E-01  6.193E-01  1.000E+05
 1.1495480E+00   5723.1  3.632E+04  9.707E+12  1.899E-01  7.154E-01  1.000E+05
 1.3191358E+00   5799.1  4.168E+04  1.203E+13  2.281E-01  8.435E-01  1.000E+05
 1.5054241E+00   5892.2  4.757E+04  1.530E+13  2.799E-01  1.020E+00  1.000E+05
 1.7051172E+00   6007.9  5.388E+04  2.018E+13  3.527E-01  1.269E+00  1.000E+05
 1.9131838E+00   6150.5  6.047E+04  2.778E+13  4.587E-01  1.630E+00  1.000E+05
 2.1218337E+00   6324.0  6.707E+04  4.008E+13  6.235E-01  2.196E+00  1.000E+05
 2.3225600E+00   6531.6  7.343E+04  6.061E+13  8.816E-01  3.080E+00  1.000E+05
 2.5077361E+00   6777.5  7.929E+04  9.584E+13  1.304E+00  4.536E+00  1.000E+05
 2.6705896E+00   7071.8  8.444E+04  1.590E+14  2.032E+00  7.036E+00  1.000E+05
 2.8051766E+00   7428.8  8.869E+04  2.777E+14  3.387E+00  1.145E+01  1.000E+05
 2.9105358E+00   7823.9  9.202E+04  4.847E+14  5.799E+00  1.774E+01  1.000E+05
 2.9956741E+00   8171.0  9.471E+04  7.576E+14  9.142E+00  2.225E+01  1.000E+05
 3.0716632E+00   8447.9  9.712E+04  1.056E+15  1.304E+01  2.288E+01  1.000E+05
 3.1451254E+00   8682.1  9.944E+04  1.378E+15  1.747E+01  2.152E+01  1.000E+05
 3.2199963E+00   8890.1  1.018E+05  1.726E+15  2.240E+01  1.949E+01  1.000E+05
 3.2989104E+00   9080.6  1.043E+05  2.105E+15  2.802E+01  1.764E+01  1.000E+05
 3.3837726E+00   9259.7  1.070E+05  2.521E+15  3.447E+01  1.614E+01  1.000E+05
 3.4763803E+00   9431.6  1.099E+05  2.981E+15  4.187E+01  1.489E+01  1.000E+05
 3.5786178E+00   9598.9  1.131E+05  3.493E+15  5.034E+01  1.384E+01  1.000E+05
 3.6924702E+00   9764.3  1.167E+05  4.068E+15  6.007E+01  1.293E+01  1.000E+05
 3.8200633E+00   9929.4  1.208E+05  4.717E+15  7.127E+01  1.208E+01  1.000E+05
 3.9639407E+00  10094.2  1.253E+05  5.449E+15  8.404E+01  1.132E+01  1.000E+05
 4.1268777E+00  10262.9  1.305E+05  6.291E+15  9.889E+01  1.070E+01  1.000E+05
 4.3117904E+00  10434.4  1.363E+05  7.254E+15  1.160E+02  9.846E+00  1.000E+05
 4.5230245E+00  10601.1  1.430E+05  8.315E+15  1.348E+02  9.955E+00  1.000E+05
