 1.2190999E-05   3041.3  3.866E-01  5.790E+07  1.156E-03  4.605E-02  1.000E+05
 1.7207666E-05   3057.5  5.456E-01  7.841E+07  1.161E-03  4.775E-02  1.000E+05
 2.4256257E-05   3073.4  7.691E-01  1.058E+08  1.168E-03  4.986E-02  1.000E+05
 3.4146659E-05   3093.5  1.083E+00  1.436E+08  1.177E-03  5.140E-02  1.000E+05
 4.7997655E-05   3116.4  1.522E+00  1.955E+08  1.188E-03  5.150E-02  1.000E+05
 6.7361175E-05   3141.7  2.135E+00  2.668E+08  1.202E-03  5.188E-02  1.000E+05
 9.4367343E-05   3169.2  2.991E+00  3.648E+08  1.219E-03  5.227E-02  1.000E+05
 1.3194350E-04   3197.9  4.182E+00  4.987E+08  1.239E-03  5.024E-02  1.000E+05
 1.8406210E-04   3226.7  5.834E+00  6.798E+08  1.264E-03  4.900E-02  1.000E+05
 2.5604375E-04   3256.3  8.115E+00  9.249E+08  1.296E-03  4.870E-02  1.000E+05
 3.5498285E-04   3286.9  1.125E+01  1.256E+09  1.335E-03  4.865E-02  1.000E+05
 4.9031790E-04   3318.5  1.554E+01  1.703E+09  1.382E-03  4.800E-02  1.000E+05
 6.7438794E-04   3350.7  2.137E+01  2.301E+09  1.440E-03  4.696E-02  1.000E+05
 9.2282825E-04   3383.6  2.924E+01  3.097E+09  1.513E-03  4.689E-02  1.000E+05
 1.2553798E-03   3417.4  3.978E+01  4.152E+09  1.603E-03  4.665E-02  1.000E+05
 1.6967872E-03   3452.2  5.376E+01  5.544E+09  1.714E-03  4.682E-02  1.000E+05
 2.2777370E-03   3488.5  7.216E+01  7.376E+09  1.847E-03  4.681E-02  1.000E+05
 3.0354062E-03   3526.5  9.615E+01  9.779E+09  2.010E-03  4.684E-02  1.000E+05
 4.0141636E-03   3565.6  1.271E+02  1.290E+10  2.208E-03  4.639E-02  1.000E+05
 5.2675526E-03   3604.9  1.668E+02  1.689E+10  2.445E-03  4.616E-02  1.000E+05
 6.8605286E-03   3643.9  2.172E+02  2.194E+10  2.725E-03  4.571E-02  1.000E+05
 8.8747928E-03   3680.8  2.810E+02  2.822E+10  3.050E-03  4.463E-02  1.000E+05
 1.1411298E-02   3713.3  3.613E+02  3.583E+10  3.425E-03  4.347E-02  1.000E+05
 1.4602111E-02   3738.2  4.624E+02  4.471E+10  3.849E-03  4.402E-02  1.000E+05
 1.8574186E-02   3779.2  5.883E+02  5.702E+10  4.404E-03  4.517E-02  1.000E+05
 2.3473587E-02   3816.6  7.435E+02  7.186E+10  5.043E-03  4.555E-02  1.000E+05
 2.9511349E-02   3853.0  9.347E+02  8.995E+10  5.788E-03  4.607E-02  1.000E+05
 3.6926600E-02   3888.7  1.170E+03  1.120E+11  6.671E-03  4.686E-02  1.000E+05
 4.5997297E-02   3923.3  1.457E+03  1.386E+11  7.716E-03  4.816E-02  1.000E+05
 5.7056414E-02   3957.1  1.807E+03  1.706E+11  8.953E-03  5.019E-02  1.000E+05
 7.0505170E-02   3990.3  2.233E+03  2.091E+11  1.041E-02  5.273E-02  1.000E+05
 8.6847788E-02   4022.9  2.751E+03  2.552E+11  1.210E-02  5.537E-02  1.000E+05
 1.0668105E-01   4055.0  3.379E+03  3.104E+11  1.410E-02  5.874E-02  1.000E+05
 1.3070533E-01   4086.6  4.139E+03  3.764E+11  1.646E-02  6.266E-02  1.000E+05
 1.5975887E-01   4118.0  5.060E+03  4.550E+11  1.924E-02  6.756E-02  1.000E+05
 1.9483756E-01   4149.5  6.170E+03  5.490E+11  2.252E-02  7.354E-02  1.000E+05
 2.3714541E-01   4181.4  7.510E+03  6.613E+11  2.638E-02  8.047E-02  1.000E+05
 2.8817003E-01   4214.5  9.125E+03  7.964E+11  3.091E-02  8.829E-02  1.000E+05
 3.4961407E-01   4249.6  1.107E+04  9.597E+11  3.630E-02  9.763E-02  1.000E+05
 4.2343752E-01   4287.2  1.341E+04  1.158E+12  4.274E-02  1.087E-01  1.000E+05
 5.1188278E-01   4328.2  1.621E+04  1.400E+12  5.046E-02  1.219E-01  1.000E+05
 6.1755227E-01   4373.4  1.955E+04  1.697E+12  5.974E-02  1.376E-01  1.000E+05
 7.4358024E-01   4424.3  2.354E+04  2.065E+12  7.079E-02  1.551E-01  1.000E+05
 8.9354606E-01   4482.2  2.828E+04  2.524E+12  8.425E-02  1.763E-01  1.000E+05
 1.0711640E+00   4548.5  3.390E+04  3.100E+12  1.007E-01  2.017E-01  1.000E+05
 1.2812623E+00   4624.1  4.055E+04  3.823E+12  1.202E-01  2.302E-01  1.000E+05
 1.5298171E+00   4710.5  4.841E+04  4.736E+12  1.436E-01  2.632E-01  1.000E+05
 1.8238256E+00   4809.6  5.770E+04  5.890E+12  1.714E-01  3.020E-01  1.000E+05
 2.1722846E+00   4925.0  6.871E+04  7.365E+12  2.040E-01  3.458E-01  1.000E+05
 2.5861675E+00   5061.7  8.180E+04  9.283E+12  2.425E-01  3.975E-01  1.000E+05
 3.0780044E+00   5224.1  9.735E+04  1.186E+13  2.881E-01  4.581E-01  1.000E+05
 3.6582904E+00   5420.2  1.157E+05  1.564E+13  3.490E-01  5.419E-01  1.000E+05
 4.3183758E+00   5658.4  1.366E+05  2.219E+13  4.474E-01  6.841E-01  1.000E+05
 5.0075319E+00   5953.0  1.584E+05  3.602E+13  6.430E-01  9.711E-01  1.000E+05
 5.6393643E+00   6309.5  1.783E+05  6.804E+13  1.054E+00  1.523E+00  1.000E+05
 6.1642763E+00   6693.1  1.949E+05  1.347E+14  1.827E+00  2.337E+00  1.000E+05
 6.5996364E+00   7054.1  2.087E+05  2.477E+14  3.033E+00  3.070E+00  1.000E+05
 6.9837659E+00   7372.4  2.208E+05  4.094E+14  4.682E+00  3.410E+00  1.000E+05
 7.3476557E+00   7652.0  2.323E+05  6.202E+14  6.769E+00  3.412E+00  1.000E+05
 7.7114343E+00   7904.0  2.438E+05  8.838E+14  9.371E+00  3.303E+00  1.000E+05
 8.0890507E+00   8136.9  2.558E+05  1.208E+15  1.256E+01  3.182E+00  1.000E+05
 8.4911372E+00   8357.8  2.685E+05  1.604E+15  1.651E+01  3.068E+00  1.000E+05
 8.9268668E+00   8570.2  2.823E+05  2.084E+15  2.136E+01  2.939E+00  1.000E+05
 9.4057560E+00   8777.5  2.974E+05  2.667E+15  2.729E+01  2.798E+00  1.000E+05
 9.9383139E+00   8981.9  3.142E+05  3.373E+15  3.450E+01  2.651E+00  1.000E+05
 1.0535235E+01   9184.7  3.331E+05  4.226E+15  4.337E+01  2.507E+00  1.000E+05
 1.1207786E+01   9386.2  3.544E+05  5.254E+15  5.423E+01  2.362E+00  1.000E+05
 1.1970068E+01   9587.5  3.785E+05  6.491E+15  6.742E+01  2.226E+00  1.000E+05
 1.2837903E+01   9790.3  4.059E+05  7.991E+15  8.350E+01  2.072E+00  1.000E+05
 1.3835753E+01   9986.7  4.373E+05  9.754E+15  1.023E+02  1.914E+00  1.000E+05
 1.4988780E+01  10191.3  4.736E+05  1.191E+16  1.254E+02  1.769E+00  1.000E+05
 1.6325851E+01  10390.1  5.155E+05  1.443E+16  1.519E+02  1.808E+00  1.000E+05
