 2.4804111E-04   2435.4  2.480E+00  3.727E+07  1.275E-03  9.529E-03  0.000E+00
 3.3037639E-04   2455.3  3.304E+00  4.904E+07  1.287E-03  9.701E-03  0.000E+00
 4.3846700E-04   2474.5  4.385E+00  6.426E+07  1.315E-03  9.754E-03  0.000E+00
 5.8069830E-04   2496.0  5.807E+00  8.437E+07  1.320E-03  9.793E-03  0.000E+00
 7.7063593E-04   2519.3  7.706E+00  1.113E+08  1.314E-03  9.791E-03  0.000E+00
 1.0228076E-03   2541.8  1.023E+01  1.465E+08  1.335E-03  9.694E-03  0.000E+00
 1.3495999E-03   2563.5  1.350E+01  1.914E+08  1.387E-03  9.514E-03  0.000E+00
 1.7725936E-03   2587.2  1.773E+01  2.501E+08  1.412E-03  9.310E-03  0.000E+00
 2.3335464E-03   2613.7  2.334E+01  3.288E+08  1.408E-03  9.086E-03  0.000E+00
 3.0841714E-03   2641.9  3.084E+01  4.347E+08  1.402E-03  8.801E-03  0.000E+00
 4.0605994E-03   2667.5  4.061E+01  5.698E+08  1.479E-03  8.374E-03  0.000E+00
 5.3050975E-03   2694.4  5.305E+01  7.435E+08  1.529E-03  7.963E-03  0.000E+00
 6.9257625E-03   2723.2  6.926E+01  9.726E+08  1.552E-03  7.580E-03  0.000E+00
 9.0811603E-03   2754.5  9.081E+01  1.282E+09  1.543E-03  7.235E-03  0.000E+00
 1.1873874E-02   2783.2  1.187E+02  1.676E+09  1.642E-03  6.792E-03  0.000E+00
 1.5376966E-02   2811.2  1.538E+02  2.170E+09  1.739E-03  6.426E-03  0.000E+00
 1.9824701E-02   2839.6  1.982E+02  2.800E+09  1.811E-03  6.147E-03  0.000E+00
 2.5563438E-02   2868.6  2.556E+02  3.617E+09  1.864E-03  5.940E-03  0.000E+00
 3.2945318E-02   2897.6  3.295E+02  4.665E+09  1.952E-03  5.765E-03  0.000E+00
 4.2121964E-02   2924.2  4.212E+02  5.950E+09  2.136E-03  5.588E-03  0.000E+00
 5.3380960E-02   2950.4  5.338E+02  7.526E+09  2.299E-03  5.488E-03  0.000E+00
 6.7413030E-02   2976.7  6.741E+02  9.489E+09  2.448E-03  5.436E-03  0.000E+00
 8.5072320E-02   3003.0  8.507E+02  1.195E+10  2.589E-03  5.433E-03  0.000E+00
 1.0715515E-01   3028.6  1.072E+03  1.500E+10  2.788E-03  5.469E-03  0.000E+00
 1.3396785E-01   3051.4  1.340E+03  1.860E+10  3.112E-03  5.545E-03  0.000E+00
 1.6618943E-01   3073.8  1.662E+03  2.291E+10  3.423E-03  5.691E-03  0.000E+00
 2.0543561E-01   3096.2  2.054E+03  2.813E+10  3.733E-03  5.886E-03  0.000E+00
 2.5359591E-01   3118.7  2.536E+03  3.449E+10  4.046E-03  6.132E-03  0.000E+00
 3.1305420E-01   3141.1  3.131E+03  4.226E+10  4.367E-03  6.441E-03  0.000E+00
 3.8500959E-01   3161.6  3.850E+03  5.143E+10  4.904E-03  6.808E-03  0.000E+00
 4.7013511E-01   3180.6  4.701E+03  6.206E+10  5.545E-03  7.277E-03  0.000E+00
 5.7099740E-01   3199.5  5.710E+03  7.454E+10  6.200E-03  7.823E-03  0.000E+00
 6.9178010E-01   3218.7  6.918E+03  8.939E+10  6.880E-03  8.440E-03  0.000E+00
 8.3738037E-01   3238.9  8.374E+03  1.073E+11  7.594E-03  9.127E-03  0.000E+00
 1.0135130E+00   3260.2  1.014E+04  1.289E+11  8.377E-03  9.887E-03  0.000E+00
 1.2225875E+00   3281.7  1.223E+04  1.545E+11  9.566E-03  1.068E-02  0.000E+00
 1.4679421E+00   3304.4  1.468E+04  1.848E+11  1.082E-02  1.158E-02  0.000E+00
 1.7564016E+00   3328.8  1.756E+04  2.210E+11  1.230E-02  1.263E-02  0.000E+00
 2.0952037E+00   3356.6  2.095E+04  2.650E+11  1.394E-02  1.380E-02  0.000E+00
 2.4953141E+00   3388.6  2.495E+04  3.194E+11  1.570E-02  1.510E-02  0.000E+00
 2.9696051E+00   3425.7  2.969E+04  3.879E+11  1.766E-02  1.660E-02  0.000E+00
 3.5270847E+00   3467.8  3.527E+04  4.741E+11  2.026E-02  1.834E-02  0.000E+00
 4.1628916E+00   3516.3  4.162E+04  5.831E+11  2.407E-02  2.063E-02  0.000E+00
 4.8743830E+00   3575.4  4.874E+04  7.267E+11  2.874E-02  2.353E-02  0.000E+00
 5.6645309E+00   3642.6  5.664E+04  9.154E+11  3.474E-02  2.712E-02  0.000E+00
 6.5269117E+00   3713.4  6.527E+04  1.156E+12  4.286E-02  3.157E-02  0.000E+00
 7.4564856E+00   3789.0  7.456E+04  1.467E+12  5.316E-02  3.682E-02  0.000E+00
 8.4468375E+00   3871.4  8.447E+04  1.875E+12  6.715E-02  4.336E-02  0.000E+00
 9.4874455E+00   3961.8  9.487E+04  2.420E+12  8.557E-02  5.128E-02  0.000E+00
 1.0570797E+01   4061.2  1.057E+05  3.151E+12  1.101E-01  6.094E-02  0.000E+00
 1.1691586E+01   4170.5  1.169E+05  4.131E+12  1.421E-01  7.248E-02  0.000E+00
 1.2849988E+01   4290.9  1.285E+05  5.439E+12  1.831E-01  8.602E-02  0.000E+00
 1.4053129E+01   4423.7  1.405E+05  7.162E+12  2.339E-01  1.014E-01  0.000E+00
 1.5316043E+01   4571.2  1.532E+05  9.388E+12  2.948E-01  1.184E-01  0.000E+00
 1.6669814E+01   4735.6  1.667E+05  1.218E+13  3.623E-01  1.354E-01  0.000E+00
 1.8159965E+01   4920.6  1.816E+05  1.558E+13  4.328E-01  1.522E-01  0.000E+00
 1.9850211E+01   5129.8  1.985E+05  1.966E+13  5.016E-01  1.674E-01  0.000E+00
 2.1812554E+01   5367.0  2.181E+05  2.485E+13  5.733E-01  1.826E-01  0.000E+00
 2.4073776E+01   5628.4  2.407E+05  3.277E+13  6.762E-01  2.022E-01  0.000E+00
 2.6532938E+01   5899.0  2.653E+05  4.702E+13  8.652E-01  2.309E-01  0.000E+00
 2.9010833E+01   6159.7  2.901E+05  7.152E+13  1.177E+00  2.607E-01  0.000E+00
 3.1400718E+01   6402.4  3.140E+05  1.092E+14  1.641E+00  2.878E-01  0.000E+00
 3.3705172E+01   6625.8  3.371E+05  1.624E+14  2.248E+00  3.026E-01  0.000E+00
 3.5962527E+01   6834.2  3.596E+05  2.341E+14  3.039E+00  3.150E-01  0.000E+00
 3.8213672E+01   7031.8  3.821E+05  3.281E+14  4.022E+00  3.225E-01  0.000E+00
 4.0497896E+01   7220.4  4.050E+05  4.486E+14  5.252E+00  3.262E-01  0.000E+00
 4.2845751E+01   7403.2  4.285E+05  6.013E+14  6.772E+00  3.289E-01  0.000E+00
 4.5287725E+01   7582.3  4.529E+05  7.934E+14  8.639E+00  3.298E-01  0.000E+00
 4.7850799E+01   7756.2  4.785E+05  1.030E+15  1.093E+01  3.244E-01  0.000E+00
 5.0559685E+01   7929.1  5.056E+05  1.322E+15  1.376E+01  3.234E-01  0.000E+00
 5.3438176E+01   8101.1  5.344E+05  1.682E+15  1.721E+01  3.200E-01  0.000E+00
 5.6522906E+01   8264.8  5.652E+05  2.103E+15  2.125E+01  2.987E-01  0.000E+00
