 2.4008956E-04   3576.3  6.596E+00  1.162E+09  1.314E-03  3.411E-02  2.000E+00
 3.1923537E-04   3590.9  8.770E+00  1.511E+09  1.345E-03  3.784E-02  2.000E+00
 4.2209076E-04   3609.6  1.159E+01  1.957E+09  1.383E-03  4.068E-02  2.000E+00
 5.5503673E-04   3630.1  1.525E+01  2.524E+09  1.431E-03  4.332E-02  2.000E+00
 7.2604588E-04   3652.9  1.994E+01  3.241E+09  1.486E-03  4.540E-02  2.000E+00
 9.4519955E-04   3677.7  2.596E+01  4.149E+09  1.550E-03  4.723E-02  2.000E+00
 1.2247147E-03   3704.0  3.363E+01  5.294E+09  1.626E-03  4.872E-02  2.000E+00
 1.5787522E-03   3731.9  4.335E+01  6.727E+09  1.718E-03  4.948E-02  2.000E+00
 2.0240414E-03   3759.9  5.557E+01  8.506E+09  1.827E-03  5.051E-02  2.000E+00
 2.5806801E-03   3787.9  7.084E+01  1.070E+10  1.955E-03  5.187E-02  2.000E+00
 3.2725541E-03   3816.3  8.983E+01  1.339E+10  2.102E-03  5.313E-02  2.000E+00
 4.1283640E-03   3845.5  1.133E+02  1.669E+10  2.273E-03  5.343E-02  2.000E+00
 5.1804671E-03   3874.9  1.422E+02  2.071E+10  2.473E-03  5.375E-02  2.000E+00
 6.4669364E-03   3904.5  1.775E+02  2.557E+10  2.704E-03  5.453E-02  2.000E+00
 8.0319706E-03   3934.4  2.204E+02  3.144E+10  2.971E-03  5.573E-02  2.000E+00
 9.9274817E-03   3964.9  2.724E+02  3.848E+10  3.278E-03  5.734E-02  2.000E+00
 1.2213431E-02   3996.6  3.351E+02  4.696E+10  3.632E-03  5.861E-02  2.000E+00
 1.4960211E-02   4029.2  4.104E+02  5.709E+10  4.039E-03  5.894E-02  2.000E+00
 1.8248045E-02   4062.1  5.005E+02  6.917E+10  4.507E-03  5.969E-02  2.000E+00
 2.2171457E-02   4095.3  6.081E+02  8.349E+10  5.045E-03  6.087E-02  2.000E+00
 2.6838266E-02   4128.5  7.360E+02  1.004E+11  5.664E-03  6.248E-02  2.000E+00
 3.2373848E-02   4161.6  8.877E+02  1.204E+11  6.376E-03  6.456E-02  2.000E+00
 3.8925038E-02   4195.2  1.067E+03  1.439E+11  7.192E-03  6.618E-02  2.000E+00
 4.6661094E-02   4227.2  1.279E+03  1.714E+11  8.134E-03  6.766E-02  2.000E+00
 5.5773297E-02   4261.7  1.529E+03  2.039E+11  9.217E-03  6.990E-02  2.000E+00
 6.6489862E-02   4294.9  1.823E+03  2.417E+11  1.046E-02  7.256E-02  2.000E+00
 7.9076226E-02   4328.0  2.168E+03  2.858E+11  1.188E-02  7.598E-02  2.000E+00
 9.3837938E-02   4360.9  2.572E+03  3.372E+11  1.352E-02  8.012E-02  2.000E+00
 1.1114709E-01   4393.7  3.046E+03  3.970E+11  1.537E-02  8.433E-02  2.000E+00
 1.3143245E-01   4426.6  3.602E+03  4.667E+11  1.750E-02  8.887E-02  2.000E+00
 1.5517408E-01   4459.9  4.253E+03  5.479E+11  1.995E-02  9.426E-02  2.000E+00
 1.8294592E-01   4493.6  5.014E+03  6.425E+11  2.275E-02  1.006E-01  2.000E+00
 2.1541304E-01   4527.6  5.903E+03  7.525E+11  2.595E-02  1.080E-01  2.000E+00
 2.5335251E-01   4561.8  6.943E+03  8.804E+11  2.962E-02  1.164E-01  2.000E+00
 2.9768205E-01   4596.4  8.157E+03  1.029E+12  3.381E-02  1.257E-01  2.000E+00
 3.4948081E-01   4631.8  9.576E+03  1.203E+12  3.859E-02  1.361E-01  2.000E+00
 4.0994677E-01   4668.8  1.123E+04  1.405E+12  4.412E-02  1.480E-01  2.000E+00
 4.8045832E-01   4707.7  1.317E+04  1.642E+12  5.046E-02  1.617E-01  2.000E+00
 5.6264553E-01   4748.7  1.542E+04  1.920E+12  5.774E-02  1.773E-01  2.000E+00
 6.5842712E-01   4792.1  1.804E+04  2.245E+12  6.608E-02  1.950E-01  2.000E+00
 7.7006777E-01   4839.0  2.110E+04  2.629E+12  7.559E-02  2.147E-01  2.000E+00
 9.0020239E-01   4890.2  2.466E+04  3.085E+12  8.647E-02  2.369E-01  2.000E+00
 1.0518816E+00   4946.6  2.882E+04  3.628E+12  9.896E-02  2.618E-01  2.000E+00
 1.2285180E+00   5009.3  3.366E+04  4.281E+12  1.134E-01  2.904E-01  2.000E+00
 1.4337804E+00   5080.1  3.928E+04  5.075E+12  1.303E-01  3.241E-01  2.000E+00
 1.6716745E+00   5161.5  4.580E+04  6.060E+12  1.501E-01  3.629E-01  2.000E+00
 1.9464860E+00   5255.7  5.333E+04  7.316E+12  1.738E-01  4.084E-01  2.000E+00
 2.2617704E+00   5363.2  6.197E+04  8.973E+12  2.030E-01  4.638E-01  2.000E+00
 2.6180868E+00   5486.1  7.173E+04  1.127E+13  2.423E-01  5.416E-01  2.000E+00
 3.0112316E+00   5629.9  8.249E+04  1.469E+13  2.969E-01  6.488E-01  2.000E+00
 3.4309056E+00   5799.1  9.399E+04  2.020E+13  3.791E-01  8.117E-01  2.000E+00
 3.8562450E+00   6000.5  1.056E+05  2.972E+13  5.151E-01  1.090E+00  2.000E+00
 4.2592678E+00   6246.9  1.167E+05  4.764E+13  7.505E-01  1.575E+00  2.000E+00
 4.6151462E+00   6539.8  1.264E+05  8.220E+13  1.172E+00  2.438E+00  2.000E+00
 4.9112814E+00   6873.7  1.345E+05  1.477E+14  1.919E+00  3.902E+00  2.000E+00
 5.1499166E+00   7232.3  1.411E+05  2.641E+14  3.181E+00  6.095E+00  2.000E+00
 5.3456216E+00   7571.5  1.464E+05  4.380E+14  5.038E+00  8.367E+00  2.000E+00
 5.5167107E+00   7863.8  1.511E+05  6.570E+14  7.415E+00  9.597E+00  2.000E+00
 5.6764207E+00   8119.3  1.555E+05  9.164E+14  1.030E+01  9.799E+00  2.000E+00
 5.8331411E+00   8345.1  1.598E+05  1.212E+15  1.372E+01  9.342E+00  2.000E+00
 5.9926200E+00   8549.9  1.642E+05  1.545E+15  1.773E+01  8.709E+00  2.000E+00
 6.1592013E+00   8740.4  1.687E+05  1.919E+15  2.239E+01  8.092E+00  2.000E+00
 6.3368735E+00   8920.9  1.736E+05  2.341E+15  2.775E+01  7.504E+00  2.000E+00
 6.5289649E+00   9095.3  1.788E+05  2.818E+15  3.409E+01  7.034E+00  2.000E+00
 6.7382966E+00   9265.1  1.846E+05  3.360E+15  4.158E+01  6.587E+00  2.000E+00
 6.9679177E+00   9432.0  1.909E+05  3.973E+15  5.039E+01  6.167E+00  2.000E+00
 7.2212325E+00   9597.1  1.978E+05  4.670E+15  6.077E+01  5.783E+00  2.000E+00
 7.5017664E+00   9762.1  2.055E+05  5.467E+15  7.302E+01  5.449E+00  2.000E+00
 7.8139962E+00   9925.8  2.140E+05  6.367E+15  8.732E+01  5.064E+00  2.000E+00
 8.1627866E+00  10090.9  2.236E+05  7.400E+15  1.041E+02  4.767E+00  2.000E+00
 8.5528722E+00  10259.9  2.343E+05  8.597E+15  1.240E+02  4.545E+00  2.000E+00
 8.9921948E+00  10421.0  2.463E+05  9.903E+15  1.460E+02  3.988E+00  2.000E+00
