    0.90384E-02      0.22952E-14      0.13519E-11      0.91955E-05
    0.86831E-02      0.41536E-14      0.16540E-11      0.92245E-05
    0.83373E-02      0.79876E-14      0.20833E-11      0.92806E-05
    0.79171E-02      0.21021E-13      0.29852E-11      0.94220E-05
    0.75604E-02      0.65952E-13      0.47154E-11      0.96956E-05
    0.74238E-02      0.12978E-12      0.62987E-11      0.99246E-05
    0.73411E-02      0.28399E-12      0.89839E-11      0.10267E-04
    0.73610E-02      0.71914E-12      0.14135E-10      0.10807E-04
    0.75902E-02      0.21894E-11      0.25673E-10      0.11707E-04
    0.78609E-02      0.42100E-11      0.37635E-10      0.12412E-04
    0.82946E-02      0.84043E-11      0.58100E-10      0.13354E-04
    0.90203E-02      0.18192E-10      0.98316E-10      0.14730E-04
    0.10300E-01      0.44207E-10      0.19114E-09      0.16902E-04
    0.12430E-01      0.11221E-09      0.41452E-09      0.20193E-04
    0.16048E-01      0.29674E-09      0.10175E-08      0.25331E-04
    0.22534E-01      0.83462E-09      0.29284E-08      0.33753E-04
    0.35499E-01      0.26038E-08      0.10511E-07      0.48947E-04
    0.54550E-01      0.66160E-08      0.32376E-07      0.69063E-04
    0.78250E-01      0.13591E-07      0.80270E-07      0.91908E-04
    0.12629E+00      0.33303E-07      0.25821E-06      0.13391E-03
    0.20665E+00      0.79728E-07      0.83024E-06      0.19696E-03
    0.29820E+00      0.14918E-06      0.19442E-05      0.26253E-03
    0.42537E+00      0.27002E-06      0.43850E-05      0.34677E-03
    0.58635E+00      0.45587E-06      0.90108E-05      0.44652E-03
    0.80301E+00      0.75375E-06      0.18002E-04      0.57292E-03
    0.10320E+01      0.11147E-05      0.30763E-04      0.70067E-03
    0.12596E+01      0.15068E-05      0.46276E-04      0.82448E-03
    0.14320E+01      0.18243E-05      0.59877E-04      0.91624E-03
    0.16536E+01      0.22283E-05      0.77637E-04      0.10367E-02
    0.18822E+01      0.26514E-05      0.96865E-04      0.11611E-02
    0.21970E+01      0.32824E-05      0.12774E-03      0.13264E-02
    0.30539E+01      0.51048E-05      0.22435E-03      0.17691E-02
    0.51774E+01      0.10305E-04      0.54830E-03      0.28107E-02
    0.97241E+01      0.23458E-04      0.15441E-02      0.49117E-02
    0.18449E+02      0.52889E-04      0.42223E-02      0.87306E-02
    0.30885E+02      0.99260E-04      0.90109E-02      0.13995E-01
    0.57551E+02      0.20710E-03      0.21358E-01      0.24980E-01
    0.12900E+03      0.52589E-03      0.62459E-01      0.53392E-01
    0.34263E+03      0.15919E-02      0.21933E+00      0.13490E+00
    0.85182E+03      0.43763E-02      0.67597E+00      0.32273E+00
    0.27817E+04      0.16230E-01      0.28976E+01      0.10038E+01
    0.10252E+05      0.68346E-01      0.14204E+02      0.35159E+01
    0.36793E+05      0.28209E+00      0.68764E+02      0.11960E+02
    0.16252E+06      0.14823E+01      0.44053E+03      0.49437E+02
    0.74680E+06      0.81144E+01      0.29445E+04      0.21248E+03
    0.39841E+07      0.54290E+02      0.25502E+05      0.10399E+04
    0.14905E+08      0.24819E+03      0.14646E+06      0.36051E+04
    0.51065E+08      0.10531E+04      0.79245E+06      0.11389E+05
    0.16086E+09      0.41711E+04      0.40684E+07      0.32907E+05
    0.57814E+09      0.19953E+05      0.26886E+08      0.10619E+06
    0.24965E+10      0.12474E+06      0.25499E+09      0.39857E+06
    0.11796E+11      0.82668E+06      0.24747E+10      0.16422E+07
    0.41385E+11      0.34739E+07      0.12807E+11      0.52266E+07
    0.97983E+11      0.85871E+07      0.33491E+11      0.11746E+08
    0.20048E+12      0.17643E+08      0.69810E+11      0.23010E+08
    0.37517E+12      0.31660E+08      0.12050E+12      0.42352E+08
    0.72426E+12      0.56846E+08      0.20089E+12      0.81839E+08
    0.14888E+13      0.10330E+09      0.31852E+12      0.17557E+09
    0.29482E+13      0.17967E+09      0.47880E+12      0.36683E+09
    0.56240E+13      0.29930E+09      0.68336E+12      0.74545E+09
    0.10326E+14      0.47718E+09      0.92582E+12      0.14693E+10
    0.18241E+14      0.72764E+09      0.11903E+13      0.28014E+10
    0.23302E+14      0.85178E+09      0.12574E+13      0.37609E+10
    0.28216E+14      0.92628E+09      0.12043E+13      0.48510E+10
    0.31902E+14      0.91064E+09      0.10042E+13      0.59349E+10
    0.34526E+14      0.83874E+09      0.76648E+12      0.69723E+10
    0.35274E+14      0.70776E+09      0.51859E+12      0.77816E+10
    0.33557E+14      0.53672E+09      0.30313E+12      0.81549E+10
    0.29274E+14      0.38541E+09      0.17420E+12      0.76995E+10
    0.25444E+14      0.27593E+09      0.99918E+11      0.72250E+10
    0.22383E+14      0.20950E+09      0.64120E+11      0.67309E+10
    0.19292E+14      0.15424E+09      0.39431E+11      0.61662E+10
    0.16345E+14      0.11070E+09      0.23420E+11      0.55688E+10
    0.12941E+14      0.71597E+08      0.12029E+11      0.47652E+10
    0.99567E+13      0.44359E+08      0.58260E+10      0.39834E+10
    0.77320E+13      0.28004E+08      0.29088E+10      0.33479E+10
    0.61502E+13      0.18379E+08      0.15372E+10      0.28649E+10
    0.49260E+13      0.12238E+08      0.83234E+09      0.24608E+10
    0.40097E+13      0.83829E+07      0.47081E+09      0.21373E+10
    0.33242E+13      0.59118E+07      0.27796E+09      0.18820E+10
    0.28812E+13      0.44830E+07      0.18228E+09      0.17137E+10
    0.25553E+13      0.35328E+07      0.12650E+09      0.15872E+10
