      200.000    0.0593206
      250.000     0.116007
      303.000     0.206734
      350.000     0.319064
      400.000     0.476755
      450.000     0.679642
      500.000     0.933272
      550.000      1.24393
      600.000      1.61654
      650.000      2.05800
      700.000      2.57260
      750.000      3.16873
      800.000      3.85000
      810.000      3.99688
      820.000      4.14712
      830.000      4.30281
      840.000      4.46074
      850.000      4.62358
      860.000      4.78962
      870.000      4.95919
      880.000      5.30631
      890.000      5.70970
      900.000      6.11309
      920.000      6.12461
      930.000      7.34640
      940.000      7.91916
      950.000      3.13186
      960.000      11.0982
      970.000      9.45053
      980.000      8.27071
      990.000      10.4554
      1000.00      12.8449
      1020.00      11.7605
      1030.00      13.4691
      1040.00      7.56056
      1050.00      20.9865
      1060.00      20.6351
      1070.00      21.1218
      1080.00      1.80497
      1090.00      1.59147
      1110.00      5.47988
      1120.00      4.64098
      1130.00      43.5259
      1140.00      9.03906
      1150.00      16.4186
      1160.00      44.1428
      1170.00      338.506
      1180.00      313.886
      1190.00      54.9838
      1210.00      9.89836
      1220.00      7.25684
      1230.00      6.52180
      1250.00      15.9750
      1260.00      12.4966
      1270.00      7.25107
      1280.00      28.8722
      1290.00      8.60096
      1300.00      20.7307
      1310.00      16.4591
      1327.15      8.28721
      1329.81      27.2299
      1340.00      65.6982
      1350.00      832.226
      1360.00      188.287
      1370.00      63.1062
      1380.00      33.0582
      1390.00      21.5130
      1400.00      15.8647
      1410.00      13.4942
      1420.00      236.034
      1430.00      7.86698
      1440.00      6.17461
      1450.00      5.86348
      1460.00      28.9376
      1470.00      4.18844
      1480.00      3.80477
      1490.00      3.52399
      1500.00      3.35903
      1510.00      3.75732
      1540.00      2.29013
      1550.00      3.47271
      1560.00      2.04496
      1580.00      3.21808
      1600.00      1.61550
      1610.00      1.45341
      1650.00      30.5401
      1660.00      1.30728
      1670.00      1.19644
      1690.00      1.06341
      1700.00     0.999324
      1710.00      2.84099
      1720.00     0.930981
      1730.00     0.879548
      1740.00     0.863712
      1750.00     0.996781
      1760.00      2.49184
      1770.00      1.72041
      1780.00      1.10487
      1800.00     0.920617
      1810.00     0.726295
      1820.00     0.680126
      1830.00     0.616659
      1840.00     0.522257
      1850.00     0.686089
      1860.00     0.927292
      1871.61     0.737588
      1875.35     0.712734
      1880.00     0.690004
      1890.00     0.647628
      1900.00     0.623248
      1910.00     0.598868
      1920.00     0.576064
      1930.00     0.564445
      1940.00     0.552826
      1970.00      1.19598
      1980.00     0.579073
      2000.00     0.490889
      2010.00     0.480550
      2020.00     0.474544
      2040.00     0.462531
      2060.00     0.454703
      2090.00     0.458341
      2100.00     0.463991
      2110.00     0.474918
      2120.00     0.485844
      2130.00     0.501984
      2140.00     0.525105
      2150.00     0.560886
      2160.00     0.603480
      2170.00     0.670323
      2180.00     0.759140
      2200.00      1.07130
      2210.00      1.31147
      2220.00      1.67937
      2230.00      2.11291
      2240.00      2.54644
      2280.00      2.40923
      2290.00      1.99422
      2300.00      1.59864
      2310.00      1.37202
      2320.00      1.14541
      2330.00     0.997790
      2340.00     0.884327
      2350.00     0.779808
      2360.00     0.718553
      2370.00     0.657298
      2380.00     0.608913
      2390.00     0.572719
      2400.00     0.536526
      2420.00     0.486397
      2430.00     0.463184
      2440.00     0.445491
      2450.00     0.429506
      2460.00     0.413521
      2470.00     0.400320
      2480.00     0.388631
      2490.00     0.376941
      2500.00     0.366204
      2530.00     0.339186
      2540.00     0.332271
      2550.00     0.325672
      2560.00     0.319074
      2570.00     0.312475
      2580.00     0.305877
      2590.00     0.299278
      2610.00     0.286619
      2620.00     0.282209
      2630.00     0.277800
      2640.00     0.273391
      2650.00     0.268981
      2660.00     0.264572
      2670.00     0.260163
      2680.00     0.255753
      2690.00     0.251344
      2700.00     0.246935
      2710.00     0.242525
      2720.00     0.238116
      2730.00     0.233707
      2740.00     0.229297
      2750.00     0.226149
      2760.00     0.223198
      2770.00     0.220247
      2780.00     0.217296
      2790.00     0.214345
      2800.00     0.211394
      2810.00     0.208443
      2820.00     0.205492
      2830.00     0.202541
      2840.00     0.199590
      2850.00     0.197028
      2880.00     0.191756
      2890.00     0.189999
      2900.00     0.188241
      2910.00     0.186484
      2950.00     0.179455
      2960.00     0.177697
      2970.00     0.176096
      2980.00     0.175393
      2990.00     0.174689
      3000.00     0.173986
      3010.00     0.173283
      3020.00     0.172579
      3030.00     0.171876
      3040.00     0.171439
      3050.00     0.171561
      3060.00     0.171683
      3070.00     0.171804
      3080.00     0.171926
      3090.00     0.172048
      3120.00     0.173269
      3140.00     0.175359
      3150.00     0.176404
      3160.00     0.177449
      3170.00     0.178494
      3180.00     0.179538
      3190.00     0.180583
      3200.00     0.182503
      3210.00     0.184532
      3220.00     0.186562
      3230.00     0.188592
      3240.00     0.190622
      3250.00     0.192651
      3260.00     0.194681
      3270.00     0.196711
      3280.00     0.198871
      3290.00     0.202006
      3300.00     0.205141
      3310.00     0.208275
      3320.00     0.211410
      3330.00     0.214544
      3340.00     0.217679
      3350.00     0.220814
      3360.00     0.223948
      3370.00     0.227083
      3380.00     0.230814
      3420.00     0.247978
      3450.00     0.260851
      3460.00     0.265142
      3470.00     0.269433
      3480.00     0.273724
      3490.00     0.279230
      3500.00     0.284788
      3510.00     0.290345
      3520.00     0.295903
      3530.00     0.301461
      3540.00     0.307019
      3550.00     0.312577
      3560.00     0.318135
      3570.00     0.323693
      3580.00     0.329251
      3590.00     0.334809
      3600.00     0.340769
      3610.00     0.347670
      3620.00     0.354571
      3630.00     0.361472
      3660.00     0.382175
      3670.00     0.389076
      3690.00     0.402878
      3700.00     0.409779
      3710.00     0.416680
      3720.00     0.423581
      3730.00     0.430894
      3740.00     0.438939
      3770.00     0.463075
      3780.00     0.471120
      3790.00     0.479165
      3800.00     0.487210
      3810.00     0.495836
      3820.00     0.504771
      3830.00     0.513706
      3840.00     0.522641
      3860.00     0.540511
      3870.00     0.549446
      3885.28       0.5631
      3890.00     0.000000
      3900.00     0.000000
      3910.00     0.000000
      3920.00     0.000000
      3930.00     0.000000
      3940.00     0.000000
      3950.00     0.000000
      3960.00     0.000000
      3970.00     0.000000
      3980.00     0.000000
      3990.00     0.000000
      4000.00     0.000000
      4010.00     0.000000
      4020.00     0.000000
      4030.00     0.000000
      4050.00     0.000000
      4110.00     0.000000
      4120.00     0.000000
      4130.00     0.000000
      4140.00     0.000000
      4150.00     0.000000
      4160.00     0.000000
      4170.00     0.000000
      4180.00     0.000000
      4190.00     0.000000
      4200.00     0.000000
      4210.00     0.000000
      4220.00     0.000000
      4230.00     0.000000
      4240.00     0.000000
      4250.00     0.000000
      4260.00     0.000000
      4270.00     0.000000
      4280.00     0.000000
      4290.00     0.000000
      4300.00     0.000000
      4310.00     0.000000
      4320.00     0.000000
      4330.00     0.000000
      4340.00     0.000000
      4350.00     0.000000
      4360.00     0.000000
      4370.00     0.000000
      4380.00     0.000000
      4390.00     0.000000
      4400.00     0.000000
      4410.00     0.000000
      4420.00     0.000000
      4430.00     0.000000
      4440.00     0.000000
      4450.00     0.000000
      4460.00     0.000000
      4470.00     0.000000
      4480.00     0.000000
      4490.00     0.000000
      4500.00     0.000000
      4510.00     0.000000
      4520.00     0.000000
      4530.00     0.000000
      4540.00     0.000000
      4560.00     0.000000
      4570.00     0.000000
      4580.00     0.000000
      4590.00     0.000000
      4600.00     0.000000
      4610.00     0.000000
      4620.00     0.000000
      4630.00     0.000000
      4640.00     0.000000
      4650.00     0.000000
      4660.00     0.000000
      4670.00     0.000000
      4680.00     0.000000
      4690.00     0.000000
      4700.00     0.000000
      4710.00     0.000000
      4720.00     0.000000
      4730.00     0.000000
      4740.00     0.000000
      4750.00     0.000000
      4760.00     0.000000
      4770.00     0.000000
      4780.00     0.000000
      4790.00     0.000000
      4800.00     0.000000
      4810.00     0.000000
      4820.00     0.000000
      4830.00     0.000000
      4840.00     0.000000
      4850.00     0.000000
      4860.00     0.000000
      4870.00     0.000000
      4880.00     0.000000
      4890.00     0.000000
      4900.00     0.000000
      4910.00     0.000000
      4920.00     0.000000
      4930.00     0.000000
      4940.00     0.000000
      4950.00     0.000000
      4960.00     0.000000
      4970.00     0.000000
      4980.00     0.000000
      4990.00     0.000000
      5000.00     0.000000
      5010.00     0.000000
      5020.00     0.000000
      5030.00     0.000000
      5040.00     0.000000
      5050.00     0.000000
      5060.00     0.000000
      5070.00     0.000000
      5080.00     0.000000
      5090.00     0.000000
      5100.00     0.000000
      5110.00     0.000000
      5120.00     0.000000
      5130.00     0.000000
      5140.00     0.000000
      5150.00     0.000000
      5160.00     0.000000
      5170.00     0.000000
      5180.00     0.000000
      5190.00     0.000000
      5200.00     0.000000
      5210.00     0.000000
      5220.00     0.000000
      5230.00     0.000000
      5240.00     0.000000
      5250.00     0.000000
      5260.00     0.000000
      5270.00     0.000000
      5280.00     0.000000
      5290.00     0.000000
      5300.00     0.000000
      5310.00     0.000000
      5320.00     0.000000
      5330.00     0.000000
      5340.00     0.000000
      5350.00     0.000000
      5360.00     0.000000
      5370.00     0.000000
      5380.00     0.000000
      5390.00     0.000000
      5400.00     0.000000
      5410.00     0.000000
      5420.00     0.000000
      5430.00     0.000000
      5440.00     0.000000
      5450.00     0.000000
      5460.00     0.000000
      5470.00     0.000000
      5480.00     0.000000
      5490.00     0.000000
      5500.00     0.000000
      5510.00     0.000000
      5520.00     0.000000
      5530.00     0.000000
      5540.00     0.000000
      5550.00     0.000000
      5560.00     0.000000
      5570.00     0.000000
      5580.00     0.000000
      5590.00     0.000000
      5600.00     0.000000
      5610.00     0.000000
      5620.00     0.000000
      5630.00     0.000000
      5640.00     0.000000
      5650.00     0.000000
      5660.00     0.000000
      5670.00     0.000000
      5680.00     0.000000
      5690.00     0.000000
      5700.00     0.000000
      5710.00     0.000000
      5720.00     0.000000
      5730.00     0.000000
      5740.00     0.000000
      5750.00     0.000000
      5760.00     0.000000
      5770.00     0.000000
      5780.00     0.000000
      5790.00     0.000000
      5800.00     0.000000
      5810.00     0.000000
      5820.00     0.000000
      5830.00     0.000000
      5840.00     0.000000
      5850.00     0.000000
      5860.00     0.000000
      5870.00     0.000000
      5880.00     0.000000
      5890.00     0.000000
      5900.00     0.000000
      5910.00     0.000000
      5920.00     0.000000
      5930.00     0.000000
      5940.00     0.000000
      5950.00     0.000000
      5960.00     0.000000
      5970.00     0.000000
      5980.00     0.000000
      5990.00     0.000000
      6000.00     0.000000
      6010.00     0.000000
      6020.00     0.000000
      6030.00     0.000000
      6040.00     0.000000
      6050.00     0.000000
      6060.00     0.000000
      6070.00     0.000000
      6080.00     0.000000
      6090.00     0.000000
      6100.00     0.000000
      6110.00     0.000000
      6120.00     0.000000
      6130.00     0.000000
      6140.00     0.000000
      6150.00     0.000000
      6160.00     0.000000
      6170.00     0.000000
      6180.00     0.000000
      6190.00     0.000000
      6200.00     0.000000
      6210.00     0.000000
      6220.00     0.000000
      6230.00     0.000000
      6240.00     0.000000
      6250.00     0.000000
      6260.00     0.000000
      6270.00     0.000000
      6280.00     0.000000
      6290.00     0.000000
      6300.00     0.000000
      6310.00     0.000000
      6320.00     0.000000
      6330.00     0.000000
      6340.00     0.000000
      6350.00     0.000000
      6360.00     0.000000
      6370.00     0.000000
      6380.00     0.000000
      6390.00     0.000000
      6400.00     0.000000
      6410.00     0.000000
      6420.00     0.000000
      6430.00     0.000000
      6440.00     0.000000
      6450.00     0.000000
      6460.00     0.000000
      6470.00     0.000000
      6480.00     0.000000
      6490.00     0.000000
      6500.00     0.000000
      6510.00     0.000000
      6520.00     0.000000
      6530.00     0.000000
      6540.00     0.000000
      6550.00     0.000000
      6560.00     0.000000
      6570.00     0.000000
      6580.00     0.000000
      6590.00     0.000000
      6600.00     0.000000
      6610.00     0.000000
      6620.00     0.000000
      6630.00     0.000000
      6640.00     0.000000
      6650.00     0.000000
      6660.00     0.000000
      6670.00     0.000000
      6680.00     0.000000
      6690.00     0.000000
      6700.00     0.000000
      6710.00     0.000000
      6720.00     0.000000
      6730.00     0.000000
      6740.00     0.000000
      6750.00     0.000000
      6760.00     0.000000
      6770.00     0.000000
      6780.00     0.000000
      6790.00     0.000000
      6800.00     0.000000
      6810.00     0.000000
      6820.00     0.000000
      6830.00     0.000000
      6840.00     0.000000
      6850.00     0.000000
      6860.00     0.000000
      6870.00     0.000000
      6880.00     0.000000
      6890.00     0.000000
      6900.00     0.000000
      6910.00     0.000000
      6920.00     0.000000
      6930.00     0.000000
      6940.00     0.000000
      6950.00     0.000000
      6960.00     0.000000
      6970.00     0.000000
      6980.00     0.000000
      6990.00     0.000000
      7000.00     0.000000
      7010.00     0.000000
      7020.00     0.000000
      7030.00     0.000000
      7040.00     0.000000
      7050.00     0.000000
      7060.00     0.000000
      7070.00     0.000000
      7080.00     0.000000
      7090.00     0.000000
      7100.00     0.000000
      7110.00     0.000000
      7120.00     0.000000
      7130.00     0.000000
      7140.00     0.000000
      7170.00     0.000000
      7180.00     0.000000
      7190.00     0.000000
      7200.00     0.000000
      7210.00     0.000000
      7220.00     0.000000
      7230.00     0.000000
      7240.00     0.000000
      7250.00     0.000000
      7260.00     0.000000
      7270.00     0.000000
      7280.00     0.000000
      7290.00     0.000000
      7300.00     0.000000
      7310.00     0.000000
      7320.00     0.000000
      7330.00     0.000000
      7340.00     0.000000
      7350.00     0.000000
      7360.00     0.000000
      7370.00     0.000000
      7380.00     0.000000
      7390.00     0.000000
      7400.00     0.000000
      7410.00     0.000000
      7430.00     0.000000
      7460.00     0.000000
      7470.00     0.000000
      7480.00     0.000000
      7490.00     0.000000
      7500.00     0.000000
      7510.00     0.000000
      7520.00     0.000000
      7530.00     0.000000
      7540.00     0.000000
      7550.00     0.000000
      7560.00     0.000000
      7570.00     0.000000
      7580.00     0.000000
      7590.00     0.000000
      7600.00     0.000000
      7610.00     0.000000
      7620.00     0.000000
      7630.00     0.000000
      7640.00     0.000000
      7650.00     0.000000
      7660.00     0.000000
      7670.00     0.000000
      7680.00     0.000000
      7690.00     0.000000
      7700.00     0.000000
      7710.00     0.000000
      7720.00     0.000000
      7730.00     0.000000
      7740.00     0.000000
      7750.00     0.000000
      7760.00     0.000000
      7770.00     0.000000
      7780.00     0.000000
      7790.00     0.000000
      7800.00     0.000000
      7810.00     0.000000
      7820.00     0.000000
      7830.00     0.000000
      7840.00     0.000000
      7850.00     0.000000
      7860.00     0.000000
      7870.00     0.000000
      7880.00     0.000000
      7890.00     0.000000
      7900.00     0.000000
      7910.00     0.000000
      7920.00     0.000000
      7930.00     0.000000
      7940.00     0.000000
      7950.00     0.000000
      7960.00     0.000000
      7970.00     0.000000
      7980.00     0.000000
      7990.00     0.000000
      8000.00     0.000000
      8010.00     0.000000
      8020.00     0.000000
      8030.00     0.000000
      8040.00     0.000000
      8050.00     0.000000
      8060.00     0.000000
      8070.00     0.000000
      8080.00     0.000000
      8090.00     0.000000
      8100.00     0.000000
      8110.00     0.000000
      8120.00     0.000000
      8130.00     0.000000
      8170.00     0.000000
      8180.00     0.000000
      8290.00     0.000000
      8300.00     0.000000
      8310.00     0.000000
      8320.00     0.000000
      8330.00     0.000000
      8340.00     0.000000
      8350.00     0.000000
      8360.00     0.000000
      8370.00     0.000000
      8380.00     0.000000
      8390.00     0.000000
      8400.00     0.000000
      8410.00     0.000000
      8420.00     0.000000
      8430.00     0.000000
      8440.00     0.000000
      8450.00     0.000000
      8460.00     0.000000
      8470.00     0.000000
      8480.00     0.000000
      8490.00     0.000000
      8500.00     0.000000
      8510.00     0.000000
      8520.00     0.000000
      8530.00     0.000000
      8540.00     0.000000
      8550.00     0.000000
      8560.00     0.000000
      8570.00     0.000000
      8580.00     0.000000
      8590.00     0.000000
      8600.00     0.000000
      8610.00     0.000000
      8620.00     0.000000
      8630.00     0.000000
      8640.00     0.000000
      8650.00     0.000000
      8660.00     0.000000
      8670.00     0.000000
      8680.00     0.000000
      8690.00     0.000000
      8700.00     0.000000
      8710.00     0.000000
      8720.00     0.000000
      8730.00     0.000000
      8740.00     0.000000
      8750.00     0.000000
      8760.00     0.000000
      8770.00     0.000000
      8780.00     0.000000
      8790.00     0.000000
      8800.00     0.000000
      8810.00     0.000000
      8820.00     0.000000
      8830.00     0.000000
      8840.00     0.000000
      8850.00     0.000000
      8860.00     0.000000
      8870.00     0.000000
      8880.00     0.000000
      8890.00     0.000000
      8900.00     0.000000
      8910.00     0.000000
      8920.00     0.000000
      8930.00     0.000000
      8940.00     0.000000
      8950.00     0.000000
      8960.00     0.000000
      8970.00     0.000000
      8980.00     0.000000
      8990.00     0.000000
      9000.00     0.000000
      9010.00     0.000000
      9020.00     0.000000
      9030.00     0.000000
      9040.00     0.000000
      9050.00     0.000000
      9060.00     0.000000
      9070.00     0.000000
      9080.00     0.000000
      9090.00     0.000000
      9100.00     0.000000
      9110.00     0.000000
      9120.00     0.000000
      9130.00     0.000000
      9140.00     0.000000
      9150.00     0.000000
      9160.00     0.000000
      9170.00     0.000000
      9180.00     0.000000
      9190.00     0.000000
      9200.00     0.000000
      9210.00     0.000000
      9220.00     0.000000
      9230.00     0.000000
      9240.00     0.000000
      9250.00     0.000000
      9260.00     0.000000
      9270.00     0.000000
      9280.00     0.000000
      9290.00     0.000000
      9300.00     0.000000
      9310.00     0.000000
      9320.00     0.000000
      9330.00     0.000000
      9340.00     0.000000
      9350.00     0.000000
      9360.00     0.000000
      9370.00     0.000000
      9380.00     0.000000
      9390.00     0.000000
      9400.00     0.000000
      9410.00     0.000000
      9420.00     0.000000
      9430.00     0.000000
      9440.00     0.000000
      9450.00     0.000000
      9460.00     0.000000
      9470.00     0.000000
      9480.00     0.000000
      9490.00     0.000000
      9500.00     0.000000
      9510.00     0.000000
      9520.00     0.000000
      9530.00     0.000000
      9540.00     0.000000
      9550.00     0.000000
      9560.00     0.000000
      9570.00     0.000000
      9580.00     0.000000
      9590.00     0.000000
      9600.00     0.000000
      9610.00     0.000000
      9620.00     0.000000
      9630.00     0.000000
      9640.00     0.000000
      9650.00     0.000000
      9660.00     0.000000
      9670.00     0.000000
      9680.00     0.000000
      9690.00     0.000000
      9700.00     0.000000
      9710.00     0.000000
      9720.00     0.000000
      9730.00     0.000000
      9740.00     0.000000
      9750.00     0.000000
      9760.00     0.000000
      9770.00     0.000000
      9780.00     0.000000
      9790.00     0.000000
      9800.00     0.000000
      9810.00     0.000000
      9820.00     0.000000
      9830.00     0.000000
      9840.00     0.000000
      9850.00     0.000000
      9860.00     0.000000
      9870.00     0.000000
      9880.00     0.000000
      9890.00     0.000000
      9900.00     0.000000
      9910.00     0.000000
      9920.00     0.000000
      9930.00     0.000000
      9940.00     0.000000
      9950.00     0.000000
      9960.00     0.000000
      9970.00     0.000000
      9980.00     0.000000
      9990.00     0.000000
      10000.0     0.000000
      10010.0     0.000000
      10020.0     0.000000
      10030.0     0.000000
      10040.0     0.000000
      10050.0     0.000000
      10060.0     0.000000
      10070.0     0.000000
      10080.0     0.000000
      10090.0     0.000000
      10100.0     0.000000
      10110.0     0.000000
      10120.0     0.000000
      10130.0     0.000000
      10140.0     0.000000
      10150.0     0.000000
      10160.0     0.000000
      10170.0     0.000000
      10180.0     0.000000
      10190.0     0.000000
      10200.0     0.000000
      10210.0     0.000000
      10220.0     0.000000
      10230.0     0.000000
      10240.0     0.000000
      10250.0     0.000000
      10260.0     0.000000
      10270.0     0.000000
      10280.0     0.000000
      10290.0     0.000000
      10300.0     0.000000
      10310.0     0.000000
      10320.0     0.000000
      10330.0     0.000000
      10340.0     0.000000
      10350.0     0.000000
      10360.0     0.000000
      10370.0     0.000000
      10380.0     0.000000
      10390.0     0.000000
      10400.0     0.000000
      10410.0     0.000000
      10420.0     0.000000
      10430.0     0.000000
      10440.0     0.000000
      10450.0     0.000000
      10460.0     0.000000
      10470.0     0.000000
      10480.0     0.000000
      10490.0     0.000000
      10500.0     0.000000
      10510.0     0.000000
      10520.0     0.000000
      10530.0     0.000000
      10540.0     0.000000
      10550.0     0.000000
      10560.0     0.000000
      10570.0     0.000000
      10580.0     0.000000
      10590.0     0.000000
      10600.0     0.000000
      10610.0     0.000000
      10620.0     0.000000
      10630.0     0.000000
      10640.0     0.000000
      10650.0     0.000000
      10660.0     0.000000
      10670.0     0.000000
      10680.0     0.000000
      10690.0     0.000000
      10700.0     0.000000
      10710.0     0.000000
      10720.0     0.000000
      10730.0     0.000000
      10740.0     0.000000
      10750.0     0.000000
      10760.0     0.000000
      10770.0     0.000000
      10780.0     0.000000
      10790.0     0.000000
      10800.0     0.000000
      10810.0     0.000000
      10820.0     0.000000
      10830.0     0.000000
      10840.0     0.000000
      10850.0     0.000000
      10860.0     0.000000
      10870.0     0.000000
      10880.0     0.000000
      10890.0     0.000000
      10900.0     0.000000
      10910.0     0.000000
      10920.0     0.000000
      10930.0     0.000000
      10940.0     0.000000
      10950.0     0.000000
      10960.0     0.000000
      10970.0     0.000000
      10980.0     0.000000
      10990.0     0.000000
      11000.0     0.000000
      11010.0     0.000000
      11020.0     0.000000
      11030.0     0.000000
      11040.0     0.000000
      11050.0     0.000000
      11060.0     0.000000
      11070.0     0.000000
      11080.0     0.000000
      11090.0     0.000000
      11100.0     0.000000
      11110.0     0.000000
      11120.0     0.000000
      11130.0     0.000000
      11140.0     0.000000
      11150.0     0.000000
      11160.0     0.000000
      11170.0     0.000000
      11180.0     0.000000
      11190.0     0.000000
      11200.0     0.000000
      11210.0     0.000000
      11220.0     0.000000
      11230.0     0.000000
      11240.0     0.000000
      11250.0     0.000000
      11260.0     0.000000
      11270.0     0.000000
      11280.0     0.000000
      11290.0     0.000000
      11300.0     0.000000
      11310.0     0.000000
      11320.0     0.000000
      11330.0     0.000000
      11340.0     0.000000
      11350.0     0.000000
      11360.0     0.000000
      11370.0     0.000000
      11380.0     0.000000
      11390.0     0.000000
      11400.0     0.000000
      11410.0     0.000000
      11420.0     0.000000
      11430.0     0.000000
      11440.0     0.000000
      11450.0     0.000000
      11460.0     0.000000
      11470.0     0.000000
      11480.0     0.000000
      11490.0     0.000000
      11500.0     0.000000
      11510.0     0.000000
      11520.0     0.000000
      11530.0     0.000000
      11540.0     0.000000
      11550.0     0.000000
      11560.0     0.000000
      11570.0     0.000000
      11580.0     0.000000
      11590.0     0.000000
      11600.0     0.000000
      11610.0     0.000000
      11620.0     0.000000
      11630.0     0.000000
      11640.0     0.000000
      11650.0     0.000000
      11660.0     0.000000
      11670.0     0.000000
      11680.0     0.000000
      11690.0     0.000000
      11700.0     0.000000
      11710.0     0.000000
      11720.0     0.000000
      11730.0     0.000000
      11740.0     0.000000
      11750.0     0.000000
      11760.0     0.000000
      11770.0     0.000000
      11780.0     0.000000
      11790.0     0.000000
      11800.0     0.000000
      11810.0     0.000000
      11820.0     0.000000
      11830.0     0.000000
      11840.0     0.000000
      11850.0     0.000000
      11860.0     0.000000
      11870.0     0.000000
      11880.0     0.000000
      11890.0     0.000000
      11900.0     0.000000
      11910.0     0.000000
      11920.0     0.000000
      11930.0     0.000000
      11940.0     0.000000
      11950.0     0.000000
      11960.0     0.000000
      11970.0     0.000000
      11980.0     0.000000
      11990.0     0.000000
      12000.0     0.000000
      12010.0     0.000000
      12020.0     0.000000
      12030.0     0.000000
      12040.0     0.000000
      12050.0     0.000000
      12060.0     0.000000
      12070.0     0.000000
      12080.0     0.000000
      12090.0     0.000000
      12100.0     0.000000
      12110.0     0.000000
      12120.0     0.000000
      12130.0     0.000000
      12140.0     0.000000
      12150.0     0.000000
      12160.0     0.000000
      12170.0     0.000000
      12180.0     0.000000
      12190.0     0.000000
      12200.0     0.000000
      12210.0     0.000000
      12220.0     0.000000
      12230.0     0.000000
      12240.0     0.000000
      12250.0     0.000000
      12260.0     0.000000
      12270.0     0.000000
      12280.0     0.000000
      12290.0     0.000000
      12300.0     0.000000
      12310.0     0.000000
      12320.0     0.000000
      12330.0     0.000000
      12340.0     0.000000
      12350.0     0.000000
      12360.0     0.000000
      12370.0     0.000000
      12380.0     0.000000
      12390.0     0.000000
      12400.0     0.000000
      12410.0     0.000000
      12420.0     0.000000
      12430.0     0.000000
      12440.0     0.000000
      12450.0     0.000000
      12460.0     0.000000
      12470.0     0.000000
      12480.0     0.000000
      12490.0     0.000000
      12500.0     0.000000
      12510.0     0.000000
      12520.0     0.000000
      12530.0     0.000000
      12540.0     0.000000
      12550.0     0.000000
      12560.0     0.000000
      12570.0     0.000000
      12580.0     0.000000
      12590.0     0.000000
      12600.0     0.000000
      12610.0     0.000000
      12620.0     0.000000
      12630.0     0.000000
      12640.0     0.000000
      12650.0     0.000000
      12660.0     0.000000
      12670.0     0.000000
      12680.0     0.000000
      12690.0     0.000000
      12700.0     0.000000
      12710.0     0.000000
      12720.0     0.000000
      12730.0     0.000000
      12740.0     0.000000
      12750.0     0.000000
      12760.0     0.000000
      12770.0     0.000000
      12780.0     0.000000
      12790.0     0.000000
      12800.0     0.000000
      12810.0     0.000000
      12820.0     0.000000
      12830.0     0.000000
      12840.0     0.000000
      12850.0     0.000000
      12860.0     0.000000
      12870.0     0.000000
      12880.0     0.000000
      12890.0     0.000000
      12900.0     0.000000
      12910.0     0.000000
      12920.0     0.000000
      12930.0     0.000000
      12940.0     0.000000
      12950.0     0.000000
      12960.0     0.000000
      12970.0     0.000000
      12980.0     0.000000
      12990.0     0.000000
      13000.0     0.000000
      13010.0     0.000000
      13020.0     0.000000
      13030.0     0.000000
      13040.0     0.000000
      13050.0     0.000000
      13060.0     0.000000
      13070.0     0.000000
      13080.0     0.000000
      13090.0     0.000000
      13100.0     0.000000
      13110.0     0.000000
      13120.0     0.000000
      13130.0     0.000000
      13140.0     0.000000
      13150.0     0.000000
      13160.0     0.000000
      13170.0     0.000000
      13180.0     0.000000
      13190.0     0.000000
      13200.0     0.000000
      13210.0     0.000000
      13220.0     0.000000
      13230.0     0.000000
      13240.0     0.000000
      13250.0     0.000000
      13260.0     0.000000
      13270.0     0.000000
      13280.0     0.000000
      13290.0     0.000000
      13300.0     0.000000
      13310.0     0.000000
      13320.0     0.000000
      13330.0     0.000000
      13340.0     0.000000
      13350.0     0.000000
      13360.0     0.000000
      13370.0     0.000000
      13380.0     0.000000
      13390.0     0.000000
      13400.0     0.000000
      13410.0     0.000000
      13420.0     0.000000
      13430.0     0.000000
      13440.0     0.000000
      13450.0     0.000000
      13460.0     0.000000
      13470.0     0.000000
      13480.0     0.000000
      13490.0     0.000000
      13500.0     0.000000
      13510.0     0.000000
      13520.0     0.000000
      13530.0     0.000000
      13540.0     0.000000
      13550.0     0.000000
      13560.0     0.000000
      13570.0     0.000000
      13580.0     0.000000
      13590.0     0.000000
      13600.0     0.000000
      13610.0     0.000000
      13620.0     0.000000
      13630.0     0.000000
      13640.0     0.000000
      13650.0     0.000000
      13660.0     0.000000
      13670.0     0.000000
      13680.0     0.000000
      13690.0     0.000000
      13700.0     0.000000
      13710.0     0.000000
      13720.0     0.000000
      13730.0     0.000000
      13740.0     0.000000
      13750.0     0.000000
      13760.0     0.000000
      13770.0     0.000000
      13780.0     0.000000
      13790.0     0.000000
      13800.0     0.000000
      13810.0     0.000000
      13820.0     0.000000
      13830.0     0.000000
      13840.0     0.000000
      13850.0     0.000000
      13860.0     0.000000
      13870.0     0.000000
      13880.0     0.000000
      13890.0     0.000000
      13900.0     0.000000
      13910.0     0.000000
      13920.0     0.000000
      13930.0     0.000000
      13940.0     0.000000
      13950.0     0.000000
      13960.0     0.000000
      13970.0     0.000000
      13980.0     0.000000
      13990.0     0.000000
      14000.0     0.000000
      14010.0     0.000000
      14020.0     0.000000
      14030.0     0.000000
      14040.0     0.000000
      14050.0     0.000000
      14060.0     0.000000
      14070.0     0.000000
      14080.0     0.000000
      14090.0     0.000000
      14100.0     0.000000
      14110.0     0.000000
      14120.0     0.000000
      14130.0     0.000000
      14140.0     0.000000
      14150.0     0.000000
      14160.0     0.000000
      14170.0     0.000000
      14180.0     0.000000
      14190.0     0.000000
      14200.0     0.000000
      14210.0     0.000000
      14220.0     0.000000
      14230.0     0.000000
      14240.0     0.000000
      14250.0     0.000000
      14260.0     0.000000
      14270.0     0.000000
      14280.0     0.000000
      14290.0     0.000000
      14300.0     0.000000
      14310.0     0.000000
      14320.0     0.000000
      14330.0     0.000000
      14340.0     0.000000
      14350.0     0.000000
      14360.0     0.000000
      14370.0     0.000000
      14380.0     0.000000
      14390.0     0.000000
      14400.0     0.000000
      14410.0     0.000000
      14420.0     0.000000
      14430.0     0.000000
      14440.0     0.000000
      14450.0     0.000000
      14460.0     0.000000
      14470.0     0.000000
      14480.0     0.000000
      14490.0     0.000000
      14500.0     0.000000
      14510.0     0.000000
      14520.0     0.000000
      14530.0     0.000000
      14540.0     0.000000
      14550.0     0.000000
      14560.0     0.000000
      14570.0     0.000000
      14580.0     0.000000
      14590.0     0.000000
      14600.0     0.000000
      14610.0     0.000000
      14620.0     0.000000
      14630.0     0.000000
      14640.0     0.000000
      14650.0     0.000000
      14660.0     0.000000
      14670.0     0.000000
      14680.0     0.000000
      14690.0     0.000000
      14700.0     0.000000
      14710.0     0.000000
      14720.0     0.000000
      14730.0     0.000000
      14740.0     0.000000
      14750.0     0.000000
      14760.0     0.000000
      14770.0     0.000000
      14780.0     0.000000
      14790.0     0.000000
      14800.0     0.000000
      14810.0     0.000000
      14820.0     0.000000
      14830.0     0.000000
      14840.0     0.000000
      14850.0     0.000000
      14860.0     0.000000
      14870.0     0.000000
      14880.0     0.000000
      14890.0     0.000000
      14900.0     0.000000
      14910.0     0.000000
      14920.0     0.000000
      14930.0     0.000000
      14940.0     0.000000
      14950.0     0.000000
      14960.0     0.000000
      14970.0     0.000000
      14980.0     0.000000
      14990.0     0.000000
      15000.0     0.000000
      15010.0     0.000000
      15020.0     0.000000
      15030.0     0.000000
      15040.0     0.000000
      15050.0     0.000000
      15060.0     0.000000
      15070.0     0.000000
      15080.0     0.000000
      15090.0     0.000000
      15100.0     0.000000
      15110.0     0.000000
      15120.0     0.000000
      15130.0     0.000000
      15140.0     0.000000
      15150.0     0.000000
      15160.0     0.000000
      15170.0     0.000000
      15180.0     0.000000
      15190.0     0.000000
      15200.0     0.000000
      15210.0     0.000000
      15220.0     0.000000
      15230.0     0.000000
      15240.0     0.000000
      15250.0     0.000000
      15260.0     0.000000
      15270.0     0.000000
      15280.0     0.000000
      15290.0     0.000000
      15300.0     0.000000
      15310.0     0.000000
      15320.0     0.000000
      15330.0     0.000000
      15340.0     0.000000
      15350.0     0.000000
      15360.0     0.000000
      15370.0     0.000000
      15380.0     0.000000
      15390.0     0.000000
      15400.0     0.000000
      15410.0     0.000000
      15420.0     0.000000
      15430.0     0.000000
      15440.0     0.000000
      15450.0     0.000000
      15460.0     0.000000
      15470.0     0.000000
      15480.0     0.000000
      15490.0     0.000000
      15500.0     0.000000
      15510.0     0.000000
      15520.0     0.000000
      15530.0     0.000000
      15540.0     0.000000
      15550.0     0.000000
      15560.0     0.000000
      15570.0     0.000000
      15580.0     0.000000
      15590.0     0.000000
      15600.0     0.000000
      15610.0     0.000000
      15620.0     0.000000
      15630.0     0.000000
      15640.0     0.000000
      15650.0     0.000000
      15660.0     0.000000
      15670.0     0.000000
      15680.0     0.000000
      15690.0     0.000000
      15700.0     0.000000
      15710.0     0.000000
      15720.0     0.000000
      15730.0     0.000000
      15740.0     0.000000
      15750.0     0.000000
      15760.0     0.000000
      15770.0     0.000000
      15780.0     0.000000
      15790.0     0.000000
      15800.0     0.000000
      15810.0     0.000000
      15820.0     0.000000
      15830.0     0.000000
      15840.0     0.000000
      15850.0     0.000000
      15860.0     0.000000
      15870.0     0.000000
      15880.0     0.000000
      15890.0     0.000000
      15900.0     0.000000
      15910.0     0.000000
      15920.0     0.000000
      15930.0     0.000000
      15940.0     0.000000
      15950.0     0.000000
      15960.0     0.000000
      15970.0     0.000000
      15980.0     0.000000
      15990.0     0.000000
      16000.0     0.000000
      16010.0     0.000000
      16020.0     0.000000
      16030.0     0.000000
      16040.0     0.000000
      16050.0     0.000000
      16060.0     0.000000
      16070.0     0.000000
      16080.0     0.000000
      16090.0     0.000000
      16100.0     0.000000
      16110.0     0.000000
      16120.0     0.000000
      16130.0     0.000000
      16140.0     0.000000
      16150.0     0.000000
      16160.0     0.000000
      16170.0     0.000000
      16180.0     0.000000
      16190.0     0.000000
      16200.0     0.000000
      16210.0     0.000000
      16220.0     0.000000
      16230.0     0.000000
      16240.0     0.000000
      16250.0     0.000000
      16260.0     0.000000
      16270.0     0.000000
      16280.0     0.000000
      16290.0     0.000000
      16300.0     0.000000
      16310.0     0.000000
      16320.0     0.000000
      16330.0     0.000000
      16340.0     0.000000
      16350.0     0.000000
      16360.0     0.000000
      16370.0     0.000000
      16380.0     0.000000
      16390.0     0.000000
      16400.0     0.000000
      16410.0     0.000000
      16420.0     0.000000
      16430.0     0.000000
      16440.0     0.000000
      16450.0     0.000000
      16460.0     0.000000
      16470.0     0.000000
      16480.0     0.000000
      16490.0     0.000000
      16500.0     0.000000
      16510.0     0.000000
      16520.0     0.000000
      16530.0     0.000000
      16540.0     0.000000
      16550.0     0.000000
      16560.0     0.000000
      16570.0     0.000000
      16580.0     0.000000
      16590.0     0.000000
      16600.0     0.000000
      16610.0     0.000000
      16620.0     0.000000
      16630.0     0.000000
      16640.0     0.000000
      16650.0     0.000000
      16660.0     0.000000
      16670.0     0.000000
      16680.0     0.000000
      16690.0     0.000000
      16700.0     0.000000
      16710.0     0.000000
      16720.0     0.000000
      16730.0     0.000000
      16740.0     0.000000
      16750.0     0.000000
      16760.0     0.000000
      16770.0     0.000000
      16780.0     0.000000
      16790.0     0.000000
      16800.0     0.000000
      16810.0     0.000000
      16820.0     0.000000
      16830.0     0.000000
      16840.0     0.000000
      16850.0     0.000000
      16860.0     0.000000
      16870.0     0.000000
      16880.0     0.000000
      16890.0     0.000000
      16900.0     0.000000
      16910.0     0.000000
      16920.0     0.000000
      16930.0     0.000000
      16940.0     0.000000
      16950.0     0.000000
      16960.0     0.000000
      16970.0     0.000000
      16980.0     0.000000
      16990.0     0.000000
      17000.0     0.000000
      17010.0     0.000000
      17020.0     0.000000
      17030.0     0.000000
      17040.0     0.000000
      17050.0     0.000000
      17060.0     0.000000
      17070.0     0.000000
      17080.0     0.000000
      17090.0     0.000000
      17100.0     0.000000
      17110.0     0.000000
      17120.0     0.000000
      17130.0     0.000000
      17140.0     0.000000
      17150.0     0.000000
      17160.0     0.000000
      17170.0     0.000000
      17180.0     0.000000
      17190.0     0.000000
      17200.0     0.000000
      17210.0     0.000000
      17220.0     0.000000
      17230.0     0.000000
      17240.0     0.000000
      17250.0     0.000000
      17260.0     0.000000
      17270.0     0.000000
      17280.0     0.000000
      17290.0     0.000000
      17300.0     0.000000
      17310.0     0.000000
      17320.0     0.000000
      17330.0     0.000000
      17340.0     0.000000
      17350.0     0.000000
      17360.0     0.000000
      17370.0     0.000000
      17380.0     0.000000
      17390.0     0.000000
      17400.0     0.000000
      17410.0     0.000000
      17420.0     0.000000
      17430.0     0.000000
      17440.0     0.000000
      17450.0     0.000000
      17460.0     0.000000
      17470.0     0.000000
      17480.0     0.000000
      17490.0     0.000000
      17500.0     0.000000
      17510.0     0.000000
      17520.0     0.000000
      17530.0     0.000000
      17540.0     0.000000
      17550.0     0.000000
      17560.0     0.000000
      17570.0     0.000000
      17580.0     0.000000
      17590.0     0.000000
      17600.0     0.000000
      17610.0     0.000000
      17620.0     0.000000
      17630.0     0.000000
      17640.0     0.000000
      17650.0     0.000000
      17660.0     0.000000
      17670.0     0.000000
      17680.0     0.000000
      17690.0     0.000000
      17700.0     0.000000
      17710.0     0.000000
      17720.0     0.000000
      17730.0     0.000000
      17740.0     0.000000
      17750.0     0.000000
      17760.0     0.000000
      17770.0     0.000000
      17780.0     0.000000
      17790.0     0.000000
      17800.0     0.000000
      17810.0     0.000000
      17820.0     0.000000
      17830.0     0.000000
      17840.0     0.000000
      17850.0     0.000000
      17860.0     0.000000
      17870.0     0.000000
      17880.0     0.000000
      17890.0     0.000000
      17900.0     0.000000
      17910.0     0.000000
      17920.0     0.000000
      17930.0     0.000000
      17940.0     0.000000
      17950.0     0.000000
      17960.0     0.000000
      17970.0     0.000000
      17980.0     0.000000
      17990.0     0.000000
      18000.0     0.000000
      18010.0     0.000000
      18020.0     0.000000
      18030.0     0.000000
      18040.0     0.000000
      18050.0     0.000000
      18060.0     0.000000
      18070.0     0.000000
      18080.0     0.000000
      18090.0     0.000000
      18100.0     0.000000
      18110.0     0.000000
      18120.0     0.000000
      18130.0     0.000000
      18140.0     0.000000
      18150.0     0.000000
      18160.0     0.000000
      18170.0     0.000000
      18180.0     0.000000
      18190.0     0.000000
      18200.0     0.000000
      18210.0     0.000000
      18220.0     0.000000
      18230.0     0.000000
      18240.0     0.000000
      18250.0     0.000000
      18260.0     0.000000
      18270.0     0.000000
      18280.0     0.000000
      18290.0     0.000000
      18300.0     0.000000
      18310.0     0.000000
      18320.0     0.000000
      18330.0     0.000000
      18340.0     0.000000
      18350.0     0.000000
      18360.0     0.000000
      18370.0     0.000000
      18380.0     0.000000
      18390.0     0.000000
      18400.0     0.000000
      18410.0     0.000000
      18420.0     0.000000
      18430.0     0.000000
      18440.0     0.000000
      18450.0     0.000000
      18460.0     0.000000
      18470.0     0.000000
      18480.0     0.000000
      18490.0     0.000000
      18500.0     0.000000
      18510.0     0.000000
      18520.0     0.000000
      18530.0     0.000000
      18540.0     0.000000
      18550.0     0.000000
      18560.0     0.000000
      18570.0     0.000000
      18580.0     0.000000
      18590.0     0.000000
      18600.0     0.000000
      18610.0     0.000000
      18620.0     0.000000
      18630.0     0.000000
      18640.0     0.000000
      18650.0     0.000000
      18660.0     0.000000
      18670.0     0.000000
      18680.0     0.000000
      18690.0     0.000000
      18700.0     0.000000
      18710.0     0.000000
      18720.0     0.000000
      18730.0     0.000000
      18740.0     0.000000
      18750.0     0.000000
      18760.0     0.000000
      18770.0     0.000000
      18780.0     0.000000
      18790.0     0.000000
      18800.0     0.000000
      18810.0     0.000000
      18820.0     0.000000
      18830.0     0.000000
      18840.0     0.000000
      18850.0     0.000000
      18860.0     0.000000
      18870.0     0.000000
      18880.0     0.000000
      18890.0     0.000000
      18900.0     0.000000
      18910.0     0.000000
      18920.0     0.000000
      18930.0     0.000000
      18940.0     0.000000
      18950.0     0.000000
      18960.0     0.000000
      18970.0     0.000000
      18980.0     0.000000
      18990.0     0.000000
      19000.0     0.000000
      19010.0     0.000000
      19020.0     0.000000
      19030.0     0.000000
      19040.0     0.000000
      19050.0     0.000000
      19060.0     0.000000
      19070.0     0.000000
      19080.0     0.000000
      19090.0     0.000000
      19100.0     0.000000
      19110.0     0.000000
      19120.0     0.000000
      19130.0     0.000000
      19140.0     0.000000
      19150.0     0.000000
      19160.0     0.000000
      19170.0     0.000000
      19180.0     0.000000
      19190.0     0.000000
      19200.0     0.000000
      19210.0     0.000000
      19220.0     0.000000
      19230.0     0.000000
      19240.0     0.000000
      19250.0     0.000000
      19260.0     0.000000
      19270.0     0.000000
      19280.0     0.000000
      19290.0     0.000000
      19300.0     0.000000
      19310.0     0.000000
      19320.0     0.000000
      19330.0     0.000000
      19340.0     0.000000
      19350.0     0.000000
      19360.0     0.000000
      19370.0     0.000000
      19380.0     0.000000
      19390.0     0.000000
      19400.0     0.000000
      19410.0     0.000000
      19420.0     0.000000
      19430.0     0.000000
      19440.0     0.000000
      19450.0     0.000000
      19460.0     0.000000
      19470.0     0.000000
      19480.0     0.000000
      19490.0     0.000000
      19500.0     0.000000
      19510.0     0.000000
      19520.0     0.000000
      19530.0     0.000000
      19540.0     0.000000
      19550.0     0.000000
      19560.0     0.000000
      19570.0     0.000000
      19580.0     0.000000
      19590.0     0.000000
      19600.0     0.000000
      19610.0     0.000000
      19620.0     0.000000
      19630.0     0.000000
      19640.0     0.000000
      19650.0     0.000000
      19660.0     0.000000
      19670.0     0.000000
      19680.0     0.000000
      19690.0     0.000000
      19700.0     0.000000
      19710.0     0.000000
      19720.0     0.000000
      19730.0     0.000000
      19740.0     0.000000
      19750.0     0.000000
      19760.0     0.000000
      19770.0     0.000000
      19780.0     0.000000
      19790.0     0.000000
      19800.0     0.000000
      19810.0     0.000000
      19820.0     0.000000
      19830.0     0.000000
      19840.0     0.000000
      19850.0     0.000000
      19860.0     0.000000
      19870.0     0.000000
      19880.0     0.000000
      19890.0     0.000000
      19900.0     0.000000
      19910.0     0.000000
      19920.0     0.000000
      19930.0     0.000000
      19940.0     0.000000
      19950.0     0.000000
      19960.0     0.000000
      19970.0     0.000000
      19980.0     0.000000
      19990.0     0.000000
      20000.0     0.000000
      30000.0     0.000000
