      1605.00      6.68320
      1615.00      3.05605
      1625.00      1.43375
      1635.00      2.07464
      1645.00      1.63858
      1655.00     0.289822
      1665.00      2.51886
      1675.00      1.01359
      1685.00      1.48125
      1695.00      1.86459
      1705.00      2.03942
      1715.00      3.48466
      1725.00      4.30646
      1735.00      7.23028
      1745.00      4.63125
      1755.00      3.19358
      1765.00      1.80630
      1775.00      1.53050
      1785.00      1.46983
      1795.00      4.78761
      1805.00      2.68877
      1815.00      2.54931
      1825.00      2.56610
      1835.00      2.78021
      1845.00      2.05527
      1855.00      2.78260
      1865.00      2.44889
      1875.00      1.47898
      1885.00      2.13013
      1895.00      2.81179
      1905.00      2.49334
      1915.00      2.50434
      1925.00      1.92731
      1935.00    0.0311209
      1945.00      1.74993
      1955.00      2.50508
      1965.00      2.52144
      1975.00      2.66085
      1985.00      2.43358
      1995.00      2.64235
      2005.00      2.45481
      2015.00      2.40359
      2025.00      1.80861
      2035.00      2.27700
      2045.00      2.27588
      2055.00      2.20335
      2065.00      2.04495
      2075.00      1.83473
      2085.00      2.62468
      2095.00      2.97423
      2105.00      2.96676
      2115.00      3.23698
      2125.00      2.39564
      2135.00      3.41673
      2145.00      3.02075
      2155.00      3.18880
      2165.00      3.17388
      2175.00      3.20413
      2185.00      3.06120
      2195.00      3.02478
      2205.00      2.92081
      2215.00      3.46841
      2225.00      3.07524
      2235.00      2.63844
      2245.00      2.64487
      2255.00      2.36669
      2265.00      4.17503
      2275.00      3.81861
      2285.00      3.39329
      2295.00      3.42808
      2305.00      3.59789
      2315.00      3.25800
      2325.00      3.41504
      2335.00      4.07507
      2345.00      4.44351
      2355.00      3.50002
      2365.00      3.52130
      2375.00      3.33066
      2385.00      4.05344
      2395.00      3.48620
      2405.00      5.60448
      2415.00      3.60430
      2425.00      2.93623
      2435.00      3.21715
      2445.00      4.51759
      2455.00      7.92459
      2465.00      7.03844
      2475.00      4.03049
      2485.00      3.51907
      2495.00      3.91598
      2505.00      5.75178
      2515.00     0.511944
      2525.00     0.265350
      2535.00      2.59330
      2545.00      6.92604
      2555.00      7.72321
      2565.00      3.64250
      2575.00      3.74903
      2585.00      3.47967
      2595.00      2.98729
      2605.00      10.0803
      2615.00      6.27951
      2625.00      5.54180
      2635.00      4.43223
      2645.00      2.53291
      2655.00      3.34406
      2665.00      2.01626
      2675.00      2.46472
      2685.00      3.17254
      2695.00      2.85082
      2705.00      1.92500
      2715.00      1.76566
      2725.00      2.59305
      2735.00      1.76900
      2745.00      4.79411
      2755.00      3.34762
      2765.00      2.05143
      2775.00      1.76813
      2785.00      1.61935
      2795.00      1.00000
      2805.00      7.90397
      2815.00      3.63328
      2825.00      2.49783
      2835.00      1.34328
      2845.00     0.103349
      2855.00     0.290427
      2865.00     0.790157
      2875.00      1.69170
      2885.00      1.85308
      2895.00      1.48959
      2905.00      1.30622
      2915.00      1.37942
      2925.00      1.46642
      2935.00      1.49669
      2945.00      1.22486
      2955.00      1.59720
      2965.00      1.40271
      2975.00      1.74029
      2985.00      2.23261
      2995.00      1.75621
      3005.00      2.70153
      3015.00      1.92242
      3025.00      1.88698
      3035.00      1.38093
      3045.00      1.46068
      3055.00      1.17266
      3065.00      1.68477
      3075.00      1.49335
      3085.00      1.46230
      3095.00      1.32830
      3100.00     0.420095
      3105.00      1.54548
      3115.00      1.38409
      3125.00      1.33452
      3135.00      1.26284
      3145.00      1.06374
      3155.00      1.43847
      3165.00      1.02645
      3175.00      1.63624
      3185.00      1.15273
      3195.00      1.12603
