5766.665527   3373.508789  4.25874e-01  1.91071e-12
5761.732910   3383.602783  4.84638e-01  2.16761e-12
5756.114746   3393.440674  5.57125e-01  2.48448e-12
5749.863281   3404.774170  6.46083e-01  2.87332e-12
5743.773926   3521.481201  9.08996e-01  3.81919e-12
5737.749023   3691.494385  1.27407e+00  5.11147e-12
5731.830566   3842.718506  1.61411e+00  6.31521e-12
5725.414551   3893.970703  1.82311e+00  7.09883e-12
5717.770020   3854.710693  1.90079e+00  7.47124e-12
5708.067871   3759.263184  1.86688e+00  7.49320e-12
5694.151855   3516.334961  1.49295e+00  6.41126e-12
5668.820312   3191.390625  1.27892e+00  6.04706e-12
5658.820312   2979.368164  1.13361e+00  5.76014e-12
5648.820312   3382.701172  3.32516e+00  1.39904e-11
5638.998535   3805.066406  6.06354e+00  2.37828e-11
5632.821289   4039.160400  9.03942e+00  3.32867e-11
5627.338867   4223.816406  1.19638e+01  4.20156e-11
5622.310547   4360.866699  1.40989e+01  4.86093e-11
5617.046387   4432.652832  1.55759e+01  5.32795e-11
5611.196289   4455.237305  1.65690e+01  5.64186e-11
5604.580566   4513.561035  1.76164e+01  5.91189e-11
5597.678711   4610.527832  1.87688e+01  6.16251e-11
5588.820312   4777.923828  1.99522e+01  6.32374e-11
5578.820312   4532.930664  1.57929e+01  5.16618e-11
5568.820312   4155.376953  9.74132e+00  3.54320e-11
5558.820312   4269.340820  9.91104e+00  3.51754e-11
5548.820312   4414.734375  1.05160e+01  3.60306e-11
5538.820312   4639.966309  1.23351e+01  4.01464e-11
5528.820312   4667.498535  1.25013e+01  4.03324e-11
5518.820312   4377.762207  9.87919e+00  3.39135e-11
5498.820312   3967.747314  6.42233e+00  2.44446e-11
5488.820312   3961.438965  6.11907e+00  2.34024e-11
5478.820312   4000.462646  6.13737e+00  2.32383e-11
5438.820312   3786.366699  3.89777e+00  1.55656e-11
5428.820312   3712.131348  3.30124e+00  1.34439e-11
5418.820312   3721.050537  3.03217e+00  1.23513e-11
5408.820312   3781.033203  2.96971e+00  1.19002e-11
5398.820312   3847.345703  2.99482e+00  1.17947e-11
5388.820312   3913.559814  3.03431e+00  1.17442e-11
5378.820312   3935.503906  3.00153e+00  1.15545e-11
5368.820312   3931.754150  2.90651e+00  1.11884e-11
5358.820312   3845.452637  2.61850e+00  1.02968e-11
5348.820312   3669.706787  2.19179e+00  8.94848e-12
5338.820312   3381.639648  1.58674e+00  7.01563e-12
5328.820312   3083.849854  1.10117e+00  5.27807e-12
5318.820312   2780.807617  6.69262e-01  3.59799e-12
5308.820312   2661.185547  5.13011e-01  2.90335e-12
5298.820312   2574.685059  4.02796e-01  2.36886e-12
5288.820312   2519.865967  3.43589e-01  2.05888e-12
5278.820312   2470.308594  2.90931e-01  1.78258e-12
5268.820312   2435.190186  2.59390e-01  1.61118e-12
5258.820312   2411.166260  2.35341e-01  1.47804e-12
5248.820312   2399.502686  2.20826e-01  1.39369e-12
5238.820312   2392.136719  2.11188e-01  1.33712e-12
5228.820312   2386.802979  2.04775e-01  1.29951e-12
5218.820312   2384.153809  2.05308e-01  1.30435e-12
5208.820312   2382.704590  2.07230e-01  1.31739e-12
5198.820312   2389.767334  2.17021e-01  1.37553e-12
5188.820312   2410.334229  2.35782e-01  1.48009e-12
5178.820312   2462.900879  2.78172e-01  1.70843e-12
5168.820312   2580.651367  3.81200e-01  2.20569e-12
5158.820312   2762.882812  5.48538e-01  2.98681e-12
5148.820312   3022.843994  9.10856e-01  4.44300e-12
5138.820312   3314.762451  1.36617e+00  6.22152e-12
5128.820312   3780.088379  2.50972e+00  9.70168e-12
5118.820312   4245.387207  3.75223e+00  1.33421e-11
5108.820312   4592.327148  5.01954e+00  1.63972e-11
5098.820312   4708.351562  5.49012e+00  1.75448e-11
5088.820312   4347.982910  4.24131e+00  1.46092e-11
5078.820312   3717.006836  2.78544e+00  1.05066e-11
5068.820312   2848.369629  1.11733e+00  5.27387e-12
5058.820312   2526.639404  5.66016e-01  3.36078e-12
5048.820312   2398.716797  4.16233e-01  2.62403e-12
5038.820312   2398.723389  4.60076e-01  2.90459e-12
5028.820312   2417.659424  5.56173e-01  3.47149e-12
5018.820312   2500.976074  8.61741e-01  5.18009e-12
5008.820312   2737.628174  1.80791e+00  9.23830e-12
4998.820312   3251.456055  3.94454e+00  1.76144e-11
4988.820312   3763.506104  7.58443e+00  2.92553e-11
4978.820312   4274.171387  1.24816e+01  4.36395e-11
4968.820312   4321.286621  1.47508e+01  5.17949e-11
4958.820312   4228.411621  1.62497e+01  5.82158e-11
4948.820312   4137.362305  1.65246e+01  6.05162e-11
4928.820312   4081.135986  1.66844e+01  6.19293e-11
4918.820312   4003.032227  1.55180e+01  5.84205e-11
4908.820312   3775.804199  1.25022e+01  4.98199e-11
4898.820312   3491.264160  9.58005e+00  4.09021e-11
4888.820312   3167.194580  6.68900e+00  3.16551e-11
4878.820312   2987.966064  5.42541e+00  2.73567e-11
4868.820312   2846.265137  4.55099e+00  2.42192e-11
4858.820312   2922.399170  5.03585e+00  2.60779e-11
4848.820312   3014.257324  5.66309e+00  2.84039e-11
4838.820312   3165.399658  6.80624e+00  3.24580e-11
4828.820312   3271.358887  7.85163e+00  3.63370e-11
4818.820312   3313.775391  8.70593e+00  3.97776e-11
4808.820312   3387.336914  9.69640e+00  4.33095e-11
4778.820312   3661.606689  1.21933e+01  5.04339e-11
4758.820312   3418.124756  9.96375e+00  4.40032e-11
4748.820312   3175.515869  8.30029e+00  3.92893e-11
4738.820312   3004.560059  7.18929e+00  3.62140e-11
4728.820312   2922.871094  6.83969e+00  3.54190e-11
4718.820312   3081.253174  8.22248e+00  3.99775e-11
4708.820312   3368.216309  1.05992e+01  4.75355e-11
4688.820312   4019.749512  1.96692e+01  7.41066e-11
4678.820312   4049.608154  2.39005e+01  8.93198e-11
4668.820312   4054.627197  2.81011e+01  1.05067e-10
4658.820312   3992.157471  3.19537e+01  1.21387e-10
4638.820312   3808.091797  3.81072e+01  1.51728e-10
4628.820312   3864.635010  4.29289e+01  1.67926e-10
4608.820312   4101.411133  4.98635e+01  1.84285e-10
4598.820312   4180.821777  4.94976e+01  1.79171e-10
4588.820312   4035.155762  4.10017e+01  1.53095e-10
4578.820312   3912.729980  3.31854e+01  1.28287e-10
4568.820312   3844.860107  2.72324e+01  1.07011e-10
4558.820312   3806.987793  2.30720e+01  9.17832e-11
4548.820312   3798.557129  2.07798e+01  8.28514e-11
4528.820312   4207.026855  2.28393e+01  8.22369e-11
4518.820312   4358.426758  2.22675e+01  7.75695e-11
4508.820312   4445.711426  2.10263e+01  7.14717e-11
4488.820312   3794.192383  1.29931e+01  5.14540e-11
4478.820312   3409.055664  1.00445e+01  4.40279e-11
4468.820312   3098.450928  8.02842e+00  3.90439e-11
4458.820312   2852.789307  6.85384e+00  3.62593e-11
4448.820312   2768.913330  6.68666e+00  3.65820e-11
4438.820312   2741.787598  6.88556e+00  3.80401e-11
4428.820312   2759.025635  7.87900e+00  4.32323e-11
4418.820312   2815.531494  9.39462e+00  5.02338e-11
4408.820312   3076.745850  1.34260e+01  6.52494e-11
4398.820312   3398.664062  1.93128e+01  8.44911e-11
4388.820312   3829.378662  2.84861e+01  1.11041e-10
4378.820312   3993.862549  3.60137e+01  1.36743e-10
4368.820312   3952.599609  4.22648e+01  1.62052e-10
4358.820312   4045.302246  4.98777e+01  1.86242e-10
4348.820312   4178.017090  5.80460e+01  2.10415e-10
4338.820312   4411.857910  6.69142e+01  2.29117e-10
4328.820312   4575.658691  7.42741e+01  2.45853e-10
4318.820312   4413.237305  7.36237e+01  2.52666e-10
4308.820312   4195.925781  7.15289e+01  2.57995e-10
4298.820312   3891.975830  6.71010e+01  2.60900e-10
4288.820312   3575.606201  6.25248e+01  2.64632e-10
4278.820312   3284.324707  5.76652e+01  2.65733e-10
4268.820312   3359.723389  6.18522e+01  2.78182e-10
4258.820312   3526.310303  6.85538e+01  2.94102e-10
4248.820312   3949.009521  8.24721e+01  3.14652e-10
4238.820312   4283.484863  9.39765e+01  3.32061e-10
4228.820312   4288.062012  9.59986e+01  3.38932e-10
4218.820312   4177.667480  9.24593e+01  3.34175e-10
4198.820312   3777.078369  7.11492e+01  2.84636e-10
4188.820312   3709.387451  6.25618e+01  2.55121e-10
4178.820312   3795.742432  6.13478e+01  2.44984e-10
4168.820312   3896.770508  6.21029e+01  2.41427e-10
4108.820312   3840.913330  7.24950e+01  2.85756e-10
4098.820312   3779.362305  7.23852e+01  2.89959e-10
4088.820557   3811.087402  7.47455e+01  2.96837e-10
4078.820557   3869.410645  7.73138e+01  3.02421e-10
4068.820557   3897.815674  7.94506e+01  3.08486e-10
4038.820557   4013.537109  8.80194e+01  3.31771e-10
4028.820557   4152.563477  9.44965e+01  3.44331e-10
4018.820557   4071.214600  9.51491e+01  3.53886e-10
3998.820557   3762.187988  9.24265e+01  3.71955e-10
3988.820557   3677.229492  9.39819e+01  3.87241e-10
3978.820557   3525.782471  1.02171e+02  4.40340e-10
3968.820557   3532.798584  1.18414e+02  5.03512e-10
3958.820557   3905.710205  1.54409e+02  5.93424e-10
3948.820557   4105.415527  1.75498e+02  6.46931e-10
3938.820557   4130.148438  1.80681e+02  6.62136e-10
3918.820557   4174.583496  1.27309e+02  4.61555e-10
3908.820557   3721.497803  9.17004e+01  3.61833e-10
3898.820557   3341.342773  6.15972e+01  2.78514e-10
3888.820557   3656.748535  7.64484e+01  3.14438e-10
3878.820557   3904.822266  9.97310e+01  3.84705e-10
3858.820557   4135.802246  1.61953e+02  5.92277e-10
3848.820557   4220.111816  1.73912e+02  6.23495e-10
3838.820557   4121.102051  1.63979e+02  6.00642e-10
3828.820557   3961.645264  1.45621e+02  5.56147e-10
3753.642334   3941.282715  1.65016e+02  6.33641e-10
3662.996094   3834.805420  1.66534e+02  6.57309e-10
3560.873047   3912.578857  2.23169e+02  8.63277e-10
3472.082520   3853.516602  2.45436e+02  9.64104e-10
3380.285645   3912.895264  2.87797e+02  1.11335e-09
3302.135742   4063.801025  3.93340e+02  1.46509e-09
3238.177246   4141.996094  4.87078e+02  1.78002e-09
3173.896729   4106.376465  5.03939e+02  1.85722e-09
3096.111572   3900.144287  6.02000e+02  2.33699e-09
3006.614746   3919.470459  6.03619e+02  2.33151e-09
2908.634033   3970.317139  7.28252e+02  2.77692e-09
2825.479980   4128.791016  9.45951e+02  3.46819e-09
2761.329834   4242.639160  1.30857e+03  4.67008e-09
2668.820557   4209.146484  1.03930e+03  3.73777e-09
2658.820557   4208.343262  1.01556e+03  3.65425e-09
2648.820557   4226.200684  9.57076e+02  3.42949e-09
2638.820557   4282.040039  8.44304e+02  2.99640e-09
2598.820557   4526.859375  4.23985e+02  1.41817e-09
2588.820557   4568.649902  4.07328e+02  1.34945e-09
2578.820557   4579.654785  4.02567e+02  1.33050e-09
2568.820557   4596.056641  4.00459e+02  1.31873e-09
2558.820557   4602.244629  3.96908e+02  1.30529e-09
2548.820557   4623.902344  4.10966e+02  1.34480e-09
2538.820557   4664.036133  4.41211e+02  1.43156e-09
2528.820557   4690.465332  5.47098e+02  1.76398e-09
2518.820557   4714.654785  6.86912e+02  2.20487e-09
2508.820557   4735.650391  8.28012e+02  2.64468e-09
2498.820557   4757.469238  9.95609e+02  3.16728e-09
2488.820557   4759.194824  1.23563e+03  3.93058e-09
2478.820557   4732.088867  1.50550e+03  4.82485e-09
2434.231445   4433.393066  2.83863e+03  9.69552e-09
2398.448975   4430.346680  2.58844e+03  8.83925e-09
2338.820557   4208.725586  2.29529e+03  8.25772e-09
2328.820557   4164.907227  2.29729e+03  8.35226e-09
2318.820557   4139.997559  2.28559e+03  8.35898e-09
2308.820557   4150.482422  2.26493e+03  8.26077e-09
2298.820557   4164.999023  2.24055e+03  8.14300e-09
2268.820557   4186.589355  2.12773e+03  7.69263e-09
2258.820557   4163.526855  2.02196e+03  7.34722e-09
2248.820557   4129.367188  1.91194e+03  7.00960e-09
2238.820557   4106.454590  1.83300e+03  6.75679e-09
2228.820557   4079.098877  1.75907e+03  6.53104e-09
2218.820557   4074.015381  1.73957e+03  6.46767e-09
2208.820557   4060.333252  1.76862e+03  6.59833e-09
2198.820557   4042.078369  1.84611e+03  6.91783e-09
2168.820557   3927.326172  1.90784e+03  7.36095e-09
2158.820557   3926.389893  1.84574e+03  7.12207e-09
2148.820557   3930.800293  1.77479e+03  6.84059e-09
2138.820557   3930.667236  1.72166e+03  6.63453e-09
2128.820557   3917.471436  1.72169e+03  6.65818e-09
2118.820557   3952.576904  1.75288e+03  6.71823e-09
2108.820557   4033.852539  1.82967e+03  6.87075e-09
2098.820557   4208.486816  1.87251e+03  6.75218e-09
2088.820557   4433.225586  1.91741e+03  6.54958e-09
2078.820557   4421.184570  1.80791e+03  6.18647e-09
2068.820557   4416.128906  1.69173e+03  5.79581e-09
2058.820557   4292.298828  1.67498e+03  5.90756e-09
2048.820557   4126.040527  1.65220e+03  6.06763e-09
2038.820435   3965.754395  1.67961e+03  6.42171e-09
2028.820435   3850.596436  1.68376e+03  6.62456e-09
1998.820435   3665.158691  1.65663e+03  6.85554e-09
1988.820435   3635.248047  1.66320e+03  6.93999e-09
1978.820435   3597.717773  1.66834e+03  7.03908e-09
1968.820435   3543.635010  1.69528e+03  7.26582e-09
1958.820435   3518.046143  1.73278e+03  7.48195e-09
1948.820435   3523.930908  1.78541e+03  7.69712e-09
1938.820435   3541.019531  1.83385e+03  7.86792e-09
1928.820435   3566.805664  1.88063e+03  8.00626e-09
1918.820435   3592.564941  1.92370e+03  8.12834e-09
1908.820435   3614.709717  1.95930e+03  8.22680e-09
1898.820435   3628.618896  1.95908e+03  8.19336e-09
1888.820435   3651.574951  1.97066e+03  8.18988e-09
1878.820435   3713.565186  1.99203e+03  8.13655e-09
1868.820435   3765.262939  1.95281e+03  7.86522e-09
1828.820435   4004.566895  1.24874e+03  4.73108e-09
1818.820435   4105.218262  1.12954e+03  4.16227e-09
1808.820435   4135.305176  1.14712e+03  4.19845e-09
1798.820435   4143.340332  1.17513e+03  4.29475e-09
1788.820435   4121.929199  1.27997e+03  4.70270e-09
1778.820435   4089.802734  1.47478e+03  5.47071e-09
1768.820435   4052.570557  1.78393e+03  6.67704e-09
1758.820435   4042.196533  2.09310e+03  7.85024e-09
1688.820435   4234.041016  2.86539e+03  1.02521e-08
1678.820435   4257.479492  2.67741e+03  9.52793e-09
1668.820435   4258.001465  2.54596e+03  9.04958e-09
1658.820435   4248.250977  2.43276e+03  8.66620e-09
1528.820435   4278.460938  1.79854e+03  6.36972e-09
1518.820435   4306.401367  1.44151e+03  5.07492e-09
1478.820435   4505.998047  1.08712e+03  3.65194e-09
1468.820435   4542.878418  1.07653e+03  3.58740e-09
1458.820435   4584.354492  1.10650e+03  3.65122e-09
1448.820435   4644.829590  1.35611e+03  4.41107e-09
1438.820435   4682.029785  1.74384e+03  5.64139e-09
1428.820435   4659.658203  2.40738e+03  7.82518e-09
1418.820435   4645.046875  3.00825e+03  9.80472e-09
1408.820435   4642.181641  3.58746e+03  1.16978e-08
1348.820435   4969.355957  1.23084e+03  3.74702e-09
1338.820435   5034.066406  1.33356e+03  4.00785e-09
1328.820435   5073.736328  1.54629e+03  4.61075e-09
1318.820435   5096.946289  1.84791e+03  5.48610e-09
1308.820435   5149.491699  2.25363e+03  6.61398e-09
1298.820435   5205.317383  2.72310e+03  7.91666e-09
1288.820435   5298.408203  2.96278e+03  8.45694e-09
1278.820435   5370.173340  3.24605e+03  9.14774e-09
1268.820435   5370.559082  3.65840e+03  1.03084e-08
1238.820435   5036.465332  4.60511e+03  1.38393e-08
1228.820435   4924.098145  4.56865e+03  1.40438e-08
1218.820435   4869.091797  4.38840e+03  1.36354e-08
1208.820435   4839.481934  4.21215e+03  1.31705e-08
1198.820435   4832.604980  3.70059e+03  1.15847e-08
1188.820435   4818.407227  3.31672e+03  1.04191e-08
1178.820435   4812.487305  3.39941e+03  1.06917e-08
1168.820435   4800.580566  3.83819e+03  1.21092e-08
1158.820435   4773.393066  4.73096e+03  1.50103e-08
1148.820435   4760.277832  5.71626e+03  1.81808e-08
1081.706299   4634.004395  7.44524e+03  2.43283e-08
1008.826538   5031.188477  8.55810e+03  2.57379e-08
 931.561279   4772.997559  1.21507e+04  3.86049e-08
 858.820496   4860.839355  1.07255e+04  3.34078e-08
 848.820496   4902.962891  1.06866e+04  3.29964e-08
 838.820496   4906.263184  1.07309e+04  3.31126e-08
 828.820496   4888.280762  1.07839e+04  3.34003e-08
 818.820496   4834.470703  1.08323e+04  3.39286e-08
 748.820496   4922.951660  7.58915e+03  2.33703e-08
 738.820496   4965.575195  6.97951e+03  2.12738e-08
 708.820496   4779.161621  6.35537e+03  2.01255e-08
 698.820496   4765.007812  5.90907e+03  1.87734e-08
 688.820496   4769.374023  5.41113e+03  1.71752e-08
 678.820496   4776.658203  5.34985e+03  1.69534e-08
 668.820496   4791.092773  5.35251e+03  1.69086e-08
 608.820496   4956.145508  7.90000e+03  2.41168e-08
 598.820496   4979.672363  9.14671e+03  2.78009e-08
 588.820496   4928.365723  9.47534e+03  2.91122e-08
 568.820496   4775.608887  9.21763e+03  2.92166e-08
 558.820496   4787.758789  1.10675e+04  3.46696e-08
 548.820496   4974.412109  1.75279e+04  5.28654e-08
 530.061096   5219.763184  4.99989e+04  1.44874e-07
 519.181091   5204.758301  5.86165e+04  1.70648e-07
 507.212158   5189.046875  6.17383e+04  1.80184e-07
 491.875519   5209.264648  6.16068e+04  1.79136e-07
 472.030731   5262.041016  6.29779e+04  1.81257e-07
 446.499207   5334.434570  6.32282e+04  1.79494e-07
 412.586884   5400.780762  6.15955e+04  1.72706e-07
 363.683197   5451.287598  5.73392e+04  1.59271e-07
 289.137268   5562.002930  5.12087e+04  1.39385e-07
 214.239365   5770.225098  7.03163e+04  1.84448e-07
 156.206085   5978.201172  8.12798e+04  2.05804e-07
 114.167038   6356.672363  9.40113e+04  2.23774e-07
  85.595520   6774.535645  1.02666e+05  2.29194e-07
  64.568321   7213.360352  1.05900e+05  2.22156e-07
  49.397758   7705.656738  1.07130e+05  2.09971e-07
  37.547520   8102.998535  1.07611e+05  1.99560e-07
  27.412479   8479.102539  1.07463e+05  1.89914e-07
  18.140160   8788.307617  1.07425e+05  1.82200e-07
   9.118720   9066.083984  1.07465e+05  1.75439e-07
   0.000000   9319.359375  1.07524e+05  1.69338e-07
