6090.913086   4012.977051  1.29416e+00  4.83963e-12
6089.316895   3979.858154  1.25659e+00  4.72777e-12
6087.213379   3936.199219  1.20706e+00  4.58030e-12
6084.038574   3837.437500  1.09387e+00  4.23456e-12
6078.741211   3660.229492  8.89996e-01  3.60614e-12
6070.014160   3430.804932  6.55589e-01  2.84605e-12
6051.754883   3135.803467  4.05543e-01  1.95653e-12
6019.052246   3194.443604  4.63011e-01  2.19151e-12
5993.046875   3432.031494  6.95926e-01  3.07050e-12
5967.462891   3459.156494  7.85112e-01  3.43793e-12
5940.220703   3759.499512  1.22146e+00  4.87249e-12
5919.323730   4167.631348  1.77878e+00  6.46949e-12
5895.927246   4048.130615  1.27419e+00  4.75224e-12
5885.927246   3671.938721  8.28347e-01  3.25475e-12
5875.927246   3220.427246  3.47159e-01  1.62103e-12
5865.927246   2796.408691  1.90952e-01  9.51870e-13
5855.927246   2439.266602  6.32734e-02  3.92500e-13
5845.927246   2387.372314  5.31428e-02  3.36086e-13
5835.927246   2359.239990  4.81468e-02  3.09095e-13
5825.927246   2369.240967  5.19333e-02  3.31996e-13
5815.927246   2447.474854  7.12832e-02  4.35779e-13
5805.927246   2573.155273  1.02664e-01  6.01939e-13
5795.927246   2888.251709  2.46180e-01  1.21973e-12
5785.927246   3251.771240  4.26476e-01  1.98631e-12
5775.927246   3508.739014  7.47335e-01  3.16103e-12
5765.927246   3727.308105  1.06726e+00  4.33134e-12
5755.927246   3799.371094  1.34701e+00  5.35773e-12
5745.927246   3894.083252  1.67720e+00  6.50261e-12
5717.666016   4263.159180  2.79836e+00  9.93120e-12
5696.916504   4382.051270  3.33463e+00  1.15260e-11
5665.927246   4227.322754  3.43481e+00  1.22882e-11
5655.927246   3998.194336  3.04433e+00  1.14643e-11
5645.927246   3679.378906  2.50169e+00  1.02349e-11
5625.927246   3244.067139  2.00022e+00  9.33179e-12
5615.927246   3269.705566  2.38731e+00  1.10316e-11
5605.927246   3343.667480  2.93857e+00  1.32809e-11
5595.927246   3583.028320  4.25752e+00  1.77813e-11
5575.927246   3915.703613  6.42345e+00  2.47983e-11
5565.927246   3900.616699  6.50717e+00  2.51887e-11
5555.927246   3730.460449  5.61276e+00  2.27255e-11
5535.927246   3363.073486  3.75946e+00  1.68950e-11
5525.927246   3317.698486  3.45366e+00  1.57593e-11
5515.927246   3295.648438  3.24166e+00  1.48997e-11
5505.927246   3323.595947  3.24673e+00  1.47999e-11
5495.927246   3347.256592  3.25279e+00  1.47203e-11
5485.927246   3360.759766  3.27887e+00  1.47790e-11
5475.927246   3412.934082  3.46121e+00  1.53491e-11
5455.927246   3699.271973  4.59822e+00  1.87115e-11
5445.927246   3938.548340  5.59236e+00  2.14866e-11
5435.927246   4108.289062  6.08797e+00  2.24369e-11
5425.927246   4222.222656  6.30674e+00  2.25686e-11
5415.927246   3976.324707  4.81354e+00  1.81073e-11
5395.927246   3205.872803  1.95307e+00  8.78535e-12
5385.927246   2893.322998  1.09762e+00  5.66785e-12
5375.927246   2706.733643  7.20372e-01  3.97999e-12
5365.927246   2714.309570  6.08535e-01  3.40197e-12
5355.927246   2790.692139  5.92794e-01  3.21830e-12
5345.927246   3021.556396  7.32658e-01  3.64887e-12
5335.927246   3257.072266  8.93448e-01  4.14765e-12
5325.927246   3467.347412  1.08653e+00  4.72552e-12
5315.927246   3625.718018  1.25933e+00  5.25821e-12
5305.927246   3690.263184  1.39017e+00  5.70278e-12
5295.927246   3702.401855  1.52440e+00  6.23915e-12
5285.927246   3673.715576  1.66735e+00  6.87606e-12
5275.927246   3670.817139  1.93663e+00  7.99014e-12
5265.927246   3675.706787  2.25374e+00  9.28734e-12
5255.927246   3846.875488  3.11503e+00  1.21667e-11
5235.927246   4374.635742  6.15709e+00  2.10433e-11
5225.927246   4643.171875  8.24015e+00  2.67664e-11
5215.927246   4821.477051  1.04909e+01  3.28413e-11
5203.124512   4901.111816  1.26619e+01  3.91149e-11
5188.594238   4909.995605  1.42766e+01  4.40416e-11
5171.683105   4910.359863  1.54405e+01  4.76332e-11
5150.148438   4885.811035  1.63129e+01  5.05665e-11
5123.437988   4923.956543  1.75652e+01  5.40233e-11
5098.938477   5061.120117  1.91184e+01  5.72192e-11
5065.927246   5167.330078  1.96852e+01  5.76870e-11
5055.927246   5072.504883  1.87949e+01  5.60917e-11
5045.927246   4918.327637  1.75814e+01  5.40506e-11
5025.927246   4405.209961  1.41971e+01  4.85962e-11
5015.927246   4089.747314  1.22732e+01  4.53811e-11
5005.927246   3815.443848  1.08600e+01  4.29319e-11
4995.927246   3558.094482  9.56938e+00  4.07343e-11
4985.927246   3450.645020  9.26463e+00  4.06420e-11
4975.927246   3374.793213  9.16313e+00  4.11260e-11
4965.927246   3384.792236  9.64936e+00  4.31796e-11
4955.927246   3371.996582  1.01700e+01  4.56980e-11
4945.927246   3334.004395  1.07343e+01  4.87791e-11
4935.927246   3309.788574  1.17186e+01  5.36473e-11
4925.927246   3292.028564  1.29186e+01  5.94454e-11
4915.927246   3426.934814  1.58914e+01  6.98968e-11
4905.927246   3597.033691  1.94080e+01  8.15407e-11
4895.927246   3920.772949  2.52340e+01  9.66464e-11
4885.927246   4208.591797  3.07169e+01  1.10395e-10
4875.927246   4412.088867  3.50247e+01  1.20025e-10
4825.927246   4647.625000  3.28797e+01  1.07344e-10
4815.927246   4737.026367  3.06976e+01  9.81686e-11
4805.927246   4755.575684  2.75736e+01  8.78612e-11
4795.927246   4776.921875  2.45109e+01  7.77501e-11
4785.927246   4803.987793  2.17534e+01  6.86261e-11
4775.927246   4615.750977  1.84165e+01  5.99317e-11
4765.927246   4239.910156  1.45728e+01  5.17337e-11
4755.927246   3575.118408  1.08674e+01  4.48005e-11
4745.927246   2808.969238  7.16098e+00  3.84266e-11
4735.927246   2614.668701  6.46434e+00  3.73484e-11
4725.927246   2481.467773  6.06879e+00  3.70420e-11
4715.927246   2507.694580  6.51133e+00  3.93225e-11
4705.927246   2608.772217  7.32170e+00  4.23695e-11
4695.927246   2844.000488  8.79813e+00  4.67096e-11
4685.927246   3210.020264  1.09527e+01  5.13512e-11
4675.927246   3677.117188  1.36105e+01  5.59209e-11
4665.927246   3941.840820  1.52616e+01  5.86084e-11
4635.927246   3978.784180  1.53651e+01  5.84228e-11
4625.927246   3798.711426  1.38227e+01  5.49370e-11
4615.927246   3632.497803  1.22818e+01  5.10698e-11
4605.927246   3488.159424  1.07679e+01  4.66002e-11
4595.927246   3395.522217  9.50620e+00  4.23147e-11
4585.927246   3327.790039  8.14663e+00  3.70270e-11
4575.927246   3308.241699  7.18570e+00  3.28766e-11
4565.927246   3307.527588  6.36203e+00  2.91154e-11
4555.927246   3396.220703  5.98126e+00  2.67066e-11
4545.927246   3501.311523  5.67974e+00  2.45712e-11
4535.927246   3661.567139  5.65134e+00  2.33915e-11
4525.927246   3797.558838  5.63276e+00  2.24535e-11
4515.927246   3886.488037  5.58696e+00  2.17602e-11
4505.927246   3939.016357  5.48498e+00  2.10763e-11
4495.927246   3974.032227  5.34096e+00  2.03430e-11
4465.927246   4103.888672  4.92514e+00  1.81882e-11
4455.927246   4141.801758  4.75986e+00  1.74011e-11
4445.927246   4153.255859  4.67178e+00  1.70279e-11
4435.927246   4129.208496  4.64355e+00  1.70391e-11
4425.927246   4118.620117  4.73109e+00  1.74052e-11
4415.927246   4094.128174  4.71154e+00  1.74243e-11
4395.927246   3939.389648  4.17190e+00  1.59584e-11
4385.927246   3772.245850  3.51569e+00  1.40943e-11
4375.927246   3554.942139  2.87507e+00  1.21373e-11
4365.927246   3403.821533  2.32472e+00  1.03346e-11
4355.927246   3395.708740  2.19342e+00  9.77402e-12
4345.927246   3445.661621  2.17031e+00  9.53215e-12
4335.927246   3520.474365  2.27272e+00  9.76682e-12
4325.927246   3619.504150  2.46370e+00  1.02886e-11
4315.927246   3714.421143  2.72257e+00  1.10861e-11
4305.927246   3737.634766  2.88448e+00  1.16784e-11
4295.927246   3741.600098  3.02645e+00  1.22424e-11
4285.927246   3732.216797  3.08687e+00  1.25183e-11
4275.927246   3713.087158  3.04992e+00  1.24278e-11
4265.927246   3679.794189  2.77201e+00  1.13941e-11
4255.927246   3648.330322  2.45089e+00  1.01587e-11
4245.927246   3628.225586  2.10737e+00  8.78650e-12
4235.927246   3629.154053  1.89415e+00  7.89905e-12
4225.927246   3645.420654  1.72503e+00  7.16024e-12
4215.927246   3667.711914  1.62647e+00  6.71021e-12
4205.927246   3694.568359  1.54225e+00  6.31572e-12
4195.927246   3695.733643  1.49819e+00  6.13452e-12
4185.927246   3674.510742  1.49463e+00  6.15720e-12
4175.927246   3649.645020  1.57380e+00  6.52821e-12
4165.927246   3656.601074  1.77117e+00  7.32460e-12
4155.927246   3696.720947  2.07971e+00  8.51007e-12
4145.927246   3757.553955  2.37667e+00  9.56271e-12
4135.927246   3823.820557  2.65870e+00  1.05220e-11
4125.927246   3847.662354  3.45460e+00  1.35745e-11
4115.927246   3868.520508  4.32914e+00  1.69376e-11
4105.927246   3857.678223  5.24568e+00  2.05884e-11
4095.927002   3850.761719  6.56482e+00  2.58190e-11
4085.927002   3840.589355  8.58320e+00  3.38377e-11
4075.927002   3839.783691  1.07307e+01  4.22898e-11
4065.927002   3847.964600  1.30765e+01  5.14140e-11
4055.927002   3859.479980  1.44902e+01  5.68054e-11
4025.927002   4013.316895  2.03314e+01  7.65791e-11
4015.927002   4057.682129  2.45365e+01  9.14537e-11
4005.927002   4022.430176  2.81576e+01  1.06152e-10
3995.927002   3895.718994  3.07428e+01  1.19633e-10
3965.927002   3725.469482  2.68997e+01  1.09292e-10
3955.927002   3727.552002  2.50262e+01  1.01619e-10
3945.927002   3726.791992  2.39288e+01  9.71820e-11
3935.927002   3730.324463  2.29335e+01  9.30466e-11
3925.927002   3734.270752  2.20623e+01  8.94115e-11
3915.927002   3744.565430  2.12906e+01  8.60510e-11
3905.927002   3757.994873  2.05940e+01  8.29418e-11
3895.927002   3774.838867  2.04878e+01  8.21491e-11
3785.978760   3934.203613  5.27068e+01  2.02743e-10
3708.667480   3981.087646  6.78753e+01  2.58001e-10
3642.509521   3850.281006  9.01110e+01  3.54231e-10
3604.364746   3883.937744  1.58063e+02  6.16005e-10
3580.771729   3881.473877  2.20950e+02  8.61746e-10
3559.663330   3881.805664  2.52375e+02  9.84234e-10
3537.773682   3874.852051  3.06429e+02  1.19722e-09
3518.479980   3868.974609  3.78880e+02  1.48260e-09
3497.557373   3872.251465  3.90548e+02  1.52702e-09
3468.249023   3945.960205  3.50776e+02  1.34533e-09
3418.017334   3964.408447  2.86759e+02  1.09465e-09
3338.380859   3967.709717  2.74866e+02  1.04843e-09
3225.009277   3978.875488  3.20487e+02  1.21972e-09
3158.422363   3956.554688  5.32715e+02  2.03758e-09
3113.164062   4060.833252  7.56162e+02  2.81720e-09
3079.447998   4167.730469  9.44051e+02  3.42847e-09
3045.256592   4179.231445  1.02416e+03  3.70980e-09
3004.613770   4152.961426  1.09117e+03  3.97756e-09
2957.842285   4121.027344  1.17453e+03  4.31431e-09
2909.223389   4166.634277  1.45515e+03  5.28578e-09
2861.475586   4083.227295  1.54505e+03  5.73053e-09
2803.001709   4080.141846  1.74367e+03  6.47134e-09
2736.200684   3973.841064  1.90665e+03  7.26792e-09
2645.396729   3774.907471  2.07806e+03  8.34578e-09
2533.782959   3875.365723  2.43215e+03  9.51116e-09
2454.600586   4099.875000  3.01679e+03  1.11454e-08
2383.737061   4137.313477  3.73860e+03  1.36858e-08
2323.982178   4372.389648  4.15252e+03  1.43831e-08
2245.927002   4333.328125  4.22070e+03  1.47495e-08
2235.927002   4323.768066  4.30874e+03  1.50899e-08
2225.927002   4259.455078  4.36377e+03  1.55164e-08
2205.927002   4174.628906  4.43650e+03  1.60972e-08
2195.927002   4174.477051  4.44972e+03  1.61475e-08
2115.927002   4264.885254  5.15345e+03  1.82850e-08
2105.927002   4281.289062  5.19769e+03  1.83771e-08
2095.927002   4344.459473  5.31729e+03  1.85388e-08
2007.141113   4615.045898  7.37879e+03  2.42066e-08
1935.388428   4362.393066  7.94012e+03  2.75770e-08
1846.236816   4128.487793  9.18700e+03  3.37489e-08
1758.767334   4313.872559  1.12766e+04  3.96110e-08
1683.015991   4484.998047  1.26903e+04  4.28634e-08
1604.906860   4531.585449  1.43916e+04  4.81117e-08
1519.199097   4335.491211  1.61675e+04  5.65614e-08
1419.525391   4270.604980  1.91591e+04  6.80812e-08
1328.722900   4504.080078  2.22785e+04  7.49734e-08
1241.468506   4757.979980  2.49426e+04  7.94186e-08
1145.457886   4946.077637  2.67945e+04  8.20463e-08
1047.321289   5179.317871  3.47913e+04  1.01720e-07
 943.137268   5340.382324  2.99668e+04  8.49503e-08
 843.400330   5310.260742  4.76776e+04  1.35959e-07
 754.415710   5448.777832  5.14625e+04  1.43001e-07
 658.782715   5487.716309  5.78287e+04  1.59601e-07
 533.475220   5524.026367  6.48557e+04  1.77784e-07
 427.340149   5606.031738  7.49643e+04  2.02460e-07
 321.568634   5777.255371  8.11079e+04  2.12532e-07
 212.008957   5920.164551  8.66800e+04  2.21624e-07
 116.449921   6337.311523  1.07186e+05  2.55907e-07
  68.190720   6905.354004  1.21368e+05  2.65751e-07
  37.104000   7469.584473  1.26494e+05  2.56057e-07
  19.779840   8225.751953  1.27051e+05  2.32191e-07
   8.631680   8774.930664  1.28290e+05  2.17875e-07
   0.000000   9209.467773  1.29460e+05  2.07309e-07
