5767.839355   3399.332764  1.42132e-01  6.33431e-13
5752.741699   3394.115479  1.94782e-01  8.69242e-13
5738.251465   3400.919922  2.54484e-01  1.13312e-12
5724.132324   3488.454834  3.46572e-01  1.49944e-12
5710.498535   3686.703125  5.04765e-01  2.05100e-12
5698.393555   3955.293457  7.14032e-01  2.72639e-12
5688.418457   4160.112305  8.96661e-01  3.24964e-12
5680.327148   4310.156250  1.03198e+00  3.61899e-12
5673.119141   4420.869141  1.12707e+00  3.85782e-12
5666.111816   4510.102539  1.19571e+00  4.01287e-12
5658.970215   4586.780762  1.24342e+00  4.10636e-12
5651.513672   4657.241211  1.27464e+00  4.14639e-12
5643.130371   4696.847656  1.27114e+00  4.09944e-12
5632.487793   4701.724609  1.22380e+00  3.94370e-12
5617.798828   4687.796875  1.15179e+00  3.72141e-12
5594.347656   4584.699707  1.00749e+00  3.32609e-12
5527.359863   3996.472656  8.10157e-01  3.07307e-12
5517.359863   3935.731934  8.77475e-01  3.37726e-12
5477.359863   4164.133789  2.11066e+00  7.63220e-12
5467.359863   4312.162598  2.72954e+00  9.57065e-12
5457.359863   4434.597168  3.42312e+00  1.16519e-11
5447.359863   4550.217285  4.14566e+00  1.37991e-11
5432.246582   4657.917969  5.11929e+00  1.66344e-11
5416.795410   4732.585449  5.81334e+00  1.86015e-11
5387.359863   4611.128418  5.72853e+00  1.87913e-11
5377.359863   4494.004883  5.25999e+00  1.77201e-11
5367.359863   4327.906250  4.56363e+00  1.58986e-11
5347.359863   3964.707031  3.16332e+00  1.20055e-11
5337.359863   3805.759521  2.60325e+00  1.03515e-11
5327.359863   3726.479492  2.32411e+00  9.43053e-12
5317.359863   3723.687988  2.21332e+00  9.00392e-12
5307.359863   3806.114014  2.30068e+00  9.15651e-12
5297.359863   3955.797363  2.55205e+00  9.75075e-12
5287.359863   4137.284180  2.89242e+00  1.05844e-11
5247.359863   4161.623047  2.17843e+00  7.90306e-12
5237.359863   4000.850098  1.73717e+00  6.53722e-12
5227.359863   3837.127197  1.35732e+00  5.32573e-12
5217.359863   3670.486084  1.04144e+00  4.27458e-12
5207.359863   3580.130859  8.52661e-01  3.59995e-12
5197.359863   3521.139648  7.14060e-01  3.07024e-12
5187.359863   3614.169189  7.03847e-01  2.95353e-12
5177.359863   3733.643066  7.13294e-01  2.89295e-12
5167.359863   3942.481689  7.89812e-01  3.03156e-12
5157.359863   4126.931641  8.63298e-01  3.16743e-12
5147.359863   4261.064941  9.29664e-01  3.30332e-12
5107.359863   4278.654297  9.23699e-01  3.26980e-12
5097.359863   4082.908203  8.06191e-01  2.97627e-12
5087.359863   3872.741943  6.83296e-01  2.66629e-12
5077.359863   3624.960205  5.61278e-01  2.32508e-12
5067.359863   3416.292725  4.59045e-01  2.03025e-12
5057.359863   3278.330078  3.97350e-01  1.82968e-12
5047.359863   3208.955811  3.61737e-01  1.70716e-12
5037.359863   3193.012695  3.48286e-01  1.65204e-12
5027.359863   3164.469238  3.33588e-01  1.59597e-12
5017.359863   3132.120361  3.17752e-01  1.53663e-12
5007.359863   2858.934814  2.47959e-01  1.29102e-12
4997.359863   2596.381348  1.81008e-01  1.05231e-12
4987.359863   2411.596680  1.45985e-01  9.06820e-13
4977.359863   2289.525391  1.23039e-01  8.13851e-13
4967.359863   2267.265137  1.21735e-01  8.13119e-13
4957.359863   2258.037109  1.23439e-01  8.28045e-13
4947.359863   2257.798096  1.27360e-01  8.54438e-13
4937.359863   2287.008545  1.40076e-01  9.27131e-13
4927.359863   2324.472168  1.55514e-01  1.01319e-12
4917.359863   2574.398926  2.29821e-01  1.33061e-12
4907.359863   2856.642090  3.22573e-01  1.68989e-12
4897.359863   3260.726562  4.77414e-01  2.17901e-12
4887.359863   3570.856445  6.12479e-01  2.59171e-12
4877.359863   3748.855713  7.13976e-01  2.87909e-12
4867.359863   3801.166260  7.62334e-01  3.03787e-12
4857.359863   3776.934814  7.77404e-01  3.11776e-12
4847.359863   3606.236084  7.22019e-01  3.02389e-12
4837.359863   3398.699951  6.49700e-01  2.89262e-12
4827.359863   3008.951416  5.10981e-01  2.52766e-12
4817.359863   2661.964355  3.87512e-01  2.19696e-12
4807.359863   2450.885986  3.24212e-01  1.98732e-12
4797.359863   2320.475098  2.90916e-01  1.89905e-12
4787.359863   2290.561523  2.99850e-01  1.98293e-12
4777.359863   2311.108398  3.42300e-01  2.23931e-12
4767.359863   2358.682129  4.05152e-01  2.60052e-12
4757.359863   2705.326904  6.88991e-01  3.72172e-12
4747.359863   3118.027100  1.04970e+00  5.05399e-12
4737.359863   3771.502930  1.85981e+00  7.19987e-12
4727.359863   4338.742188  2.67097e+00  9.27377e-12
4717.359863   4671.675781  3.44390e+00  1.10886e-11
4707.359863   4868.940918  3.99181e+00  1.24151e-11
4697.359863   4916.241211  4.28032e+00  1.31853e-11
4687.359863   4807.401855  4.10650e+00  1.29097e-11
4677.359863   4625.393066  3.70175e+00  1.21148e-11
4667.359863   4101.285645  2.82216e+00  1.01653e-11
4657.359863   3530.838623  1.89027e+00  8.05214e-12
4647.359863   2934.052002  1.24126e+00  6.07076e-12
4637.359863   2477.392822  7.31126e-01  4.44960e-12
4627.359863   2349.677734  5.76715e-01  3.68561e-12
4617.359863   2275.869873  4.71076e-01  3.13272e-12
4607.359863   2254.970703  4.17346e-01  2.80163e-12
4597.359863   2244.891357  3.90140e-01  2.63206e-12
4587.359863   2239.218018  3.75821e-01  2.54217e-12
4577.359863   2237.398438  3.81942e-01  2.58573e-12
4567.359863   2236.356689  3.91728e-01  2.65322e-12
4557.359863   2238.372314  4.17122e-01  2.82264e-12
4547.359863   2241.474609  4.50305e-01  3.04278e-12
4537.359863   2246.799561  5.02888e-01  3.38998e-12
4527.359863   2253.964111  5.75492e-01  3.86630e-12
4517.359863   2262.731689  6.67675e-01  4.46885e-12
4507.359863   2273.888672  8.03057e-01  5.34616e-12
4497.359863   2285.883789  9.59771e-01  6.35943e-12
4487.359863   2301.074707  1.22128e+00  8.03152e-12
4477.359863   2316.989258  1.53123e+00  1.00051e-11
4467.359863   2335.924561  2.01406e+00  1.30441e-11
4457.359863   2355.896973  2.63905e+00  1.69455e-11
4447.359863   2377.728027  3.50951e+00  2.23309e-11
4437.359863   2405.727783  4.74967e+00  2.98306e-11
4427.359863   2438.495117  6.30181e+00  3.91054e-11
4417.359863   2500.164307  8.57088e+00  5.16601e-11
4407.359863   2570.465820  1.11524e+01  6.57044e-11
4397.359863   2825.253174  1.56092e+01  8.25934e-11
4387.359863   3114.646973  2.05096e+01  9.93494e-11
4377.359863   3539.245850  2.63077e+01  1.11729e-10
4367.359863   3863.914307  3.07960e+01  1.20641e-10
4347.359863   3945.087158  3.24482e+01  1.24266e-10
4337.359863   3717.624268  2.97032e+01  1.20777e-10
4327.359863   3276.826416  2.47843e+01  1.13347e-10
4317.359863   2764.796387  1.89757e+01  1.04199e-10
4307.359863   2622.145020  1.65968e+01  9.64363e-11
4297.359863   2498.883789  1.44703e+01  8.92867e-11
4287.359863   2489.394775  1.38664e+01  8.59601e-11
4277.359863   2509.640625  1.38669e+01  8.50450e-11
4267.359863   2581.480469  1.48935e+01  8.82111e-11
4257.359863   2846.556885  1.83214e+01  9.67441e-11
4247.359863   3251.292969  2.36058e+01  1.09561e-10
4237.359863   3696.866943  3.26453e+01  1.31739e-10
4207.328613   4373.666992  6.47500e+01  2.24207e-10
4191.713867   4291.400879  8.39514e+01  2.96630e-10
4177.521973   4066.972412  9.31095e+01  3.48378e-10
4163.761719   3901.019287  1.06793e+02  4.15874e-10
4150.067871   3768.174805  1.29722e+02  5.21797e-10
4136.899902   3721.713623  1.61991e+02  6.59085e-10
4125.561523   3874.899902  2.01936e+02  7.86505e-10
4115.037598   4017.423096  2.33385e+02  8.78849e-10
4102.968750   4148.974121  2.44167e+02  8.89796e-10
4067.360107   3635.421143  1.12682e+02  4.68292e-10
4057.360107   3638.880859  9.64072e+01  4.01088e-10
4047.360107   3649.840088  8.36774e+01  3.47043e-10
4037.360107   3660.774170  7.62700e+01  3.15288e-10
4027.360107   3670.925293  7.08173e+01  2.91928e-10
3997.360107   3805.797119  7.69440e+01  3.06015e-10
3987.360107   3817.415283  7.47380e+01  2.96273e-10
3977.360107   3801.172607  7.03193e+01  2.80012e-10
3957.360107   3750.096436  5.18769e+01  2.09366e-10
3947.360107   3744.365479  4.15130e+01  1.67755e-10
3937.360107   3742.225342  3.22296e+01  1.30331e-10
3927.360107   3742.618164  2.55639e+01  1.03357e-10
3917.360107   3748.783936  2.17132e+01  8.76608e-11
3907.360107   3758.402344  2.03137e+01  8.18028e-11
3897.360107   3772.433838  2.06045e+01  8.26642e-11
3887.360107   3787.615967  2.15991e+01  8.63033e-11
3877.360107   3816.406006  2.41563e+01  9.57466e-11
3867.360107   3843.802002  2.68827e+01  1.05834e-10
3787.360107   3916.177490  2.33541e+01  9.02181e-11
3777.360107   3930.762939  2.26077e+01  8.69716e-11
3767.360107   4028.453613  2.59103e+01  9.71597e-11
3757.360107   4079.091309  3.69715e+01  1.37538e-10
3747.360107   4041.898926  6.04705e+01  2.26996e-10
3737.360107   4028.545898  1.08935e+02  4.08029e-10
3710.433838   4239.126953  2.67869e+02  9.54450e-10
3677.950684   4269.948730  2.55662e+02  9.06402e-10
3637.190674   4333.985352  3.00164e+02  1.04824e-09
3607.360107   4348.064453  1.73876e+02  6.05593e-10
3597.360107   4367.332031  1.31547e+02  4.56076e-10
3587.360107   4392.131348  1.02637e+02  3.54011e-10
3577.360107   4400.562012  8.46141e+01  2.90934e-10
3567.360107   4401.475098  7.94564e+01  2.73118e-10
3557.360107   4361.617676  7.35514e+01  2.54863e-10
3547.360107   4261.512207  6.62092e+01  2.35016e-10
3537.360107   4148.657227  6.53239e+01  2.38363e-10
3527.360107   4084.096924  6.89017e+01  2.54794e-10
3507.360107   4391.832520  1.26587e+02  4.36210e-10
3497.360107   4406.728027  1.42172e+02  4.88215e-10
3487.360107   4379.486816  1.44710e+02  4.99847e-10
3427.360107   4417.897949  9.48720e+01  3.25009e-10
3417.360107   4483.685547  9.76740e+01  3.29734e-10
3407.360107   4520.721191  9.86204e+01  3.30171e-10
3397.360107   4515.535645  9.81401e+01  3.28864e-10
3387.360107   4441.163574  9.55074e+01  3.25450e-10
3377.360107   4371.934082  9.58786e+01  3.32010e-10
3347.360107   4161.964355  1.01157e+02  3.67870e-10
3337.360107   4178.982422  1.03900e+02  3.76285e-10
3257.360107   4035.556152  1.00511e+02  3.76886e-10
3247.360107   3940.712646  9.43496e+01  3.62089e-10
3237.360107   3931.629150  9.41247e+01  3.62070e-10
3227.360107   4022.405273  1.04459e+02  3.92779e-10
3167.486328   4005.252197  2.79333e+02  1.05566e-09
3106.583984   4010.373779  3.42978e+02  1.29431e-09
3060.246338   4054.543457  6.25649e+02  2.33558e-09
3031.077881   4058.259521  6.87958e+02  2.56538e-09
2961.373047   4056.866211  5.59000e+02  2.08577e-09
2927.360107   4294.277832  6.47454e+02  2.28191e-09
2917.360107   4435.076660  6.79833e+02  2.32025e-09
2887.360107   4148.904785  7.19846e+02  2.62663e-09
2877.360107   4144.699707  7.17796e+02  2.62193e-09
2867.360107   4164.104004  6.87660e+02  2.50009e-09
2857.360107   4104.609375  6.49825e+02  2.39421e-09
2847.360107   3992.269775  6.00803e+02  2.27752e-09
2827.360107   4249.388184  6.73118e+02  2.39778e-09
2817.360107   4274.784180  6.95217e+02  2.46155e-09
2807.360107   4287.530273  7.09252e+02  2.50376e-09
2797.360107   4261.622070  7.04506e+02  2.50219e-09
2787.360107   4262.644043  6.61381e+02  2.35023e-09
2777.360107   4290.782715  5.74390e+02  2.02733e-09
2767.360107   4320.855957  5.01520e+02  1.75858e-09
2757.360107   4349.450195  4.26534e+02  1.48468e-09
2747.360107   4293.291504  4.33169e+02  1.52766e-09
2737.360107   4247.869141  4.52729e+02  1.61448e-09
2707.360107   4080.607910  7.09288e+02  2.63445e-09
2697.360107   4051.430176  7.31233e+02  2.73210e-09
2687.360107   4032.324463  7.09219e+02  2.66283e-09
2677.360107   4115.237305  6.40433e+02  2.36737e-09
2637.360107   4379.287598  4.46156e+02  1.54196e-09
2627.360107   4405.833984  4.67250e+02  1.60524e-09
2617.360107   4399.668457  5.07009e+02  1.74430e-09
2607.360107   4406.180176  5.49807e+02  1.88818e-09
2597.360107   4424.367676  5.97866e+02  2.04500e-09
2587.360107   4404.648926  6.23682e+02  2.14357e-09
2577.360107   4380.248535  6.49113e+02  2.24308e-09
2432.700195   4416.051270  9.26117e+02  3.17577e-09
2277.360107   4663.080078  2.02572e+03  6.57467e-09
2267.360107   4700.343262  2.04897e+03  6.60193e-09
2257.360107   4747.293945  1.92813e+03  6.15034e-09
2247.360107   4747.112305  1.80160e+03  5.74284e-09
2237.360107   4729.483887  1.66973e+03  5.34337e-09
2217.360107   4662.698242  1.44271e+03  4.68575e-09
2187.360107   4837.286133  9.52035e+02  2.97957e-09
2177.360107   4882.038574  8.98742e+02  2.78790e-09
2167.360107   4947.832520  8.67235e+02  2.65391e-09
2157.360107   4918.629883  8.48022e+02  2.60915e-09
2147.360107   4856.142090  8.36034e+02  2.60559e-09
2137.360107   4827.836914  7.62821e+02  2.39019e-09
2127.360107   4806.462891  6.86687e+02  2.16223e-09
2117.360107   4809.242676  6.18540e+02  1.94653e-09
2107.360107   4803.251465  5.49867e+02  1.73190e-09
2057.360107   4611.695312  1.13000e+03  3.70995e-09
2047.359985   4555.082520  1.29111e+03  4.29538e-09
2037.359985   4509.398438  1.44141e+03  4.83849e-09
2027.359985   4504.300293  1.52592e+03  5.12810e-09
2017.359985   4492.254883  1.60019e+03  5.39230e-09
2007.359985   4470.886719  1.65318e+03  5.59744e-09
1997.359985   4470.634277  1.76102e+03  5.96220e-09
1987.359985   4485.058594  1.90191e+03  6.41869e-09
1943.223389   4593.475098  3.91889e+03  1.29424e-08
1927.359985   4675.701660  2.49619e+03  8.08384e-09
1917.359985   4691.885254  1.31268e+03  4.23972e-09
1907.359985   4700.598633  7.28329e+02  2.34420e-09
1897.359985   4705.648438  6.00534e+02  1.93148e-09
1887.359985   4692.765625  6.19503e+02  1.99832e-09
1877.359985   4679.125488  6.79340e+02  2.19713e-09
1867.359985   4661.639648  7.32780e+02  2.37913e-09
1857.359985   4652.036133  7.81309e+02  2.54162e-09
1847.359985   4651.956543  8.07582e+02  2.62759e-09
1837.359985   4639.396484  8.46245e+02  2.76099e-09
1827.359985   4609.813477  8.95524e+02  2.94060e-09
1817.359985   4578.094727  9.29419e+02  3.07264e-09
1787.359985   4411.023926  9.07019e+02  3.11143e-09
1777.359985   4366.120117  8.49491e+02  2.94140e-09
1767.359985   4331.104980  7.92509e+02  2.76850e-09
1757.359985   4319.745117  7.42803e+02  2.60181e-09
1747.359985   4321.872070  7.17790e+02  2.51395e-09
1737.359985   4345.438965  7.30911e+02  2.54609e-09
1727.359985   4386.680664  7.57319e+02  2.61266e-09
1717.359985   4439.572266  7.96878e+02  2.71673e-09
1707.359985   4463.983887  8.47350e+02  2.87263e-09
1697.359985   4489.520996  9.00203e+02  3.03499e-09
1687.359985   4497.531250  9.70799e+02  3.26695e-09
1677.359985   4504.777344  1.04343e+03  3.50563e-09
1667.359985   4514.462402  1.12051e+03  3.75653e-09
1607.359985   4615.948730  1.73448e+03  5.68760e-09
1597.359985   4623.510742  1.75577e+03  5.74812e-09
1587.359985   4635.450195  1.77667e+03  5.80165e-09
1577.359985   4658.777344  1.78925e+03  5.81349e-09
1567.359985   4680.306641  1.79402e+03  5.80220e-09
1557.359985   4701.923828  1.78818e+03  5.75654e-09
1547.359985   4724.277832  1.76763e+03  5.66399e-09
1537.359985   4746.451660  1.74195e+03  5.55486e-09
1527.359985   4745.578613  1.73047e+03  5.51905e-09
1517.359985   4740.273926  1.71320e+03  5.47014e-09
1507.359985   4728.701660  1.67823e+03  5.37130e-09
1497.359985   4713.000977  1.64387e+03  5.27890e-09
1487.359985   4685.435547  1.61083e+03  5.20281e-09
1477.359985   4663.206543  1.57871e+03  5.12336e-09
1467.359985   4645.952637  1.54791e+03  5.04226e-09
1457.359985   4646.565918  1.59539e+03  5.19666e-09
1447.359985   4653.853516  1.67149e+03  5.43645e-09
1437.359985   4582.193848  1.75369e+03  5.79681e-09
1427.359985   4506.113281  1.81908e+03  6.11016e-09
1307.359985   4444.398438  1.98827e+03  6.77178e-09
1297.359985   4482.714844  2.08522e+03  7.04084e-09
1287.359985   4502.812500  2.21172e+03  7.43481e-09
1277.359985   4488.456543  2.35801e+03  7.95428e-09
1267.359985   4466.713379  2.51065e+03  8.50843e-09
1257.359985   4446.221191  2.60129e+03  8.85759e-09
1247.359985   4431.053711  2.67442e+03  9.13731e-09
1237.359985   4433.997559  2.67792e+03  9.14235e-09
1207.359985   4399.902344  2.57969e+03  8.87484e-09
1197.359985   4389.123047  2.52012e+03  8.69224e-09
1187.359985   4393.242188  2.29825e+03  7.91926e-09
1177.359985   4399.917969  2.04542e+03  7.03681e-09
1167.359985   4413.490234  1.91203e+03  6.55848e-09
1157.359985   4440.925781  1.78895e+03  6.10056e-09
1147.359985   4510.753906  1.71033e+03  5.74416e-09
1117.359985   4707.495117  1.78623e+03  5.74300e-09
1107.359985   4740.230469  1.83507e+03  5.85939e-09
1097.359985   4756.458008  1.87560e+03  5.96859e-09
1087.359985   4773.679688  1.91730e+03  6.07878e-09
1077.359985   4800.348145  1.93793e+03  6.10969e-09
1067.359985   4836.248047  1.96307e+03  6.14273e-09
1057.359985   4884.391602  1.99489e+03  6.18135e-09
1047.359985   4914.993652  2.02678e+03  6.24144e-09
1037.359985   4919.321289  2.06103e+03  6.34140e-09
1027.359985   4951.461426  2.12826e+03  6.50515e-09
1017.359985   4999.319336  2.21410e+03  6.70293e-09
1007.359985   5050.434082  2.39581e+03  7.17638e-09
 997.359985   5100.063477  2.60381e+03  7.72737e-09
 987.359985   5091.745117  2.90010e+03  8.62161e-09
 977.359985   5078.197266  3.16310e+03  9.42809e-09
 967.359985   5056.138184  3.33569e+03  9.98658e-09
 957.359985   5003.511230  3.41806e+03  1.03397e-08
 947.359985   4926.022461  3.41998e+03  1.05086e-08
 937.359985   4899.261230  3.47061e+03  1.07217e-08
 927.359985   4879.532715  3.52368e+03  1.09306e-08
 917.359985   4796.783691  3.51086e+03  1.10782e-08
 897.359985   4723.671875  3.59741e+03  1.15282e-08
 856.923828   4493.969727  5.78934e+03  1.95141e-08
 807.359985   4693.879395  4.87870e+03  1.57346e-08
 797.359985   4744.725586  4.91189e+03  1.56718e-08
 787.359985   4770.860840  4.69413e+03  1.48967e-08
 777.359985   4798.999023  4.13293e+03  1.30366e-08
 767.359985   4799.053223  3.37217e+03  1.06337e-08
 757.359985   4738.432617  3.12220e+03  9.97297e-09
 747.359985   4645.820312  3.06150e+03  9.97530e-09
 737.359985   4637.628418  3.12183e+03  1.01908e-08
 727.359985   4611.912598  3.14430e+03  1.03215e-08
 717.359985   4606.257812  2.94964e+03  9.69512e-09
 707.359985   4616.543457  2.65082e+03  8.69341e-09
 697.359985   4626.530762  2.31083e+03  7.56104e-09
 687.359985   4626.057617  2.52409e+03  8.24618e-09
 677.359985   4649.829590  3.50266e+03  1.13478e-08
 667.359985   4798.272461  9.86383e+03  3.03030e-08
 657.059509   5007.043945  2.03281e+04  6.10566e-08
 649.914856   5054.728516  3.25303e+04  9.73089e-08
 644.384338   5065.306152  4.13442e+04  1.23658e-07
 638.902100   5064.103516  4.77581e+04  1.42875e-07
 632.977295   5066.101562  4.96149e+04  1.48366e-07
 625.678101   5073.362793  5.07319e+04  1.51470e-07
 616.427490   5085.073730  5.21139e+04  1.55244e-07
 604.890869   5091.263672  5.39095e+04  1.60419e-07
 590.568665   5098.126953  5.56780e+04  1.65399e-07
 572.939209   5145.255859  5.83580e+04  1.71788e-07
 551.714539   5197.222656  6.14879e+04  1.79187e-07
 526.439026   5276.868652  6.54311e+04  1.87774e-07
 496.555511   5361.998047  6.92478e+04  1.95593e-07
 461.256958   5465.323730  7.31420e+04  2.02647e-07
 419.920654   5564.270508  7.70553e+04  2.09660e-07
 372.575348   5678.908691  8.20010e+04  2.18582e-07
 321.269745   5812.833496  8.82033e+04  2.29696e-07
 268.582397   5995.643066  9.56241e+04  2.41364e-07
 217.990402   6186.147461  1.01956e+05  2.49403e-07
 169.718399   6425.926270  1.08072e+05  2.54422e-07
 126.779518   6693.885742  1.13051e+05  2.55434e-07
  89.171204   6986.926270  1.17650e+05  2.54546e-07
  55.525120   7243.844727  1.21402e+05  2.53125e-07
  28.528000   7885.913086  1.23297e+05  2.36283e-07
  12.187520   8471.855469  1.24239e+05  2.20152e-07
   0.000000   8949.857422  1.24609e+05  2.06685e-07
