5780.225098   2974.483643  8.80829e-01  4.43330e-12
5778.136230   3053.422363  1.09229e+00  5.25553e-12
5775.666504   3146.755859  1.35026e+00  6.24418e-12
5772.905762   3251.150391  1.65418e+00  7.38196e-12
5770.283691   3351.573975  1.96248e+00  8.51169e-12
5767.798828   3446.830566  2.24408e+00  9.57323e-12
5764.860840   3551.515869  2.57393e+00  1.08005e-11
5761.571289   3653.219971  2.93684e+00  1.21191e-11
5757.996582   3726.522949  3.33086e+00  1.34665e-11
5753.767090   3798.737793  3.77295e+00  1.49539e-11
5748.928711   3867.839355  4.23524e+00  1.64986e-11
5743.176270   3934.861572  4.70126e+00  1.80728e-11
5736.354980   3967.973145  5.03992e+00  1.92349e-11
5727.983887   3986.586426  5.28298e+00  2.00708e-11
5717.454102   4001.639404  5.44645e+00  2.06338e-11
5703.973145   4029.312988  5.57355e+00  2.09506e-11
5686.721191   4092.824951  5.73032e+00  2.12053e-11
5665.125000   4216.027832  5.90916e+00  2.12327e-11
5630.953613   4278.234863  5.35689e+00  1.88654e-11
5620.953613   4086.679199  4.35408e+00  1.60968e-11
5600.953613   3372.381836  2.06133e+00  9.24668e-12
5590.953613   3059.084961  1.48006e+00  7.13923e-12
5580.953613   2801.177002  1.00329e+00  5.42119e-12
5570.953613   2721.225586  9.34863e-01  5.19588e-12
5560.953613   2763.872559  1.10706e+00  5.98518e-12
5550.953613   2960.474365  1.60034e+00  8.12199e-12
5540.953613   3482.855225  3.62632e+00  1.45203e-11
5530.953613   4181.236328  6.54706e+00  2.33780e-11
5520.953613   4587.423340  9.07225e+00  2.96249e-11
5510.953613   4907.037598  1.13172e+01  3.49107e-11
5500.953613   4656.917480  9.60355e+00  3.10514e-11
5490.953613   4340.729980  7.63173e+00  2.62684e-11
5480.953613   3843.232178  4.97000e+00  1.89075e-11
5470.953613   3421.585693  3.01371e+00  1.30777e-11
5450.953613   2940.976562  1.37302e+00  7.05647e-12
5440.953613   2889.085449  1.16576e+00  6.10791e-12
5430.953613   2893.108154  1.11648e+00  5.84654e-12
5420.953613   2906.958740  1.09351e+00  5.69775e-12
5410.953613   2946.377197  1.15376e+00  5.93069e-12
5400.953613   3030.062012  1.29878e+00  6.46268e-12
5380.953613   3451.312256  2.17389e+00  9.44460e-12
5370.953613   3727.600586  2.85755e+00  1.15508e-11
5360.953613   3931.064697  3.47579e+00  1.33457e-11
5350.953613   4104.588379  4.07454e+00  1.50276e-11
5340.953613   4163.849121  4.36337e+00  1.58689e-11
5330.953613   4201.928711  4.58361e+00  1.65221e-11
5320.953613   4163.316406  4.49078e+00  1.63350e-11
5310.953613   4136.139648  4.40591e+00  1.61349e-11
5248.795410   4622.979980  5.65766e+00  1.85322e-11
5193.744629   4738.720703  6.32550e+00  2.02137e-11
5160.953613   4893.196289  6.25163e+00  1.93556e-11
5130.953613   4600.567383  4.71043e+00  1.54789e-11
5120.953613   4445.846191  4.14713e+00  1.40967e-11
5110.953613   4304.085938  3.69372e+00  1.29733e-11
5100.953613   4171.265137  3.31481e+00  1.20249e-11
5090.953613   3867.913818  2.79746e+00  1.08495e-11
5080.953613   3521.612061  2.23149e+00  9.59767e-12
5070.953613   3251.591797  1.93173e+00  8.94033e-12
5060.953613   3015.938477  1.68696e+00  8.47316e-12
5050.953613   2909.857666  1.68265e+00  8.76062e-12
5040.953613   2845.689453  1.77651e+00  9.45707e-12
5030.953613   2840.463379  2.00547e+00  1.06954e-11
5020.953613   2916.476074  2.48924e+00  1.28541e-11
5010.953613   3041.961182  3.14461e+00  1.56305e-11
5000.953613   3253.962646  4.33298e+00  1.99331e-11
4990.953613   3481.834473  5.69314e+00  2.47538e-11
4980.953613   3646.874268  7.32225e+00  3.02395e-11
4970.953613   3784.464844  8.93556e+00  3.57428e-11
4960.953613   3834.814453  1.03768e+01  4.09477e-11
4950.953613   3896.164307  1.18822e+01  4.61469e-11
4940.953613   3971.218262  1.34820e+01  5.13836e-11
4930.953613   4058.021484  1.49695e+01  5.58275e-11
4920.953613   4151.117676  1.64055e+01  5.98478e-11
4910.953613   4227.259277  1.74153e+01  6.23876e-11
4900.953613   4297.213867  1.82928e+01  6.44810e-11
4890.953613   4317.247070  1.81673e+01  6.37480e-11
4880.953613   4304.230469  1.75881e+01  6.18351e-11
4870.953613   4201.416504  1.57878e+01  5.68178e-11
4860.953613   4043.055664  1.37208e+01  5.11567e-11
4840.953613   3650.101318  9.65538e+00  3.99046e-11
4830.953613   3498.730957  8.22454e+00  3.55634e-11
4820.953613   3493.093506  7.79059e+00  3.37894e-11
4810.953613   3520.116455  7.54609e+00  3.24707e-11
4800.953613   3684.670410  8.08730e+00  3.32447e-11
4790.953613   3865.908447  8.70448e+00  3.41002e-11
4770.953613   4251.266602  9.89004e+00  3.52568e-11
4760.953613   4361.796387  1.00155e+01  3.47934e-11
4750.953613   4443.989746  9.83084e+00  3.35350e-11
4740.953613   4514.643066  9.51947e+00  3.19441e-11
4730.953613   4573.052246  9.11687e+00  3.02211e-11
4720.953613   4623.341797  8.67824e+00  2.84320e-11
4710.953613   4623.458496  8.18549e+00  2.68170e-11
4700.953613   4624.825684  7.74103e+00  2.53540e-11
4640.953613   4476.170410  6.41412e+00  2.16892e-11
4630.953613   4341.583008  6.10023e+00  2.12686e-11
4620.953613   4064.196045  5.59158e+00  2.07950e-11
4610.953613   3768.435059  5.08302e+00  2.03991e-11
4600.953613   3439.743652  4.58342e+00  2.01443e-11
4590.953613   3204.341797  4.37499e+00  2.07012e-11
4580.953613   3041.035645  4.39102e+00  2.18834e-11
4570.953613   3108.065674  5.14410e+00  2.49660e-11
4560.953613   3243.891602  6.14512e+00  2.86889e-11
4550.953613   3633.780518  8.81507e+00  3.61496e-11
4540.953613   4024.733887  1.19574e+01  4.46955e-11
4530.953613   4392.322266  1.67106e+01  5.69222e-11
4520.953613   4654.954102  2.17370e+01  7.05271e-11
4467.397949   4619.481934  4.21929e+01  1.38258e-10
4410.953613   3805.158203  4.40358e+01  1.74897e-10
4400.953613   3355.369629  3.77221e+01  1.70067e-10
4390.953613   3011.464355  3.24795e+01  1.63532e-10
4380.953613   2729.511963  2.79816e+01  1.56482e-10
4370.953613   2672.315186  2.69564e+01  1.54694e-10
4360.953613   2635.125732  2.64040e+01  1.53687e-10
4350.953613   2691.289307  2.78105e+01  1.57548e-10
4340.953613   2960.062012  3.22293e+01  1.66002e-10
4330.953613   3279.819336  3.87680e+01  1.80288e-10
4320.953613   3569.357666  5.12763e+01  2.16868e-10
4310.953613   3765.222168  6.69680e+01  2.69089e-10
4289.503906   4024.666016  1.02431e+02  3.85207e-10
4267.038086   3988.671631  1.05090e+02  3.98777e-10
4238.623535   4101.772949  1.09791e+02  4.05224e-10
4190.953613   3960.259033  3.64514e+01  1.37811e-10
4180.953613   3887.701172  2.73005e+01  1.06265e-10
4170.953613   3991.225098  2.82923e+01  1.07254e-10
4160.953613   4036.355957  2.88739e+01  1.08247e-10
4079.562256   4444.139160  1.90565e+02  6.48000e-10
3953.259521   4066.881592  5.59681e+01  2.08276e-10
3788.361572   4014.385742  1.68485e+02  6.35178e-10
3743.946289   3997.699707  1.99965e+02  7.57276e-10
3704.854492   3972.970947  2.47268e+02  9.42066e-10
3646.104248   4010.045898  1.62772e+02  6.14232e-10
3575.664062   3987.633057  3.64092e+02  1.38273e-09
3540.444824   3967.141357  3.69079e+02  1.40807e-09
3467.709717   4079.098389  2.55049e+02  9.46462e-10
3374.001221   4359.216309  2.81162e+02  9.74212e-10
3234.442871   4158.175293  6.28227e+02  2.29214e-09
3207.664551   3994.960449  1.01490e+03  3.84739e-09
3183.485107   4010.493408  1.07417e+03  4.05430e-09
3152.822998   4117.401367  1.02402e+03  3.76945e-09
2848.257324   4424.779785  8.60545e+02  2.94840e-09
2800.502197   4401.542480  1.19203e+03  4.09854e-09
2451.196533   4309.672363  3.66803e+02  1.28826e-09
2182.174316   4300.407227  7.99817e+02  2.81432e-09
1984.297241   4415.918945  1.39005e+03  4.76519e-09
1803.584961   4658.141602  1.07239e+03  3.48622e-09
1685.517700   4716.367676  4.30506e+03  1.38257e-08
1669.039307   4713.030762  5.80462e+03  1.86470e-08
1650.890869   4791.965820  5.68322e+03  1.79546e-08
1625.911377   4848.785645  5.68744e+03  1.77573e-08
1586.608032   4895.288086  3.54572e+03  1.09738e-08
1233.901489   4727.506348  2.77186e+03  8.79351e-09
1210.019531   4894.991699  1.70247e+04  5.25819e-08
1202.627197   4891.637207  2.29583e+04  7.11075e-08
1196.015015   4872.110352  2.61726e+04  8.14808e-08
1188.625000   4849.313965  2.78324e+04  8.69663e-08
1179.591675   4844.499512  2.84865e+04  8.90567e-08
1168.063354   4857.901367  2.89688e+04  9.03163e-08
1153.514282   4876.387695  2.98826e+04  9.28234e-08
1135.647949   4901.118652  3.13791e+04  9.69721e-08
1114.252808   4943.427734  3.32251e+04  1.01796e-07
1088.774414   4980.282227  3.51755e+04  1.06974e-07
1058.319702   5000.872070  3.70207e+04  1.12129e-07
1021.408325   5012.135742  3.86413e+04  1.16765e-07
 976.061462   5022.689453  4.02202e+04  1.21281e-07
 921.729309   5087.778320  4.31546e+04  1.28444e-07
 860.054382   5182.712891  4.74025e+04  1.38506e-07
 791.408325   5269.273926  5.18588e+04  1.49031e-07
 713.699524   5351.473145  5.66518e+04  1.60285e-07
 629.173767   5451.366211  6.23692e+04  1.73209e-07
 535.894409   5540.099121  6.86051e+04  1.87481e-07
 433.751038   5466.807617  6.79904e+04  1.88317e-07
 245.636475   5827.163574  7.53606e+04  1.95788e-07
 132.213760   5954.336426  7.90151e+04  2.00873e-07
  39.759361   6564.230957  1.06149e+05  2.44736e-07
  20.837120   8249.639648  1.11413e+05  2.03204e-07
  14.487680   8890.176758  1.12308e+05  1.88008e-07
   9.322240   9368.442383  1.13060e+05  1.76983e-07
   4.757120   9725.964844  1.13780e+05  1.69082e-07
   0.000000   9971.501953  1.14633e+05  1.64183e-07
