5611.837402   3740.031982  2.86602e-01  1.16095e-12
5603.096191   3680.477295  3.09899e-01  1.27733e-12
5592.343750   3516.945557  3.09877e-01  1.33238e-12
5577.947754   3198.064209  2.69093e-01  1.27243e-12
5558.946777   2801.474609  2.13100e-01  1.15221e-12
5538.946777   2683.230225  2.56482e-01  1.44751e-12
5528.946777   2693.938721  3.17338e-01  1.78347e-12
5518.946777   2736.211670  4.14659e-01  2.28356e-12
5508.946777   2823.234619  5.67395e-01  3.03300e-12
5490.044922   3202.704102  1.27365e+00  5.98869e-12
5483.322754   3394.651855  1.74629e+00  7.65797e-12
5477.080078   3587.662354  2.26789e+00  9.41212e-12
5470.671387   3785.428955  2.82236e+00  1.12549e-11
5463.750977   3957.208984  3.40491e+00  1.29810e-11
5456.362793   4114.360840  3.98981e+00  1.46138e-11
5448.584473   4248.837891  4.48478e+00  1.59884e-11
5440.123047   4304.896484  4.67009e+00  1.64350e-11
5429.283691   4283.938965  4.52706e+00  1.59711e-11
5398.946777   3649.979004  2.19778e+00  9.06641e-12
5388.946777   3402.112549  1.59621e+00  6.98273e-12
5378.946777   3168.059814  1.05190e+00  5.02659e-12
5368.946777   3078.660889  8.57742e-01  4.19858e-12
5358.946777   3027.889404  7.05350e-01  3.53056e-12
5348.946777   3083.124512  6.81875e-01  3.35334e-12
5338.946777   3174.472900  6.89417e-01  3.28980e-12
5328.946777   3306.056396  7.34112e-01  3.36366e-12
5318.946777   3448.493408  7.95793e-01  3.49295e-12
5308.946777   3596.062500  8.68550e-01  3.65788e-12
5268.946777   3735.315430  9.15334e-01  3.71126e-12
5258.946777   3696.275635  8.98335e-01  3.68054e-12
5248.946777   3676.616699  9.09482e-01  3.74696e-12
5238.946777   3676.130371  9.50128e-01  3.91493e-12
5228.946777   3778.798828  1.13789e+00  4.53982e-12
5218.946777   3923.878174  1.39253e+00  5.37155e-12
5208.946777   4149.420898  1.97234e+00  7.12252e-12
5188.529785   4499.504883  3.54448e+00  1.18803e-11
5169.459961   4627.820312  5.41748e+00  1.77161e-11
5154.322754   4681.584473  7.07399e+00  2.28752e-11
5139.465820   4681.442383  8.20772e+00  2.65625e-11
5119.140625   4526.048340  8.15618e+00  2.72602e-11
5088.946777   4067.600342  5.40723e+00  2.00914e-11
5078.946777   3963.654053  4.47293e+00  1.70395e-11
5068.946777   3937.649902  3.78717e+00  1.45821e-11
5038.946777   4032.593506  2.52908e+00  9.50031e-12
5028.946777   4022.580566  2.22845e+00  8.38849e-12
5018.946777   4009.484375  1.93758e+00  7.31846e-12
5008.946777   3987.145752  1.73496e+00  6.58753e-12
4978.946777   3836.516113  1.27268e+00  5.01821e-12
4968.946777   3755.323975  1.16136e+00  4.68132e-12
4958.946777   3681.718994  1.10185e+00  4.52989e-12
4948.946777   3610.229248  1.05357e+00  4.42042e-12
4938.946777   3590.528564  1.07431e+00  4.53219e-12
4928.946777   3596.787598  1.12641e+00  4.73928e-12
4918.946777   3700.922852  1.29941e+00  5.30903e-12
4898.946777   4116.816406  2.10432e+00  7.69969e-12
4888.946777   4292.914062  2.71903e+00  9.55140e-12
4878.946777   4423.515137  3.41615e+00  1.16817e-11
4868.946777   4363.244629  4.03576e+00  1.40505e-11
4858.946777   4258.528809  4.65614e+00  1.65681e-11
4848.946777   4019.409668  5.00825e+00  1.89704e-11
4838.946777   3771.841797  5.30494e+00  2.13434e-11
4828.946777   3497.421387  5.37058e+00  2.33424e-11
4818.946777   3290.580811  5.63925e+00  2.60214e-11
4808.946777   3167.931641  6.18710e+00  2.96400e-11
4798.946777   3205.773682  7.67097e+00  3.60448e-11
4788.946777   3329.574707  9.70786e+00  4.41015e-11
4748.946777   4336.470703  2.37261e+01  8.28703e-11
4738.946777   4313.122559  2.34905e+01  8.24890e-11
4718.946777   3738.957764  1.65555e+01  6.64812e-11
4708.946777   3258.031494  1.18327e+01  5.30143e-11
4698.946777   2730.259766  6.94147e+00  3.79043e-11
4688.946777   2574.873047  5.19186e+00  3.02799e-11
4678.946777   2476.089600  3.86251e+00  2.36260e-11
4668.946777   2466.207764  3.31348e+00  2.03387e-11
4658.946777   2464.448486  2.84929e+00  1.75192e-11
4648.946777   2481.757324  2.61184e+00  1.59510e-11
4638.946777   2496.953369  2.43690e+00  1.47869e-11
4628.946777   2510.075928  2.33190e+00  1.40747e-11
4618.946777   2487.941895  2.19115e+00  1.33270e-11
4608.946777   2451.449951  2.04018e+00  1.26035e-11
4598.946777   2412.225586  1.93792e+00  1.21575e-11
4588.946777   2376.051514  1.84550e+00  1.17646e-11
4578.946777   2363.513428  1.84682e+00  1.18345e-11
4568.946777   2355.649658  1.87812e+00  1.20765e-11
4558.946777   2357.343506  1.99029e+00  1.27886e-11
4548.946777   2362.160400  2.18997e+00  1.40404e-11
4538.946777   2369.698730  2.47462e+00  1.58163e-11
4528.946777   2409.807617  3.05611e+00  1.91544e-11
4518.946777   2461.341797  3.76897e+00  2.31877e-11
4508.946777   2691.522217  5.54582e+00  3.07193e-11
4498.946777   2947.231934  7.66183e+00  3.90982e-11
4488.946777   3288.631592  1.10173e+01  4.99939e-11
4478.946777   3533.977051  1.42650e+01  6.10395e-11
4468.946777   3607.169189  1.72321e+01  7.22430e-11
4425.109863   3433.185791  2.78871e+01  1.22926e-10
4398.165039   3884.983154  4.23049e+01  1.64463e-10
4375.157715   4104.993652  5.02117e+01  1.85091e-10
4338.946777   3572.858887  4.20773e+01  1.78269e-10
4328.946777   3510.722656  4.00589e+01  1.72661e-10
4268.946777   3507.083984  3.44980e+01  1.48899e-10
4258.946777   3684.555664  3.77664e+01  1.55087e-10
4208.946777   4300.742188  5.32496e+01  1.87449e-10
4198.946777   4172.367676  4.81447e+01  1.74707e-10
4188.946777   4010.948730  4.18901e+01  1.57580e-10
4168.946777   3779.441895  2.97942e+01  1.19160e-10
4158.946777   3745.453857  2.45161e+01  9.90679e-11
4148.946777   3731.871582  2.23504e+01  9.06162e-11
4138.946777   3740.243408  2.11921e+01  8.57338e-11
4098.946777   3824.611328  3.06811e+01  1.21458e-10
4088.946533   3831.287354  3.22023e+01  1.27251e-10
4078.946533   3755.395020  3.21669e+01  1.29672e-10
4048.946533   3790.389404  3.38109e+01  1.34936e-10
4038.946533   3970.340576  3.64923e+01  1.39023e-10
4028.946533   4049.924316  3.80656e+01  1.42265e-10
4018.946533   4013.108398  3.83176e+01  1.44521e-10
4008.946533   3973.890137  3.54362e+01  1.34874e-10
3998.946533   3941.442871  3.14300e+01  1.20678e-10
3988.946533   3868.194580  2.45704e+01  9.57007e-11
3978.946533   3809.599121  1.81428e+01  7.20721e-11
3968.946533   3813.230469  1.67944e+01  6.66524e-11
3958.946533   3803.812744  1.65303e+01  6.58011e-11
3928.946533   3706.398193  2.58734e+01  1.05682e-10
3908.946533   3955.442139  1.04141e+02  3.97861e-10
3898.946533   3987.821289  1.24752e+02  4.73199e-10
3888.946533   3995.489502  1.34091e+02  5.07260e-10
3878.946533   3939.849121  9.71323e+01  3.71461e-10
3868.946533   3681.377197  6.15804e+01  2.43858e-10
3858.946533   3021.070557  3.19572e+01  1.47686e-10
3848.946533   2881.490967  2.06445e+01  1.08600e-10
3838.946533   3092.506592  2.30872e+01  1.13102e-10
3828.946533   3249.798584  3.09935e+01  1.43179e-10
3818.946533   3399.503662  4.12980e+01  1.83842e-10
3808.946533   3525.867920  5.92910e+01  2.52825e-10
3798.946533   3642.840576  8.28084e+01  3.43287e-10
3768.326416   3668.302490  2.10932e+02  8.71144e-10
3745.670166   3630.107422  2.13825e+02  8.91605e-10
3692.535156   3669.305908  9.92071e+01  4.09311e-10
3593.880615   3569.163330  1.94115e+02  8.24201e-10
3548.946533   3297.670898  3.22326e+02  1.48314e-09
3538.946533   3254.238525  3.33279e+02  1.55499e-09
3528.946533   3227.672363  3.44943e+02  1.62279e-09
3518.946533   3231.281006  3.58746e+02  1.68591e-09
3498.946533   3253.698730  3.88779e+02  1.81483e-09
3488.946533   3189.970215  4.00349e+02  1.91132e-09
3468.946533   3032.424561  4.04503e+02  2.04166e-09
3458.946533   3005.294678  4.04575e+02  2.06386e-09
3448.946533   3060.734375  4.17253e+02  2.08310e-09
3428.946533   3290.501221  5.04833e+02  2.32622e-09
3418.946533   3381.450195  5.52519e+02  2.47883e-09
3408.946533   3399.124023  5.76516e+02  2.57294e-09
3361.430420   3474.330811  6.21678e+02  2.71322e-09
3327.342285   3710.517578  6.23809e+02  2.54768e-09
3296.213135   3922.877197  6.13638e+02  2.36784e-09
3263.720947   4073.944824  7.30552e+02  2.71117e-09
3237.438721   4247.890625  9.35232e+02  3.33159e-09
3210.453857   4282.342285  1.00644e+03  3.55776e-09
3178.394775   4286.357422  1.05438e+03  3.72369e-09
3139.505371   4317.538574  1.10970e+03  3.89073e-09
3092.170166   4264.941406  1.14699e+03  4.07120e-09
3033.793945   4201.620117  1.19346e+03  4.30014e-09
2967.397705   4202.519043  1.34567e+03  4.84758e-09
2898.725098   4225.556641  1.59365e+03  5.71039e-09
2832.294678   4211.080078  1.84871e+03  6.64713e-09
2763.497559   4168.721680  2.11091e+03  7.66762e-09
2688.161865   4089.617920  2.35762e+03  8.73102e-09
2596.942139   3974.582031  2.58107e+03  9.83804e-09
2488.124756   3936.022217  2.96092e+03  1.13995e-08
2378.555420   3998.145996  3.53325e+03  1.33911e-08
2286.005127   4158.483887  4.29113e+03  1.56302e-08
2205.281982   4268.421875  5.02175e+03  1.78182e-08
2124.863281   4312.591797  5.68908e+03  1.99802e-08
2039.107178   4319.724609  6.36691e+03  2.23252e-08
1946.161621   4331.610840  7.17501e+03  2.50912e-08
1851.263306   4404.700195  8.33168e+03  2.86511e-08
1756.971802   4500.336426  9.63518e+03  3.24258e-08
1661.054688   4591.418457  1.09273e+04  3.60405e-08
1558.124146   4654.206055  1.21043e+04  3.93816e-08
1444.365723   4685.018066  1.35010e+04  4.36360e-08
1329.922241   4794.704590  1.65243e+04  5.21869e-08
1226.878418   4795.290039  2.02469e+04  6.39465e-08
1129.101807   4764.410645  2.33366e+04  7.41932e-08
1027.289551   4629.981934  2.75130e+04  9.00584e-08
 924.255676   4789.123047  3.06262e+04  9.68880e-08
 818.434265   4932.145996  3.62881e+04  1.11455e-07
 717.936646   5021.412109  4.39197e+04  1.32491e-07
 620.654053   5103.711914  5.08954e+04  1.51058e-07
 523.375061   5252.507812  6.02759e+04  1.73806e-07
 425.927032   5396.949219  6.87715e+04  1.92961e-07
 327.240326   5587.577637  7.86280e+04  2.13054e-07
 235.324799   5869.750977  9.03650e+04  2.33012e-07
 162.446075   6211.414551  1.03190e+05  2.51417e-07
 109.209602   6611.674805  1.12538e+05  2.57473e-07
  70.179840   6996.737793  1.19572e+05  2.58314e-07
  41.516159   7506.827637  1.23309e+05  2.48212e-07
  22.408960   8099.183105  1.25346e+05  2.32757e-07
   9.630080   8693.564453  1.26384e+05  2.17018e-07
   0.000000   9139.086914  1.26984e+05  2.05344e-07
