5707.550293   3266.123535  7.14574e-01  3.31363e-12
5704.543945   3271.447754  7.26177e-01  3.36156e-12
5700.673340   3278.959961  7.42402e-01  3.42879e-12
5695.727539   3288.460449  7.64334e-01  3.52045e-12
5689.493164   3299.204346  7.93498e-01  3.64278e-12
5681.729980   3312.333252  8.31682e-01  3.80314e-12
5671.973633   3311.225342  8.58830e-01  3.92865e-12
5659.342285   3292.227295  8.72722e-01  4.01520e-12
5643.437012   3299.806152  9.48806e-01  4.35474e-12
5625.538086   3354.754395  1.10467e+00  4.98582e-12
5604.113281   3290.520752  1.07487e+00  4.94337e-12
5527.281250   2802.744629  4.71684e-01  2.54406e-12
5517.281250   2733.815674  4.17071e-01  2.30802e-12
5507.281250   2698.210205  3.97929e-01  2.23315e-12
5497.281250   2672.779541  3.88633e-01  2.20241e-12
5487.281250   2681.375732  4.09729e-01  2.31444e-12
5477.281250   2686.371826  4.28415e-01  2.41554e-12
5467.281250   2670.216797  4.29432e-01  2.43579e-12
5457.281250   2650.957764  4.28971e-01  2.45063e-12
5447.281250   2626.716797  4.22776e-01  2.43748e-12
5437.281250   2619.624023  4.31884e-01  2.49719e-12
5427.281250   2624.455566  4.52447e-01  2.61130e-12
5417.281250   2634.863770  4.80182e-01  2.76017e-12
5407.281250   2646.675781  5.12854e-01  2.93512e-12
5397.281250   2642.932617  5.29047e-01  3.03208e-12
5387.281250   2641.284424  5.47276e-01  3.13847e-12
5377.281250   2647.630615  5.73551e-01  3.28123e-12
5367.281250   2641.694092  5.83800e-01  3.34672e-12
5357.281250   2618.343750  5.72530e-01  3.31139e-12
5347.281250   2598.880859  5.58699e-01  3.25546e-12
5337.281250   2581.805176  5.42447e-01  3.18215e-12
5327.281250   2563.112793  5.23511e-01  3.09265e-12
5317.281250   2544.384033  5.03034e-01  2.99464e-12
5307.281250   2535.068359  5.03110e-01  3.00584e-12
5297.281250   2528.217285  5.06678e-01  3.03564e-12
5287.281250   2529.284912  5.24592e-01  3.14164e-12
5277.281250   2526.758301  5.38411e-01  3.22755e-12
5267.281250   2519.718018  5.46727e-01  3.28657e-12
5257.281250   2514.100098  5.59821e-01  3.37283e-12
5247.281250   2509.250000  5.73799e-01  3.46375e-12
5187.281250   2577.914795  8.56077e-01  5.02936e-12
5177.281250   2595.909424  9.19067e-01  5.36221e-12
5167.281250   2605.558594  9.62476e-01  5.59524e-12
5157.281250   2611.261475  1.00115e+00  5.80738e-12
5147.281250   2607.114502  1.01845e+00  5.91699e-12
5137.281250   2602.479248  1.03404e+00  6.01842e-12
5077.281250   2557.180908  1.11681e+00  6.61309e-12
5067.281250   2530.124756  1.09275e+00  6.54160e-12
5057.281250   2520.588379  1.13987e+00  6.85019e-12
5047.281250   2518.187988  1.21553e+00  7.30848e-12
5037.281250   2555.917480  1.45201e+00  8.59348e-12
5027.281250   2615.463867  1.80180e+00  1.03881e-11
5007.281250   2795.116943  2.93796e+00  1.58981e-11
4997.281250   2844.341309  3.45951e+00  1.84092e-11
4987.281250   2849.481201  3.73202e+00  1.98399e-11
4977.281250   2838.998779  3.91563e+00  2.08916e-11
4937.281250   2763.492432  4.20062e+00  2.30223e-11
4927.281250   2775.157471  4.52323e+00  2.46860e-11
4917.281250   2803.446777  5.01527e+00  2.70753e-11
4864.585449   2916.368652  7.51933e+00  3.90549e-11
4807.281250   2820.414795  6.78233e+00  3.64138e-11
4797.281250   2792.321289  6.66237e+00  3.61403e-11
4787.281250   2847.770264  7.41705e+00  3.94173e-11
4777.281250   2925.645996  8.45676e+00  4.36648e-11
4767.281250   3088.076416  1.05327e+01  5.14195e-11
4749.096680   3295.080322  1.41751e+01  6.50903e-11
4734.224121   3281.921143  1.54505e+01  7.13278e-11
4715.890625   3339.518799  1.77491e+01  8.03672e-11
4701.353027   3513.268799  2.09161e+01  9.00962e-11
4687.740723   3633.165527  2.28502e+01  9.52182e-11
4657.281250   3308.561279  1.71593e+01  7.83583e-11
4647.281250   3246.134033  1.57794e+01  7.36040e-11
4637.281250   3224.701172  1.49233e+01  7.00898e-11
4627.281250   3243.493652  1.48698e+01  6.94545e-11
4587.281250   3112.023926  1.42540e+01  6.92917e-11
4577.281250   2993.274658  1.36211e+01  6.89012e-11
4567.281250   2886.644287  1.32613e+01  6.95663e-11
4557.281250   2796.463135  1.34022e+01  7.26355e-11
4547.281250   2713.990234  1.37748e+01  7.68907e-11
4537.281250   2762.479004  1.69132e+01  9.24615e-11
4527.281250   2847.312988  2.11143e+01  1.11819e-10
4517.281250   3124.132324  3.10749e+01  1.48393e-10
4507.281250   3402.162109  4.24004e+01  1.87422e-10
4496.092285   3712.664062  5.77118e+01  2.33753e-10
4486.413086   3930.432617  6.89426e+01  2.65302e-10
4475.938477   4082.860840  7.71093e+01  2.85662e-10
4457.281250   3838.153320  6.16845e+01  2.43213e-10
4447.281250   3409.585449  4.43569e+01  1.90656e-10
4437.281250   2990.276855  2.72555e+01  1.37627e-10
4427.281250   2804.591309  2.00168e+01  1.06359e-10
4417.281250   2689.195312  1.42623e+01  8.04094e-11
4407.281250   2717.523438  1.21336e+01  6.77306e-11
4397.281250   2768.474854  1.04229e+01  5.71974e-11
4387.281250   2839.139648  9.10452e+00  4.86757e-11
4377.281250   2823.378906  7.64265e+00  4.08915e-11
4367.281250   2777.302246  6.07511e+00  3.31193e-11
4357.281250   2717.732422  4.99290e+00  2.77152e-11
4347.281250   2666.239746  3.97165e+00  2.25627e-11
4337.281250   2664.009521  3.46948e+00  1.97248e-11
4327.281250   2783.439697  3.24514e+00  1.77073e-11
4317.281250   3120.914062  3.57042e+00  1.73824e-11
4307.281250   3577.258301  4.17583e+00  1.76499e-11
4297.281250   4125.466797  4.99437e+00  1.83258e-11
4287.281250   4372.850586  5.44761e+00  1.88657e-11
4277.281250   4530.385254  5.79289e+00  1.93681e-11
4267.281250   4549.285645  5.98724e+00  1.99344e-11
4257.281250   4576.037109  6.21146e+00  2.05545e-11
4247.281250   4653.461426  6.53390e+00  2.12541e-11
4227.281250   4879.188477  7.27886e+00  2.25636e-11
4217.281250   4965.741211  7.76085e+00  2.36215e-11
4207.281250   5007.590820  8.19368e+00  2.47339e-11
4197.281250   4936.954590  8.76627e+00  2.68839e-11
4187.281250   4839.460449  9.39633e+00  2.93735e-11
4177.281250   4755.904785  1.05181e+01  3.35063e-11
4167.281250   4690.801758  1.17928e+01  3.80490e-11
4157.281250   4650.531738  1.36822e+01  4.45540e-11
4147.281250   4633.874023  1.57914e+01  5.15785e-11
4137.281250   4644.321777  1.82290e+01  5.94145e-11
4127.281250   4648.170410  2.01599e+01  6.56560e-11
4117.281250   4646.416992  2.17553e+01  7.08520e-11
4107.281250   4441.353516  2.12299e+01  7.25834e-11
4097.281250   4205.412109  2.00043e+01  7.24611e-11
4087.281250   3904.466064  1.65133e+01  6.37924e-11
4077.281250   3656.317139  1.28008e+01  5.29226e-11
4067.281250   3505.731934  9.65620e+00  4.14417e-11
4057.281250   3428.046631  7.22795e+00  3.18775e-11
4047.281250   3394.312744  5.97442e+00  2.66162e-11
4037.281250   3405.704834  5.24827e+00  2.33354e-11
4027.281250   3433.333984  4.81595e+00  2.12329e-11
4017.281250   3445.598877  4.40846e+00  1.93684e-11
4007.281250   3414.318115  3.96010e+00  1.75675e-11
3997.281250   3405.023438  3.85688e+00  1.71614e-11
3987.281250   3426.042969  3.83806e+00  1.69641e-11
3977.281250   3481.780762  4.00648e+00  1.74211e-11
3967.281250   3566.988525  4.26561e+00  1.80878e-11
3957.281250   3689.043701  4.63568e+00  1.90192e-11
3947.281250   3740.344238  4.87254e+00  1.97277e-11
3937.281250   3766.011230  5.04517e+00  2.02868e-11
3927.281250   3731.639893  4.95073e+00  2.00777e-11
3917.281250   3714.451660  4.83428e+00  1.96923e-11
3907.281250   3660.562012  4.37025e+00  1.80363e-11
3897.281250   3624.027100  3.95781e+00  1.65133e-11
3887.281250   3606.992676  3.72863e+00  1.56274e-11
3877.281250   3622.833008  3.69997e+00  1.54514e-11
3867.281250   3663.531250  3.84718e+00  1.58937e-11
3857.281250   3701.603027  6.21437e+00  2.53130e-11
3847.281250   3742.011963  9.51455e+00  3.84665e-11
3837.281250   3708.337402  1.99372e+01  8.18182e-11
3827.281250   3665.224365  3.11279e+01  1.28662e-10
3787.281250   3735.051758  4.70102e+01  1.91130e-10
3777.281250   3808.760986  3.51438e+01  1.40029e-10
3767.281250   3854.334473  2.63397e+01  1.03625e-10
3757.281250   3890.721436  1.81690e+01  7.06993e-11
3747.281250   3852.659424  1.43527e+01  5.62259e-11
3737.281250   3825.921143  1.07204e+01  4.23583e-11
3727.281250   3821.529297  6.76458e+00  2.66938e-11
3717.281250   3825.643066  4.02815e+00  1.59248e-11
3707.281250   3802.400635  3.41845e+00  1.35892e-11
3697.281250   3756.079346  3.01354e+00  1.21308e-11
3667.281250   3535.547363  2.82469e+00  1.20925e-11
3657.281250   3563.674805  3.97020e+00  1.68321e-11
3617.281250   3647.002197  3.44241e+01  1.42860e-10
3607.281250   3641.843262  3.33616e+01  1.38564e-10
3597.281250   3641.456787  2.29720e+01  9.54323e-11
3587.281250   3589.154297  1.30540e+01  5.42806e-11
3567.281250   3554.791748  2.30033e+00  9.79401e-12
3557.281250   3556.158936  1.90064e+00  8.08753e-12
3547.281250   3540.969727  1.81986e+00  7.77591e-12
3537.281250   3529.013184  1.75767e+00  7.53808e-12
3527.281250   3520.250488  1.73372e+00  7.45452e-12
3517.281250   3536.354736  1.68564e+00  7.21861e-12
3487.281250   3663.861572  1.63280e+00  6.74235e-12
3477.281250   3655.919434  1.56282e+00  6.46736e-12
3357.281250   3556.706055  9.44390e+00  4.01733e-11
3347.281250   3522.986084  9.34122e+00  4.01108e-11
3337.281250   3518.329590  9.58487e+00  4.12234e-11
3327.281250   3516.238037  9.94886e+00  4.28249e-11
3317.281250   3545.921875  1.20449e+01  5.13496e-11
3307.281250   3590.045654  1.43939e+01  6.06630e-11
3217.281250   3633.695068  4.52381e+01  1.88458e-10
3207.281250   3643.559814  4.03152e+01  1.67522e-10
3197.281250   3653.870361  3.38987e+01  1.40504e-10
3187.281250   3664.534180  2.45503e+01  1.01493e-10
3177.281250   3660.641113  1.49660e+01  6.18137e-11
3167.281250   3652.389648  4.88886e+00  2.02314e-11
3157.281250   3654.501709  1.92972e+00  7.99443e-12
3147.281250   3662.322021  1.36177e+00  5.62802e-12
3137.281250   3682.487549  1.60570e+00  6.59497e-12
3127.281250   3700.457031  1.98611e+00  8.12236e-12
3117.281250   3704.729004  2.81569e+00  1.15018e-11
3107.281250   3727.224854  3.84842e+00  1.55853e-11
3087.281250   3826.445557  6.76173e+00  2.66936e-11
3077.281250   3858.027588  8.44479e+00  3.31087e-11
3067.281250   3780.159424  7.76059e+00  3.09867e-11
3037.281250   3566.371582  1.54075e+00  6.52580e-12
3027.281250   3525.326416  1.13967e+00  4.87045e-12
3017.281250   3515.903564  8.40309e-01  3.61836e-12
3007.281250   3580.224121  8.26475e-01  3.49004e-12
2987.281250   4058.607422  1.01072e+00  3.74721e-12
2977.281250   4189.833008  1.09096e+00  3.93063e-12
2967.281250   4212.847656  1.13674e+00  4.08347e-12
2957.281250   4013.498047  1.14067e+00  4.28231e-12
2937.281250   3614.971924  1.00202e+00  4.19222e-12
2927.281250   3529.601074  9.53517e-01  4.08693e-12
2917.281250   3514.789795  9.04561e-01  3.89430e-12
2907.281250   3527.110596  8.92147e-01  3.82668e-12
2897.281250   3543.096191  9.02704e-01  3.85364e-12
2887.281250   3632.112549  1.16840e+00  4.84547e-12
2867.281250   3820.601074  4.13685e+00  1.62201e-11
2857.281250   3890.212891  7.07427e+00  2.75159e-11
2847.281250   3898.861084  1.08331e+01  4.20358e-11
2837.281250   3853.749023  1.27734e+01  5.01320e-11
2817.281250   3600.595459  1.17112e+01  4.91852e-11
2807.281250   3468.951172  1.10950e+01  4.83869e-11
2797.281250   3531.566895  1.24575e+01  5.32863e-11
2787.281250   3623.314453  1.53127e+01  6.36002e-11
2767.281250   3904.559570  5.18133e+01  2.00878e-10
2757.281250   3899.432373  6.69400e+01  2.59872e-10
2687.815674   3911.982178  2.61055e+01  1.01049e-10
2641.178223   3920.632812  1.36699e+02  5.27889e-10
2586.237793   3920.792725  7.56699e+01  2.92045e-10
2557.281250   4039.801270  8.64671e+01  3.23938e-10
2547.281250   4019.719238  7.99381e+01  3.00726e-10
2537.281250   3986.817383  6.97389e+01  2.64721e-10
2517.281250   3884.912598  5.45068e+01  2.12287e-10
2507.281250   3957.484131  6.19627e+01  2.36705e-10
2477.281250   4142.074219  1.18251e+02  4.32381e-10
2467.281250   4118.819824  1.40061e+02  5.14855e-10
2442.492432   4092.458740  2.58673e+02  9.56598e-10
2423.018555   4105.664551  3.11686e+02  1.14908e-09
2347.281250   4084.205322  4.58836e+01  1.69848e-10
2337.281250   4070.734375  3.83097e+01  1.42415e-10
2327.281250   4073.772217  3.85158e+01  1.43077e-10
2317.281250   4086.990234  3.87870e+01  1.43642e-10
2307.281250   4103.027344  3.92522e+01  1.44779e-10
2144.253174   4254.848145  3.12536e+02  1.11068e-09
2120.808350   4319.803223  5.14325e+02  1.80182e-09
2100.119385   4361.875000  5.55006e+02  1.92545e-09
2072.542969   4361.323242  4.85275e+02  1.68426e-09
1956.052490   4523.539062  8.38941e+02  2.80623e-09
1944.282227   4529.055176  1.41027e+03  4.71382e-09
1932.351074   4543.016602  1.30395e+03  4.34539e-09
1893.955200   4595.510742  4.10197e+02  1.35210e-09
1797.231689   4648.818848  8.63059e+02  2.80934e-09
1729.338501   4623.452637  8.87043e+02  2.90408e-09
1668.470459   4559.647461  1.12404e+03  3.73149e-09
1595.293457   4574.344238  1.21983e+03  4.03740e-09
1530.230103   4744.144043  1.52187e+03  4.85700e-09
1472.472656   4561.585938  1.97613e+03  6.56474e-09
1444.590454   4518.659180  3.76309e+03  1.26055e-08
1425.482910   4561.789062  4.04158e+03  1.34187e-08
1315.217285   4785.179688  1.13026e+03  3.57409e-09
1161.306274   4894.171387  2.81517e+03  8.70548e-09
1111.836182   4861.570312  5.41449e+03  1.68913e-08
1090.013428   4751.757812  8.29607e+03  2.64604e-08
1068.690186   4860.848145  7.66087e+03  2.38906e-08
1037.281250   5154.848145  3.80091e+03  1.11915e-08
1027.281250   5231.864746  3.44550e+03  9.96768e-09
1017.281250   5218.135254  3.90330e+03  1.13249e-08
1007.281250   5199.043945  4.52074e+03  1.31650e-08
 907.281250   5179.819336  1.79033e+03  5.23064e-09
 897.281250   5200.598633  1.79392e+03  5.22050e-09
 867.281250   5059.955566  2.53768e+03  7.59480e-09
 857.281250   5020.227051  3.37864e+03  1.01966e-08
 847.281250   5007.602539  4.22086e+03  1.27544e-08
 837.281250   4997.627930  4.91936e+03  1.49014e-08
 797.281250   4828.341797  4.32759e+03  1.35651e-08
 787.281250   4839.919434  5.85386e+03  1.82806e-08
 777.281250   4860.360352  9.03238e+03  2.81345e-08
 756.206726   4843.256348  2.72264e+04  8.51400e-08
 748.072632   4841.777832  3.26042e+04  1.02022e-07
 739.786560   4841.300293  3.58994e+04  1.12347e-07
 730.061462   4843.294922  3.73554e+04  1.16767e-07
 717.957764   4825.453125  3.84068e+04  1.20621e-07
 702.616028   4803.342773  3.84277e+04  1.21197e-07
 687.281250   4862.141113  3.12515e+04  9.77219e-08
 667.281250   5142.067871  8.74735e+03  2.57623e-08
 657.281250   5163.988770  6.22814e+03  1.82605e-08
 647.281250   5157.666992  5.57360e+03  1.63608e-08
 637.281250   5140.666992  6.30300e+03  1.85599e-08
 627.281250   5129.204590  7.03275e+03  2.07566e-08
 566.503662   5032.681641  4.86980e+04  1.46785e-07
 544.604187   5098.679688  5.03138e+04  1.49484e-07
 517.152344   5219.735352  5.54865e+04  1.60958e-07
 487.142395   5270.197754  5.89461e+04  1.69381e-07
 450.592316   5345.315918  6.14014e+04  1.73937e-07
 406.181427   5345.478516  6.47636e+04  1.83475e-07
 354.725769   5441.044922  7.07051e+04  1.96733e-07
 299.610229   5626.651855  7.83809e+04  2.10888e-07
 246.579193   5919.192383  8.48480e+04  2.16962e-07
 199.763199   6248.727051  9.32418e+04  2.25774e-07
 163.857285   6569.214844  1.00854e+05  2.32244e-07
 134.708481   6889.971680  1.06396e+05  2.33455e-07
 108.229759   7081.099121  1.09885e+05  2.34552e-07
  82.289284   7268.768555  1.12406e+05  2.33526e-07
  55.452801   7576.777344  1.15057e+05  2.29602e-07
  34.449280   7999.478027  1.16630e+05  2.19795e-07
  16.274561   8306.511719  1.18022e+05  2.13047e-07
   0.000000   8695.550781  1.19163e+05  2.04705e-07
