6645.721680   3398.445801  2.04650e+00  9.12136e-12
6644.885254   3398.617432  2.04947e+00  9.13416e-12
6643.783203   3398.843750  2.05339e+00  9.15103e-12
6642.330078   3399.142090  2.05856e+00  9.17328e-12
6640.414062   3399.535400  2.06537e+00  9.20261e-12
6637.893555   3400.180420  2.07450e+00  9.24165e-12
6634.617188   3402.218262  2.08843e+00  9.29835e-12
6630.346191   3406.081299  2.10941e+00  9.38099e-12
6624.815918   3414.096436  2.14647e+00  9.52307e-12
6617.734375   3427.397949  2.20532e+00  9.74579e-12
6608.807617   3446.787109  2.28958e+00  1.00616e-11
6597.752930   3474.958008  2.42405e+00  1.05650e-11
6584.295898   3504.557373  2.58141e+00  1.11571e-11
6567.676270   3523.219482  2.69553e+00  1.15888e-11
6546.452637   3518.659424  2.71291e+00  1.16779e-11
6517.528809   3456.313721  2.52037e+00  1.10450e-11
6475.485352   3406.551758  2.33400e+00  1.03779e-11
6408.348633   3323.323730  1.98406e+00  9.03608e-12
6398.348633   3235.470703  1.78079e+00  8.31854e-12
6378.348633   3126.238525  1.59356e+00  7.71870e-12
6368.348633   3153.059082  1.73067e+00  8.29979e-12
6358.348633   3226.218262  2.00331e+00  9.39912e-12
6297.111816   3187.484619  2.52102e+00  1.19749e-11
6162.063965   3042.285645  3.31784e+00  1.65190e-11
6088.348633   2992.935059  3.67514e+00  1.85976e-11
6078.348633   2979.542969  3.69827e+00  1.88003e-11
6068.348633   2971.000244  3.74816e+00  1.91094e-11
6058.348633   2979.953857  3.90002e+00  1.98235e-11
6048.348633   2991.313232  4.06198e+00  2.05681e-11
6018.348633   3055.856934  4.69207e+00  2.32565e-11
6008.348633   3086.432129  4.93149e+00  2.41994e-11
5998.348633   3118.907959  5.18101e+00  2.51614e-11
5988.348633   3116.710938  5.28794e+00  2.56991e-11
5978.348633   3110.109863  5.37096e+00  2.61578e-11
5968.348633   3095.001221  5.40509e+00  2.64515e-11
5958.348633   3088.475098  5.49296e+00  2.69394e-11
5948.348633   3099.655762  5.70105e+00  2.78590e-11
5938.348633   3117.174561  5.92597e+00  2.87956e-11
5928.348633   3140.259766  6.14644e+00  2.96475e-11
5908.348633   2879.993652  4.59723e+00  2.41579e-11
5898.348633   2840.090332  4.41644e+00  2.35440e-11
5888.348633   2817.704834  4.35683e+00  2.34189e-11
5878.348633   2856.600342  4.68015e+00  2.48099e-11
5858.348633   2906.513184  5.19521e+00  2.70737e-11
5848.348633   2906.097656  5.30261e+00  2.76365e-11
5838.348633   2891.072021  5.33488e+00  2.79501e-11
5768.348633   2897.502686  6.39211e+00  3.34156e-11
5758.348633   2894.972900  6.50950e+00  3.40592e-11
5748.348633   2894.715576  6.62055e+00  3.46434e-11
5738.348633   2908.442139  6.82780e+00  3.55598e-11
5728.348633   2925.771729  7.05223e+00  3.65106e-11
5718.348633   2958.699463  7.36944e+00  3.77267e-11
5604.133301   3207.605713  1.04355e+01  4.92818e-11
5535.477539   3300.083496  1.35136e+01  6.20291e-11
5478.263184   3230.372559  1.76670e+01  8.28415e-11
5412.855469   3313.586182  2.16839e+01  9.92242e-11
5362.064453   3362.662354  2.32180e+01  1.04587e-10
5318.348633   3254.900391  2.45344e+01  1.14171e-10
5308.348633   3263.707764  2.51202e+01  1.16586e-10
5224.739258   3344.619141  3.25593e+01  1.47455e-10
5157.726562   3368.317871  3.83287e+01  1.72306e-10
5100.737793   3655.523438  4.15289e+01  1.71935e-10
5045.119141   3760.763184  4.50702e+01  1.81403e-10
4979.956543   3832.621826  4.44542e+01  1.75466e-10
4896.625000   3857.277588  5.12243e+01  2.00939e-10
4848.348633   3983.749023  6.16771e+01  2.34333e-10
4838.348633   3987.731934  6.26798e+01  2.37913e-10
4808.348633   3880.273438  6.35344e+01  2.47818e-10
4798.348633   3871.704102  6.45723e+01  2.52438e-10
4788.348633   3861.050781  6.56778e+01  2.57449e-10
4778.348633   3866.059326  6.72471e+01  2.63187e-10
4758.348633   4020.020996  7.48823e+01  2.81870e-10
4748.348633   4031.923096  7.64568e+01  2.87016e-10
4738.348633   4015.195801  7.75378e+01  2.92168e-10
4728.348633   3936.912354  7.63978e+01  2.93624e-10
4663.349609   3810.121582  9.01993e+01  3.58327e-10
4595.222656   3731.804443  1.24148e+02  5.03618e-10
4542.741211   3709.663818  1.60263e+02  6.53940e-10
4491.120605   3744.860596  1.86819e+02  7.55189e-10
4426.925293   3716.771729  1.89132e+02  7.70219e-10
4328.348633   3559.992432  2.15956e+02  9.18514e-10
4318.348633   3522.791016  2.03302e+02  8.73437e-10
4308.348633   3496.566650  1.87170e+02  8.10744e-10
4298.348633   3511.809570  1.71167e+02  7.38299e-10
4288.348633   3534.141602  1.69132e+02  7.24453e-10
4278.348633   3554.532715  1.77328e+02  7.55067e-10
4268.348633   3582.943848  1.89273e+02  7.99483e-10
4258.348633   3608.980469  2.01606e+02  8.45702e-10
4152.437012   3861.800781  2.65582e+02  1.04122e-09
4079.356689   3826.572754  3.48389e+02  1.37799e-09
4009.694824   3885.796875  4.08072e+02  1.58974e-09
3946.861816   4006.813232  4.85771e+02  1.83539e-09
3886.806396   3944.187744  5.84755e+02  2.24454e-09
3825.523926   3828.437744  7.09004e+02  2.80465e-09
3758.276367   3831.256104  8.21526e+02  3.24693e-09
3696.885010   4037.357666  9.72201e+02  3.64553e-09
3642.201660   4233.836426  1.09724e+03  3.92267e-09
3583.020752   4208.144531  1.23443e+03  4.44146e-09
3519.169189   4151.540527  1.41561e+03  5.16205e-09
3457.593506   4186.156738  1.65281e+03  5.97710e-09
3398.779785   4412.819336  2.07420e+03  7.11478e-09
3337.506348   4200.413086  2.09222e+03  7.54010e-09
3248.348877   4101.298828  1.97695e+03  7.30204e-09
3238.348877   4122.047363  1.83479e+03  6.74222e-09
3228.348877   4180.038574  1.78603e+03  6.47691e-09
3208.348877   4328.612305  1.77618e+03  6.21247e-09
3198.348877   4400.651855  1.81386e+03  6.23944e-09
3188.348877   4365.559082  1.77546e+03  6.15446e-09
3178.348877   4344.642578  1.76134e+03  6.13495e-09
3168.348877   4323.991211  1.76292e+03  6.17074e-09
3158.348877   4305.324707  1.77771e+03  6.25103e-09
3148.348877   4303.505859  1.83796e+03  6.46576e-09
3138.348877   4276.208496  1.86853e+03  6.61551e-09
3068.348877   4140.160156  1.95480e+03  7.14751e-09
3058.348877   4122.075195  1.91673e+03  7.03994e-09
3048.348877   4113.054688  1.81390e+03  6.67716e-09
3038.348877   4112.291504  1.68651e+03  6.20867e-09
3028.348877   4107.205566  1.52876e+03  5.63394e-09
3018.348877   4096.926758  1.36131e+03  5.03179e-09
3008.348877   4098.379395  1.19340e+03  4.41005e-09
2998.348877   4102.237793  1.03452e+03  3.81962e-09
2988.348877   4115.207031  9.00734e+02  3.31702e-09
2978.348877   4121.973633  8.21364e+02  3.02035e-09
2968.348877   4124.063965  7.82909e+02  2.87714e-09
2948.348877   4338.689453  8.91776e+02  3.11095e-09
2938.348877   4402.106934  9.14792e+02  3.14833e-09
2928.348877   4493.395996  9.55061e+02  3.21717e-09
2918.348877   4521.230469  1.01421e+03  3.39457e-09
2908.348877   4531.333984  1.08435e+03  3.62545e-09
2898.348877   4464.842773  1.19601e+03  4.05945e-09
2888.348877   4404.665039  1.31847e+03  4.53487e-09
2768.348877   4299.799316  1.13743e+03  4.00451e-09
2758.348877   4287.011719  1.24056e+03  4.38172e-09
2748.348877   4276.359863  1.32380e+03  4.68617e-09
2738.348877   4275.480957  1.25630e+03  4.44778e-09
2728.348877   4278.406738  1.13631e+03  4.02142e-09
2718.348877   4290.784180  8.77047e+02  3.09503e-09
2708.348877   4311.423340  6.93836e+02  2.43777e-09
2698.348877   4334.755859  5.50085e+02  1.92173e-09
2498.348877   4490.562012  3.83721e+02  1.29333e-09
2488.348877   4504.650879  4.08420e+02  1.37215e-09
2478.348877   4520.020020  4.31029e+02  1.44325e-09
2468.348877   4540.473633  4.36803e+02  1.45605e-09
2458.348877   4541.546875  4.87201e+02  1.62445e-09
2448.348877   4530.698242  5.75557e+02  1.92315e-09
2408.348877   4419.050781  1.43217e+03  4.90565e-09
2398.348877   4416.810547  1.30874e+03  4.48483e-09
2388.348877   4415.291016  1.15464e+03  3.95839e-09
2378.348877   4418.830078  8.72797e+02  2.98961e-09
2368.348877   4408.812988  6.60159e+02  2.26359e-09
2358.348877   4384.447754  4.91218e+02  1.69391e-09
2348.348877   4361.217285  4.09787e+02  1.42133e-09
2338.348877   4329.480957  3.63234e+02  1.27013e-09
2328.348877   4311.493652  3.78068e+02  1.32776e-09
2318.348877   4297.600586  3.94926e+02  1.39120e-09
2308.348877   4277.919922  4.04085e+02  1.42980e-09
2298.348877   4278.074707  4.09025e+02  1.44724e-09
2288.348877   4308.666016  4.13939e+02  1.45430e-09
2278.348877   4348.900879  4.21238e+02  1.46597e-09
2268.348877   4404.849121  4.34389e+02  1.49229e-09
2258.348877   4425.048340  4.39702e+02  1.50378e-09
2248.348877   4424.387695  4.40480e+02  1.50688e-09
2158.348877   4448.393555  4.53519e+02  1.54285e-09
2148.348877   4454.065430  3.97294e+02  1.35003e-09
2138.348877   4454.253418  3.43769e+02  1.16783e-09
2128.348877   4443.605469  3.06024e+02  1.04178e-09
2118.348877   4436.588379  2.83335e+02  9.66425e-10
2108.348877   4434.173340  2.88217e+02  9.83672e-10
2098.348877   4435.174316  2.97321e+02  1.01467e-09
2088.348877   4435.203125  3.09906e+02  1.05751e-09
2078.348877   4431.266113  3.22424e+02  1.10120e-09
2068.348877   4427.573242  3.35393e+02  1.14639e-09
2058.348877   4419.298340  3.46258e+02  1.18588e-09
2048.348877   4411.563965  3.56171e+02  1.22199e-09
2038.348755   4414.391602  3.64014e+02  1.24802e-09
2028.348755   4415.750488  3.74252e+02  1.28271e-09
2018.348755   4416.320801  3.87689e+02  1.32859e-09
2008.348755   4419.853027  4.06812e+02  1.39305e-09
1998.348755   4424.040039  4.29068e+02  1.46795e-09
1988.348755   4439.915039  4.99698e+02  1.70280e-09
1978.348755   4457.682617  5.78447e+02  1.96394e-09
1968.348755   4471.465820  6.21567e+02  2.10368e-09
1958.348755   4487.772461  6.58976e+02  2.22246e-09
1948.348755   4516.649414  6.69657e+02  2.24417e-09
1938.348755   4543.419922  6.81583e+02  2.27040e-09
1818.348755   4387.149902  5.97974e+02  2.06258e-09
1808.348755   4363.770508  5.98734e+02  2.07667e-09
1798.348755   4344.280273  6.03497e+02  2.10279e-09
1788.348755   4370.064453  5.92466e+02  2.05232e-09
1778.348755   4397.884766  5.54380e+02  1.90887e-09
1748.348755   4504.288086  3.42195e+02  1.15048e-09
1738.348755   4513.885254  3.60168e+02  1.20765e-09
1728.348755   4509.970703  4.01856e+02  1.34833e-09
1718.348755   4412.818848  5.45745e+02  1.88252e-09
1698.348755   4221.036621  8.73800e+02  3.14293e-09
1688.348755   4157.469238  9.98297e+02  3.63526e-09
1678.348755   4133.808105  1.02573e+03  3.75667e-09
1668.348755   4181.823242  9.88119e+02  3.58546e-09
1658.348755   4291.953613  8.95896e+02  3.16437e-09
1648.348755   4407.649902  7.75646e+02  2.67520e-09
1588.348755   4641.170898  7.97954e+02  2.60116e-09
1578.348755   4663.204590  9.01856e+02  2.92654e-09
1568.348755   4677.443359  1.00809e+03  3.26162e-09
1558.348755   4683.703125  1.14676e+03  3.70573e-09
1548.348755   4686.519043  1.29489e+03  4.18208e-09
1538.348755   4691.272461  1.40808e+03  4.54281e-09
1528.348755   4693.553711  1.50920e+03  4.86665e-09
1518.348755   4684.833496  1.53056e+03  4.94484e-09
1474.379883   4660.356934  2.50692e+03  8.14315e-09
1338.348755   4831.199707  1.95842e+03  6.13446e-09
1328.348755   4848.724609  2.17712e+03  6.79464e-09
1318.348755   4864.891602  2.44143e+03  7.59505e-09
1308.348755   4853.527832  2.71391e+03  8.46648e-09
1298.348755   4827.768066  2.99178e+03  9.38096e-09
1213.660767   4895.334473  6.68913e+03  2.05543e-08
1197.454712   4801.435547  2.05686e+04  6.56524e-08
1190.844116   4719.041504  2.84002e+04  9.14687e-08
1184.888306   4681.624023  3.25392e+04  1.05328e-07
1178.066528   4670.229004  3.41508e+04  1.10903e-07
1169.460449   4676.238770  3.34826e+04  1.08866e-07
1128.348755   4723.794922  5.71718e+03  1.83213e-08
1118.348755   4730.079590  5.75326e+03  1.84114e-08
1108.348755   4753.465332  6.12854e+03  1.95139e-08
1048.348755   4881.492188  7.49500e+03  2.32433e-08
1038.348755   4886.766113  7.49293e+03  2.32102e-08
1028.348755   4891.698730  7.46767e+03  2.31077e-08
1018.348816   4897.516602  7.53213e+03  2.32793e-08
1008.348816   4897.838379  7.59233e+03  2.34645e-08
 998.348816   4866.647461  7.61656e+03  2.36918e-08
 988.348816   4829.398926  7.97088e+03  2.49996e-08
 925.336304   4711.620117  2.68904e+04  8.65218e-08
 872.854370   4802.686035  2.45282e+04  7.74168e-08
 848.348816   4655.078613  3.49522e+04  1.13837e-07
 808.348816   4927.202637  1.51852e+04  4.66775e-08
 798.348816   4963.368164  1.49512e+04  4.56158e-08
 788.348816   5030.543457  1.78451e+04  5.35815e-08
 778.348816   5112.000488  2.24962e+04  6.65701e-08
 768.348816   5075.907715  2.68895e+04  8.03352e-08
 758.348816   5009.169434  3.08868e+04  9.33870e-08
 708.348816   5052.828125  2.45915e+04  7.37099e-08
 668.348816   4882.396973  2.63934e+04  8.18366e-08
 658.348816   4927.484863  3.84240e+04  1.17895e-07
 608.348816   5202.542969  5.05535e+04  1.47438e-07
 598.348816   5273.881836  4.27401e+04  1.22771e-07
 588.348816   5257.116211  3.70587e+04  1.06675e-07
 578.348816   5247.568359  3.25141e+04  9.37960e-08
 458.348785   5202.253906  1.83978e+04  5.35038e-08
 448.348785   5185.763672  1.75395e+04  5.12032e-08
 438.348785   5200.295410  1.74031e+04  5.06534e-08
 428.348785   5213.857910  1.72866e+04  5.01788e-08
 418.348785   5226.476562  1.71505e+04  4.96634e-08
 408.348785   5258.717773  2.04374e+04  5.87963e-08
 398.348785   5290.424316  2.48059e+04  7.09615e-08
 318.348785   5378.624023  4.64480e+04  1.30786e-07
 308.348785   5364.888672  4.92108e+04  1.38886e-07
 298.348785   5428.552246  5.01519e+04  1.39891e-07
 288.348785   5503.584961  4.80247e+04  1.32282e-07
 278.348785   5591.567871  4.12062e+04  1.11720e-07
  98.348801   6041.993652  3.24973e+04  8.13869e-08
  88.348801   6076.838379  3.19474e+04  7.95571e-08
  78.348801   6108.854004  3.05382e+04  7.56330e-08
  68.348801   6100.184082  2.73259e+04  6.77381e-08
  58.348801   6091.115723  2.53897e+04  6.30437e-08
  48.348801   6127.077148  4.40006e+04  1.08539e-07
  38.348801   6128.319336  7.65655e+04  1.90841e-07
  28.348801   6013.869629  1.42804e+05  3.62139e-07
  18.325760   6919.055664  1.87092e+05  4.17733e-07
  16.270081   7321.379883  1.91441e+05  4.07072e-07
  13.802240   7801.532715  1.96573e+05  3.93017e-07
  10.970240   8347.236328  2.02295e+05  3.74489e-07
   8.176000   8866.306641  2.07471e+05  3.52747e-07
   6.637440   9062.680664  2.08698e+05  3.45467e-07
   4.752640   9300.182617  2.10154e+05  3.36638e-07
   2.516480   9576.131836  2.11790e+05  3.26334e-07
   0.000000   9875.365234  2.13455e+05  3.15071e-07
