6609.839844   3510.041748  1.61744e+00  6.97557e-12
6608.727051   3515.100830  1.63103e+00  7.02437e-12
6607.260254   3521.770020  1.64896e+00  7.08869e-12
6605.326660   3530.561768  1.67258e+00  7.17348e-12
6602.803223   3541.556641  1.70286e+00  7.28224e-12
6599.622559   3552.359131  1.73606e+00  7.40174e-12
6595.499512   3564.258301  1.77296e+00  7.53405e-12
6590.182617   3575.762451  1.80527e+00  7.64708e-12
6583.264160   3586.890869  1.82843e+00  7.72180e-12
6574.215820   3597.807129  1.84194e+00  7.75616e-12
6562.296387   3630.794922  1.86389e+00  7.77706e-12
6546.498047   3677.305420  1.87973e+00  7.74364e-12
6524.704590   3709.652100  1.77629e+00  7.25321e-12
6488.762695   3557.452393  1.24822e+00  5.30953e-12
6427.655273   3487.110107  1.26051e+00  5.47542e-12
6358.460938   3272.681152  1.45466e+00  6.73269e-12
6233.335449   3043.762451  1.55359e+00  7.73070e-12
6223.335449   3022.869873  1.55779e+00  7.80535e-12
6213.335449   3004.331543  1.56808e+00  7.90593e-12
6203.335449   2996.907959  1.62089e+00  8.19253e-12
6193.335449   2987.995117  1.67171e+00  8.47453e-12
6183.335449   2974.297852  1.71456e+00  8.73181e-12
6173.335449   2964.719727  1.76712e+00  9.02859e-12
6163.335449   2960.313721  1.83246e+00  9.37633e-12
6153.335449   2955.634033  1.90591e+00  9.76765e-12
6143.335449   2950.806396  1.98043e+00  1.01661e-11
6012.821289   3101.178955  3.77504e+00  1.84382e-11
5930.834961   3104.324951  5.05785e+00  2.46765e-11
5869.007812   3162.227783  6.87310e+00  3.29212e-11
5723.335449   3010.572266  8.55710e+00  4.30516e-11
5713.335449   2994.828369  8.62889e+00  4.36422e-11
5703.335449   3003.719482  8.94162e+00  4.50897e-11
5693.335449   3018.783691  9.31041e+00  4.67164e-11
5633.335449   3049.156738  1.08704e+01  5.39978e-11
5603.335449   2972.024658  1.05363e+01  5.36994e-11
5593.335449   2970.209717  1.07713e+01  5.49304e-11
5583.335449   2978.184814  1.10998e+01  5.64496e-11
5573.335449   3017.275635  1.17423e+01  5.89398e-11
5563.335449   3073.239258  1.24462e+01  6.13337e-11
5543.335449   3216.641357  1.36939e+01  6.45118e-11
5533.335449   3277.400635  1.38874e+01  6.41923e-11
5523.335449   3163.744629  1.25187e+01  5.96906e-11
5503.335449   2934.583984  1.01725e+01  5.24186e-11
5493.335449   2890.563721  9.87463e+00  5.17238e-11
5483.335449   2970.868652  1.08196e+01  5.51302e-11
5463.335449   3218.174561  1.38908e+01  6.52963e-11
5453.335449   3266.687256  1.50130e+01  6.96110e-11
5443.335449   3272.757568  1.58216e+01  7.32259e-11
5433.335449   3259.878418  1.65650e+01  7.69771e-11
5423.335449   3247.192627  1.73534e+01  8.09466e-11
5367.760742   3333.435791  2.40920e+01  1.09465e-10
5313.335449   3352.138672  2.60396e+01  1.17693e-10
5303.335449   3389.055420  2.57931e+01  1.15318e-10
5293.335449   3402.724609  2.47933e+01  1.10354e-10
5283.335449   3396.136719  2.30932e+01  1.02991e-10
5273.335449   3366.102051  2.08343e+01  9.36432e-11
5263.335449   3327.842529  1.82893e+01  8.32329e-11
5253.335449   3139.106934  1.48419e+01  7.08776e-11
5243.335449   2935.512207  1.13375e+01  5.82471e-11
5233.335449   2696.752441  8.54494e+00  4.71603e-11
5213.335449   2437.468506  4.94261e+00  3.05625e-11
5203.335449   2392.583252  4.03425e+00  2.55150e-11
5193.335449   2373.344971  3.40807e+00  2.17373e-11
5183.335449   2363.837646  3.02340e+00  1.93678e-11
5173.335449   2357.236816  2.69544e+00  1.73201e-11
5163.335449   2353.050293  2.57031e+00  1.65439e-11
5153.335449   2348.172852  2.47934e+00  1.60463e-11
5143.335449   2339.920166  2.50104e+00  1.62993e-11
5133.335449   2335.463623  2.62011e+00  1.71702e-11
5123.335449   2336.998779  2.90766e+00  1.91131e-11
5113.335449   2349.760986  3.62654e+00  2.37624e-11
5103.335449   2371.158936  4.53483e+00  2.94906e-11
5093.335449   2406.669678  6.84079e+00  4.36431e-11
5083.335449   2449.891357  9.54081e+00  6.00305e-11
5073.335449   2771.115723  1.84682e+01  9.78980e-11
5063.335449   3137.678955  2.89244e+01  1.37447e-10
5053.335449   3628.249512  4.47833e+01  1.82676e-10
5043.335449   3896.894043  5.56614e+01  2.16215e-10
5013.335449   3310.975830  4.80177e+01  2.19226e-10
5003.335449   3114.137695  4.33999e+01  2.10654e-10
4993.335449   2960.387695  3.93629e+01  2.01645e-10
4983.335449   3133.028320  4.22950e+01  2.04567e-10
4973.335449   3352.523193  4.67532e+01  2.10733e-10
4953.335449   3906.681641  6.17193e+01  2.39268e-10
4943.335449   3800.503906  6.29871e+01  2.50957e-10
4933.335449   3532.117188  6.28351e+01  2.71041e-10
4923.335449   3189.414551  6.16191e+01  2.93214e-10
4913.335449   3363.763672  8.94650e+01  3.96079e-10
4903.335449   3637.628662  1.23434e+02  5.10986e-10
4890.136230   4364.007324  2.07938e+02  7.09484e-10
4881.386719   4634.920410  2.43752e+02  7.95607e-10
4871.662598   4684.406738  2.56310e+02  8.27616e-10
4859.212402   4633.706055  2.47836e+02  8.09265e-10
4839.153809   4463.578613  2.13736e+02  7.23981e-10
4808.760742   4598.514160  2.26208e+02  7.45145e-10
4772.627441   4527.644531  2.04710e+02  6.83930e-10
4703.335449   4374.291992  9.45116e+01  3.25731e-10
4693.335449   4196.997559  7.49366e+01  2.68563e-10
4683.335449   4092.952881  6.35037e+01  2.34532e-10
4663.335449   4244.651855  6.45971e+01  2.29407e-10
4653.335449   4417.992188  7.36468e+01  2.52149e-10
4643.335449   4392.071289  8.15150e+01  2.81189e-10
4633.335449   4421.129883  8.81255e+01  3.02087e-10
4623.335449   4444.004395  8.64889e+01  2.94722e-10
4613.335449   4468.334961  8.18052e+01  2.77231e-10
4603.335449   4513.593262  7.15783e+01  2.40142e-10
4583.335449   4126.481445  4.02918e+01  1.46692e-10
4573.335449   3972.049072  2.99855e+01  1.13425e-10
4563.335449   3956.326660  2.20491e+01  8.43295e-11
4553.335449   4044.212402  2.58078e+01  9.63033e-11
4543.335449   4105.795898  2.96867e+01  1.09230e-10
4533.335449   4108.185547  3.41284e+01  1.25699e-10
4523.335449   4090.803711  3.81397e+01  1.41140e-10
4513.335449   4074.785889  4.27941e+01  1.59004e-10
4503.335449   4061.198730  5.09844e+01  1.90091e-10
4493.335449   4052.805176  6.18163e+01  2.30872e-10
4483.335449   4020.869873  6.74435e+01  2.53984e-10
4473.335449   3984.675049  7.12478e+01  2.70619e-10
4463.335449   3987.385742  4.97341e+01  1.88711e-10
4453.335449   3995.256348  3.01802e+01  1.14128e-10
4443.335449   3938.422119  1.90793e+01  7.27571e-11
4433.335449   3897.563232  1.26040e+01  4.89569e-11
4423.335449   3923.158691  1.29031e+01  4.97890e-11
4413.335449   3989.317871  1.81279e+01  6.82727e-11
4403.335449   4079.087402  2.66423e+01  9.87252e-11
4393.335449   4056.507324  3.77419e+01  1.41092e-10
4383.335449   4027.186279  4.92160e+01  1.84976e-10
4373.335449   4021.910400  5.36487e+01  2.01902e-10
4363.335449   4019.578125  5.52573e+01  2.08038e-10
4353.335449   4014.410156  4.83375e+01  1.82164e-10
4343.335449   4009.875488  4.19484e+01  1.58290e-10
4333.335449   4006.988281  3.64136e+01  1.37503e-10
4323.335449   4012.088379  3.18354e+01  1.20108e-10
4313.335449   4021.058350  2.76766e+01  1.04181e-10
4303.335449   4042.626709  2.61977e+01  9.81049e-11
4293.335449   4055.468262  2.50576e+01  9.34968e-11
4283.335449   3956.426514  2.35721e+01  9.00476e-11
4273.335449   3818.138672  2.23489e+01  8.86489e-11
4263.335449   3527.235596  2.17984e+01  9.37109e-11
4253.335449   3585.928467  4.35585e+01  1.74798e-10
4243.335449   3919.441406  9.37754e+01  3.56035e-10
4233.335449   4033.804688  1.74848e+02  6.54256e-10
4223.335449   4066.989014  2.69170e+02  1.00121e-09
4182.586426   4199.576660  3.94527e+02  1.42150e-09
4150.221680   4153.812988  4.32305e+02  1.57564e-09
4116.581543   4268.721680  4.76094e+02  1.68797e-09
4070.122314   4266.543945  5.10931e+02  1.81420e-09
4033.469238   4199.671875  6.76452e+02  2.43787e-09
3998.400635   4242.617676  7.72626e+02  2.75592e-09
3963.377197   4319.145508  9.13747e+02  3.20221e-09
3925.949707   4417.416992  1.00583e+03  3.44604e-09
3903.335693   4491.827148  9.24680e+02  3.11570e-09
3893.335693   4479.754395  7.57885e+02  2.54747e-09
3883.335693   4467.568848  5.04593e+02  1.69779e-09
3873.335693   4320.669922  3.48518e+02  1.19017e-09
3863.335693   4224.567871  1.73217e+02  6.20539e-10
3853.335693   4073.021240  1.69336e+02  6.21032e-10
3843.335693   4051.864502  1.48089e+02  5.50162e-10
3833.335693   4232.549805  1.69652e+02  6.05267e-10
3823.335693   4302.699219  2.03624e+02  7.15729e-10
3813.335693   4335.640137  2.67457e+02  9.33089e-10
3803.335693   4393.853027  3.29708e+02  1.13392e-09
3793.335693   4461.205078  3.94154e+02  1.33630e-09
3783.335693   4478.136230  3.39503e+02  1.14719e-09
3643.335693   4629.626953  2.16034e+02  7.06030e-10
3633.335693   4654.916504  2.38971e+02  7.76816e-10
3603.335693   4524.314453  2.37205e+02  7.93253e-10
3593.335693   4485.111816  2.29956e+02  7.75955e-10
3583.335693   4501.832031  2.08931e+02  7.02575e-10
3573.335693   4544.684570  2.05607e+02  6.83709e-10
3543.335693   4545.780273  4.85352e+02  1.61966e-09
3533.335693   4526.450684  5.93990e+02  1.98627e-09
3523.335693   4526.452637  6.83995e+02  2.28722e-09
3513.335693   4538.437988  7.17860e+02  2.39392e-09
3503.335693   4574.439941  7.65920e+02  2.53272e-09
3493.335693   4725.820801  8.74171e+02  2.79316e-09
3483.335693   4894.490723  1.03544e+03  3.19143e-09
3473.335693   5091.528809  1.27205e+03  3.76810e-09
3428.145996   5031.071777  1.49688e+03  4.49955e-09
3387.738281   5094.356445  1.62291e+03  4.81875e-09
3311.368652   4780.172852  1.29093e+03  4.08758e-09
3253.335693   4713.154297  1.49945e+03  4.81559e-09
3243.335693   4713.744141  1.55640e+03  4.99754e-09
3233.335693   4737.326172  1.62264e+03  5.18321e-09
3203.335693   4907.048828  1.82005e+03  5.61430e-09
3193.335693   4922.216309  1.81971e+03  5.59734e-09
3183.335693   4929.055176  1.81491e+03  5.57555e-09
3173.335693   4884.614746  1.87800e+03  5.82172e-09
3163.335693   4841.295898  1.97902e+03  6.18764e-09
3133.335693   4674.637695  2.36401e+03  7.65545e-09
3123.335693   4665.115723  2.45635e+03  7.96932e-09
3113.335693   4683.291016  2.53621e+03  8.19722e-09
3103.335693   4737.178223  2.61891e+03  8.36773e-09
3093.335693   4812.810059  2.71784e+03  8.54690e-09
3014.544678   4941.622559  3.05156e+03  9.34546e-09
2941.792236   4660.649414  3.34716e+03  1.08694e-08
2867.153564   4658.097656  3.83124e+03  1.24542e-08
2790.231445   4741.312988  4.38846e+03  1.40104e-08
2709.883301   4706.820801  4.92181e+03  1.58293e-08
2626.101074   4699.768066  5.60846e+03  1.80632e-08
2536.112305   4521.544434  5.87478e+03  1.96716e-08
2445.212891   4555.273926  7.72373e+03  2.56716e-08
2365.787842   4542.997070  9.09316e+03  3.03130e-08
2286.817383   4547.548340  1.06126e+04  3.53413e-08
2206.932861   4558.463379  1.22056e+04  4.05558e-08
2124.046387   4636.703613  1.38636e+04  4.52842e-08
2036.505859   4738.993652  1.57628e+04  5.03689e-08
1933.335693   4724.078125  1.86504e+04  5.97826e-08
1923.335693   4682.558594  1.88232e+04  6.08786e-08
1913.335693   4643.391113  1.87863e+04  6.12869e-08
1903.335693   4708.135254  1.90398e+04  6.13070e-08
1893.335693   4893.820312  1.96407e+04  6.08289e-08
1863.335693   5141.455566  2.11074e+04  6.21515e-08
1853.335693   5172.965820  2.17062e+04  6.35267e-08
1823.335693   5068.747070  2.09914e+04  6.26872e-08
1813.335693   5086.309082  2.12515e+04  6.32566e-08
1803.335693   5144.022949  2.19760e+04  6.46818e-08
1753.335693   5234.713379  1.89932e+04  5.49222e-08
1743.335693   5265.975098  1.99422e+04  5.72052e-08
1723.335693   5405.852051  2.87383e+04  8.05569e-08
1713.335693   5331.090820  3.17462e+04  9.02072e-08
1703.335693   5290.579590  3.24344e+04  9.28106e-08
1573.095337   5138.607910  3.15657e+04  9.30147e-08
1466.730591   4847.716309  3.49803e+04  1.09356e-07
1361.166748   5126.794922  4.44322e+04  1.31252e-07
1269.886353   5237.479492  5.18930e+04  1.50054e-07
1213.335693   5459.676270  5.82197e+04  1.61464e-07
1203.335693   5478.454590  5.93785e+04  1.64086e-07
1193.335693   5474.945312  5.99551e+04  1.65772e-07
1183.335693   5435.601562  5.97116e+04  1.66287e-07
1085.873291   5531.946289  6.95386e+04  1.90317e-07
 984.144653   5708.236328  7.13228e+04  1.89153e-07
 892.729614   5957.508301  9.11861e+04  2.31650e-07
 793.335693   6298.602051  1.05297e+05  2.52967e-07
 783.335693   6256.805664  1.05314e+05  2.54722e-07
 773.335693   6217.676758  1.05005e+05  2.55584e-07
 763.335693   6195.308594  1.04432e+05  2.55127e-07
 753.335693   6129.258789  1.03607e+05  2.55878e-07
 723.335693   5983.536621  1.02099e+05  2.58286e-07
 713.335693   5950.623047  1.01401e+05  2.57959e-07
 703.335693   5928.599121  1.01279e+05  2.58606e-07
 693.335693   5914.655762  1.02465e+05  2.62251e-07
 683.335693   5924.415039  1.04416e+05  2.66781e-07
 633.335693   6076.722168  1.15060e+05  2.86663e-07
 623.335693   6045.876465  1.12245e+05  2.81030e-07
 503.335693   5753.799805  9.61309e+04  2.52968e-07
 493.335693   5736.981445  9.62276e+04  2.53963e-07
 443.335693   5832.735352  1.04621e+05  2.71578e-07
 433.335693   5813.752930  1.07999e+05  2.81246e-07
 423.335693   5821.972656  1.13413e+05  2.94947e-07
 413.335693   5820.759277  1.16144e+05  3.02126e-07
 403.335693   5816.751953  1.17309e+05  3.05335e-07
 393.335693   5787.688477  1.18204e+05  3.09190e-07
 383.335693   5755.406738  1.18846e+05  3.12617e-07
 373.335693   5773.771484  1.19058e+05  3.12139e-07
 333.335693   5545.313965  7.25429e+04  1.97385e-07
 323.335693   5502.004883  6.39824e+04  1.76116e-07
 313.335693   5530.075684  6.08409e+04  1.66599e-07
 303.335693   5527.884277  5.97168e+04  1.63562e-07
 293.335693   5527.563477  5.92344e+04  1.62241e-07
 283.335693   5531.611816  5.89206e+04  1.61260e-07
 273.335693   5540.631836  5.82725e+04  1.59235e-07
 263.335693   5566.278320  5.62265e+04  1.52955e-07
 253.335678   5596.179199  5.47238e+04  1.48041e-07
 243.335678   5631.765137  5.39158e+04  1.44916e-07
 233.335678   5667.633789  5.31321e+04  1.41904e-07
 223.335678   5698.611328  5.22004e+04  1.38659e-07
 213.335678   5766.626953  6.49649e+04  1.70200e-07
  65.094398   6513.917969  1.66168e+05  3.86112e-07
   0.000000   7325.747559  1.71505e+05  3.53765e-07
