8.4674E-03  4.0759E+03  2.1860E+02  1.0000E+00  0.0000E+00  0.0000E+00  1.5000E+00
9.7840E-03  4.0757E+03  2.4090E+02  1.0000E+00  0.0000E+00  0.0000E+00  1.5000E+00
1.1309E-02  4.0817E+03  2.6800E+02  1.0000E+00  0.0000E+00  0.0000E+00  1.5000E+00
1.3067E-02  4.0863E+03  2.9930E+02  1.0000E+00  0.0000E+00  0.0000E+00  1.5000E+00
1.5087E-02  4.0898E+03  3.3500E+02  1.0000E+00  0.0000E+00  0.0000E+00  1.5000E+00
1.7404E-02  4.0993E+03  3.7530E+02  1.0000E+00  0.0000E+00  0.0000E+00  1.5000E+00
2.0059E-02  4.1298E+03  4.2350E+02  1.0000E+00  0.0000E+00  0.0000E+00  1.5000E+00
2.3079E-02  4.1950E+03  4.8980E+02  1.0000E+00  0.0000E+00  0.0000E+00  1.5000E+00
2.6474E-02  4.2969E+03  5.8570E+02  1.0000E+00  0.0000E+00  0.0000E+00  1.5000E+00
3.0253E-02  4.3750E+03  7.0040E+02  1.0000E+00  0.0000E+00  0.0000E+00  1.5000E+00
3.4433E-02  4.3857E+03  8.0740E+02  1.0000E+00  0.0000E+00  0.0000E+00  1.5000E+00
3.9099E-02  4.3914E+03  9.2230E+02  1.0000E+00  0.0000E+00  0.0000E+00  1.5000E+00
4.4300E-02  4.4302E+03  1.0670E+03  1.0000E+00  0.0000E+00  0.0000E+00  1.5000E+00
5.0096E-02  4.4686E+03  1.2400E+03  1.0000E+00  0.0000E+00  0.0000E+00  1.5000E+00
5.6523E-02  4.4855E+03  1.4220E+03  1.0000E+00  0.0000E+00  0.0000E+00  1.5000E+00
6.3683E-02  4.4737E+03  1.6120E+03  1.0000E+00  0.0000E+00  0.0000E+00  1.5000E+00
7.1676E-02  4.4517E+03  1.8110E+03  1.0000E+00  0.0000E+00  0.0000E+00  1.5000E+00
8.0638E-02  4.4308E+03  2.0280E+03  1.0000E+00  0.0000E+00  0.0000E+00  1.5000E+00
9.0694E-02  4.4105E+03  2.2820E+03  1.0000E+00  0.0000E+00  0.0000E+00  1.5000E+00
1.0196E-01  4.4009E+03  2.5790E+03  1.0000E+00  0.0000E+00  0.0000E+00  1.5000E+00
1.1460E-01  4.3957E+03  2.9120E+03  1.0000E+00  0.0000E+00  0.0000E+00  1.5000E+00
1.2883E-01  4.3788E+03  3.2660E+03  1.0000E+00  0.0000E+00  0.0000E+00  1.5000E+00
1.4496E-01  4.3533E+03  3.6390E+03  1.0000E+00  0.0000E+00  0.0000E+00  1.5000E+00
1.6335E-01  4.3319E+03  4.0470E+03  1.0000E+00  0.0000E+00  0.0000E+00  1.5000E+00
1.8433E-01  4.3229E+03  4.5140E+03  1.0000E+00  0.0000E+00  0.0000E+00  1.5000E+00
2.0816E-01  4.3333E+03  5.0620E+03  1.0000E+00  0.0000E+00  0.0000E+00  1.5000E+00
2.3507E-01  4.3608E+03  5.7010E+03  1.0000E+00  0.0000E+00  0.0000E+00  1.5000E+00
2.6534E-01  4.3944E+03  6.4320E+03  1.0000E+00  0.0000E+00  0.0000E+00  1.5000E+00
2.9939E-01  4.4274E+03  7.2470E+03  1.0000E+00  0.0000E+00  0.0000E+00  1.5000E+00
3.3776E-01  4.4552E+03  8.1360E+03  1.0000E+00  0.0000E+00  0.0000E+00  1.5000E+00
3.8111E-01  4.4701E+03  9.1270E+03  1.0000E+00  0.0000E+00  0.0000E+00  1.5000E+00
4.2999E-01  4.4856E+03  1.0320E+04  1.0000E+00  0.0000E+00  0.0000E+00  1.5000E+00
4.8466E-01  4.5289E+03  1.1780E+04  1.0000E+00  0.0000E+00  0.0000E+00  1.5000E+00
5.4499E-01  4.6087E+03  1.3620E+04  1.0000E+00  0.0000E+00  0.0000E+00  1.5000E+00
6.1134E-01  4.6905E+03  1.5730E+04  1.0000E+00  0.0000E+00  0.0000E+00  1.5000E+00
6.8510E-01  4.7483E+03  1.7870E+04  1.0000E+00  0.0000E+00  0.0000E+00  1.5000E+00
7.6819E-01  4.7852E+03  1.9970E+04  1.0000E+00  0.0000E+00  0.0000E+00  1.5000E+00
8.6241E-01  4.8209E+03  2.2250E+04  1.0000E+00  0.0000E+00  0.0000E+00  1.5000E+00
9.6904E-01  4.8659E+03  2.4940E+04  1.0000E+00  0.0000E+00  0.0000E+00  1.5000E+00
1.0894E+00  4.9176E+03  2.7980E+04  1.0000E+00  0.0000E+00  0.0000E+00  1.5000E+00
1.2252E+00  4.9739E+03  3.1370E+04  1.0000E+00  0.0000E+00  0.0000E+00  1.5000E+00
1.3784E+00  5.0336E+03  3.5120E+04  1.0000E+00  0.0000E+00  0.0000E+00  1.5000E+00
1.5512E+00  5.0988E+03  3.9230E+04  1.0000E+00  0.0000E+00  0.0000E+00  1.5000E+00
1.7455E+00  5.1796E+03  4.3780E+04  1.0000E+00  0.0000E+00  0.0000E+00  1.5000E+00
1.9627E+00  5.2768E+03  4.8800E+04  1.0000E+00  0.0000E+00  0.0000E+00  1.5000E+00
2.2014E+00  5.3943E+03  5.4270E+04  1.0000E+00  0.0000E+00  0.0000E+00  1.5000E+00
2.4575E+00  5.5331E+03  6.0110E+04  1.0000E+00  0.0000E+00  0.0000E+00  1.5000E+00
2.7207E+00  5.6807E+03  6.5990E+04  1.0000E+00  0.0000E+00  0.0000E+00  1.5000E+00
2.9876E+00  5.8320E+03  7.1920E+04  1.0000E+00  0.0000E+00  0.0000E+00  1.5000E+00
3.2451E+00  5.9924E+03  7.7500E+04  1.0000E+00  0.0000E+00  0.0000E+00  1.5000E+00
3.4963E+00  6.1456E+03  8.2540E+04  1.0000E+00  0.0000E+00  0.0000E+00  1.5000E+00
3.7394E+00  6.3133E+03  8.6770E+04  1.0000E+00  0.0000E+00  0.0000E+00  1.5000E+00
3.9698E+00  6.4984E+03  9.0020E+04  1.0000E+00  0.0000E+00  0.0000E+00  1.5000E+00
4.1867E+00  6.6874E+03  9.2610E+04  1.0000E+00  0.0000E+00  0.0000E+00  1.5000E+00
4.3953E+00  6.8575E+03  9.4890E+04  1.0000E+00  0.0000E+00  0.0000E+00  1.5000E+00
4.6043E+00  7.0003E+03  9.6240E+04  1.0000E+00  0.0000E+00  0.0000E+00  1.5000E+00
4.8130E+00  7.1898E+03  9.5650E+04  1.0000E+00  0.0000E+00  0.0000E+00  1.5000E+00
5.0056E+00  7.4717E+03  9.4490E+04  1.0000E+00  0.0000E+00  0.0000E+00  1.5000E+00
5.1760E+00  7.7575E+03  9.4530E+04  1.0000E+00  0.0000E+00  0.0000E+00  1.5000E+00
5.3317E+00  7.9984E+03  9.6160E+04  1.0000E+00  0.0000E+00  0.0000E+00  1.5000E+00
5.4802E+00  8.2023E+03  9.9300E+04  1.0000E+00  0.0000E+00  0.0000E+00  1.5000E+00
5.6250E+00  8.3852E+03  1.0410E+05  1.0000E+00  0.0000E+00  0.0000E+00  1.5000E+00
5.7686E+00  8.5677E+03  1.0970E+05  1.0000E+00  0.0000E+00  0.0000E+00  1.5000E+00
5.9120E+00  8.7515E+03  1.1610E+05  1.0000E+00  0.0000E+00  0.0000E+00  1.5000E+00
6.0552E+00  8.9373E+03  1.2360E+05  1.0000E+00  0.0000E+00  0.0000E+00  1.5000E+00
6.1931E+00  9.1418E+03  1.3220E+05  1.0000E+00  0.0000E+00  0.0000E+00  1.5000E+00
6.3307E+00  9.3472E+03  1.4050E+05  1.0000E+00  0.0000E+00  0.0000E+00  1.5000E+00
6.4662E+00  9.5531E+03  1.4780E+05  1.0000E+00  0.0000E+00  0.0000E+00  1.5000E+00
6.6026E+00  9.7436E+03  1.5430E+05  1.0000E+00  0.0000E+00  0.0000E+00  1.5000E+00
6.7410E+00  9.9268E+03  1.6040E+05  1.0000E+00  0.0000E+00  0.0000E+00  1.5000E+00
6.8837E+00  1.0108E+04  1.6600E+05  1.0000E+00  0.0000E+00  0.0000E+00  1.5000E+00
7.0313E+00  1.0282E+04  1.7160E+05  1.0000E+00  0.0000E+00  0.0000E+00  1.5000E+00
7.1874E+00  1.0433E+04  1.7690E+05  1.0000E+00  0.0000E+00  0.0000E+00  1.5000E+00
7.3580E+00  1.0556E+04  1.8140E+05  1.0000E+00  0.0000E+00  0.0000E+00  1.5000E+00
7.5459E+00  1.0646E+04  1.8520E+05  1.0000E+00  0.0000E+00  0.0000E+00  1.5000E+00
7.7644E+00  1.0678E+04  1.8790E+05  1.0000E+00  0.0000E+00  0.0000E+00  1.5000E+00
8.0323E+00  1.0684E+04  1.9230E+05  1.0000E+00  0.0000E+00  0.0000E+00  1.5000E+00
8.3614E+00  1.0694E+04  1.9750E+05  1.0000E+00  0.0000E+00  0.0000E+00  1.5000E+00
8.7504E+00  1.0759E+04  2.0670E+05  1.0000E+00  0.0000E+00  0.0000E+00  1.5000E+00
9.1707E+00  1.0962E+04  2.2460E+05  1.0000E+00  0.0000E+00  0.0000E+00  1.5000E+00
9.5939E+00  1.1183E+04  2.4290E+05  1.0000E+00  0.0000E+00  0.0000E+00  1.5000E+00
