9.1330E-03  4.7553E+03  2.7850E+02  1.0000E+00  0.0000E+00  0.0000E+00  1.5000E+00
1.0265E-02  4.7453E+03  3.2760E+02  1.0000E+00  0.0000E+00  0.0000E+00  1.5000E+00
1.1560E-02  4.7352E+03  3.7920E+02  1.0000E+00  0.0000E+00  0.0000E+00  1.5000E+00
1.3040E-02  4.7327E+03  4.3560E+02  1.0000E+00  0.0000E+00  0.0000E+00  1.5000E+00
1.4730E-02  4.7215E+03  4.9650E+02  1.0000E+00  0.0000E+00  0.0000E+00  1.5000E+00
1.6676E-02  4.6908E+03  5.5970E+02  1.0000E+00  0.0000E+00  0.0000E+00  1.5000E+00
1.8923E-02  4.6525E+03  6.2770E+02  1.0000E+00  0.0000E+00  0.0000E+00  1.5000E+00
2.1497E-02  4.6160E+03  7.0340E+02  1.0000E+00  0.0000E+00  0.0000E+00  1.5000E+00
2.4420E-02  4.5853E+03  7.8860E+02  1.0000E+00  0.0000E+00  0.0000E+00  1.5000E+00
2.7720E-02  4.5555E+03  8.8260E+02  1.0000E+00  0.0000E+00  0.0000E+00  1.5000E+00
3.1432E-02  4.5270E+03  9.8750E+02  1.0000E+00  0.0000E+00  0.0000E+00  1.5000E+00
3.5600E-02  4.4986E+03  1.1020E+03  1.0000E+00  0.0000E+00  0.0000E+00  1.5000E+00
4.0283E-02  4.4764E+03  1.2310E+03  1.0000E+00  0.0000E+00  0.0000E+00  1.5000E+00
4.5553E-02  4.4540E+03  1.3710E+03  1.0000E+00  0.0000E+00  0.0000E+00  1.5000E+00
5.1489E-02  4.4322E+03  1.5270E+03  1.0000E+00  0.0000E+00  0.0000E+00  1.5000E+00
5.8188E-02  4.4237E+03  1.7050E+03  1.0000E+00  0.0000E+00  0.0000E+00  1.5000E+00
6.5768E-02  4.4182E+03  1.8980E+03  1.0000E+00  0.0000E+00  0.0000E+00  1.5000E+00
7.4342E-02  4.3955E+03  2.1170E+03  1.0000E+00  0.0000E+00  0.0000E+00  1.5000E+00
8.4018E-02  4.3804E+03  2.3710E+03  1.0000E+00  0.0000E+00  0.0000E+00  1.5000E+00
9.4903E-02  4.3806E+03  2.6830E+03  1.0000E+00  0.0000E+00  0.0000E+00  1.5000E+00
1.0710E-01  4.4208E+03  3.0590E+03  1.0000E+00  0.0000E+00  0.0000E+00  1.5000E+00
1.2082E-01  4.4765E+03  3.4610E+03  1.0000E+00  0.0000E+00  0.0000E+00  1.5000E+00
1.3624E-01  4.5281E+03  3.9470E+03  1.0000E+00  0.0000E+00  0.0000E+00  1.5000E+00
1.5348E-01  4.5913E+03  4.5350E+03  1.0000E+00  0.0000E+00  0.0000E+00  1.5000E+00
1.7269E-01  4.6777E+03  5.2570E+03  1.0000E+00  0.0000E+00  0.0000E+00  1.5000E+00
1.9402E-01  4.7795E+03  6.1120E+03  1.0000E+00  0.0000E+00  0.0000E+00  1.5000E+00
2.1763E-01  4.8821E+03  7.0640E+03  1.0000E+00  0.0000E+00  0.0000E+00  1.5000E+00
2.4376E-01  4.9562E+03  8.0650E+03  1.0000E+00  0.0000E+00  0.0000E+00  1.5000E+00
2.7282E-01  4.9858E+03  9.1070E+03  1.0000E+00  0.0000E+00  0.0000E+00  1.5000E+00
3.0533E-01  5.0021E+03  1.0270E+04  1.0000E+00  0.0000E+00  0.0000E+00  1.5000E+00
3.4162E-01  5.0312E+03  1.1630E+04  1.0000E+00  0.0000E+00  0.0000E+00  1.5000E+00
3.8192E-01  5.0800E+03  1.3190E+04  1.0000E+00  0.0000E+00  0.0000E+00  1.5000E+00
4.2654E-01  5.1341E+03  1.4880E+04  1.0000E+00  0.0000E+00  0.0000E+00  1.5000E+00
4.7596E-01  5.1886E+03  1.6710E+04  1.0000E+00  0.0000E+00  0.0000E+00  1.5000E+00
5.3088E-01  5.2346E+03  1.8640E+04  1.0000E+00  0.0000E+00  0.0000E+00  1.5000E+00
5.9237E-01  5.2673E+03  2.0690E+04  1.0000E+00  0.0000E+00  0.0000E+00  1.5000E+00
6.6185E-01  5.2846E+03  2.2930E+04  1.0000E+00  0.0000E+00  0.0000E+00  1.5000E+00
7.4077E-01  5.2992E+03  2.5430E+04  1.0000E+00  0.0000E+00  0.0000E+00  1.5000E+00
8.3005E-01  5.3226E+03  2.8300E+04  1.0000E+00  0.0000E+00  0.0000E+00  1.5000E+00
9.3063E-01  5.3491E+03  3.1460E+04  1.0000E+00  0.0000E+00  0.0000E+00  1.5000E+00
1.0443E+00  5.3679E+03  3.4860E+04  1.0000E+00  0.0000E+00  0.0000E+00  1.5000E+00
1.1743E+00  5.3731E+03  3.8390E+04  1.0000E+00  0.0000E+00  0.0000E+00  1.5000E+00
1.3242E+00  5.3690E+03  4.2110E+04  1.0000E+00  0.0000E+00  0.0000E+00  1.5000E+00
1.4978E+00  5.3632E+03  4.6040E+04  1.0000E+00  0.0000E+00  0.0000E+00  1.5000E+00
1.6988E+00  5.3684E+03  5.0410E+04  1.0000E+00  0.0000E+00  0.0000E+00  1.5000E+00
1.9290E+00  5.3950E+03  5.5550E+04  1.0000E+00  0.0000E+00  0.0000E+00  1.5000E+00
2.1879E+00  5.4443E+03  6.1500E+04  1.0000E+00  0.0000E+00  0.0000E+00  1.5000E+00
2.4751E+00  5.5080E+03  6.8400E+04  1.0000E+00  0.0000E+00  0.0000E+00  1.5000E+00
2.7887E+00  5.5864E+03  7.5870E+04  1.0000E+00  0.0000E+00  0.0000E+00  1.5000E+00
3.1289E+00  5.6673E+03  8.4010E+04  1.0000E+00  0.0000E+00  0.0000E+00  1.5000E+00
3.4900E+00  5.7618E+03  9.3270E+04  1.0000E+00  0.0000E+00  0.0000E+00  1.5000E+00
3.8673E+00  5.8697E+03  1.0390E+05  1.0000E+00  0.0000E+00  0.0000E+00  1.5000E+00
4.2528E+00  5.9813E+03  1.1510E+05  1.0000E+00  0.0000E+00  0.0000E+00  1.5000E+00
4.6388E+00  6.1086E+03  1.2680E+05  1.0000E+00  0.0000E+00  0.0000E+00  1.5000E+00
5.0309E+00  6.2240E+03  1.3720E+05  1.0000E+00  0.0000E+00  0.0000E+00  1.5000E+00
5.4316E+00  6.3409E+03  1.4650E+05  1.0000E+00  0.0000E+00  0.0000E+00  1.5000E+00
5.8458E+00  6.4544E+03  1.5370E+05  1.0000E+00  0.0000E+00  0.0000E+00  1.5000E+00
6.2757E+00  6.5748E+03  1.5950E+05  1.0000E+00  0.0000E+00  0.0000E+00  1.5000E+00
6.7054E+00  6.7482E+03  1.6490E+05  1.0000E+00  0.0000E+00  0.0000E+00  1.5000E+00
7.1299E+00  6.9036E+03  1.6730E+05  1.0000E+00  0.0000E+00  0.0000E+00  1.5000E+00
7.5565E+00  7.0649E+03  1.7000E+05  1.0000E+00  0.0000E+00  0.0000E+00  1.5000E+00
7.9875E+00  7.2183E+03  1.7410E+05  1.0000E+00  0.0000E+00  0.0000E+00  1.5000E+00
8.4283E+00  7.3574E+03  1.8010E+05  1.0000E+00  0.0000E+00  0.0000E+00  1.5000E+00
8.8809E+00  7.5091E+03  1.8750E+05  1.0000E+00  0.0000E+00  0.0000E+00  1.5000E+00
9.3370E+00  7.6745E+03  1.9770E+05  1.0000E+00  0.0000E+00  0.0000E+00  1.5000E+00
9.7980E+00  7.8213E+03  2.0950E+05  1.0000E+00  0.0000E+00  0.0000E+00  1.5000E+00
1.0250E+01  8.0383E+03  2.2400E+05  1.0000E+00  0.0000E+00  0.0000E+00  1.5000E+00
1.0678E+01  8.2665E+03  2.3960E+05  1.0000E+00  0.0000E+00  0.0000E+00  1.5000E+00
1.1090E+01  8.4687E+03  2.5750E+05  1.0000E+00  0.0000E+00  0.0000E+00  1.5000E+00
1.1535E+01  8.5049E+03  2.7630E+05  1.0000E+00  0.0000E+00  0.0000E+00  1.5000E+00
1.1903E+01  8.9778E+03  2.9330E+05  1.0000E+00  0.0000E+00  0.0000E+00  1.5000E+00
1.2178E+01  9.5180E+03  3.0630E+05  1.0000E+00  0.0000E+00  0.0000E+00  1.5000E+00
1.2348E+01  1.0057E+04  3.1430E+05  1.0000E+00  0.0000E+00  0.0000E+00  1.5000E+00
1.2521E+01  1.0597E+04  3.2260E+05  1.0000E+00  0.0000E+00  0.0000E+00  1.5000E+00
1.2667E+01  1.0929E+04  3.2800E+05  1.0000E+00  0.0000E+00  0.0000E+00  1.5000E+00
1.2802E+01  1.1174E+04  3.3230E+05  1.0000E+00  0.0000E+00  0.0000E+00  1.5000E+00
1.2939E+01  1.1420E+04  3.3670E+05  1.0000E+00  0.0000E+00  0.0000E+00  1.5000E+00
1.3093E+01  1.1575E+04  3.4090E+05  1.0000E+00  0.0000E+00  0.0000E+00  1.5000E+00
1.3261E+01  1.1660E+04  3.4500E+05  1.0000E+00  0.0000E+00  0.0000E+00  1.5000E+00
1.3440E+01  1.1735E+04  3.4930E+05  1.0000E+00  0.0000E+00  0.0000E+00  1.5000E+00
1.3678E+01  1.1755E+04  3.5440E+05  1.0000E+00  0.0000E+00  0.0000E+00  1.5000E+00
