8.4926E-03  4.5695E+03  3.2940E+02  1.0000E+00  0.0000E+00  0.0000E+00  1.5000E+00
9.6243E-03  4.4974E+03  3.6420E+02  1.0000E+00  0.0000E+00  0.0000E+00  1.5000E+00
1.0928E-02  4.4167E+03  3.9460E+02  1.0000E+00  0.0000E+00  0.0000E+00  1.5000E+00
1.2428E-02  4.3538E+03  4.2290E+02  1.0000E+00  0.0000E+00  0.0000E+00  1.5000E+00
1.4153E-02  4.3114E+03  4.5790E+02  1.0000E+00  0.0000E+00  0.0000E+00  1.5000E+00
1.6131E-02  4.2747E+03  4.9910E+02  1.0000E+00  0.0000E+00  0.0000E+00  1.5000E+00
1.8393E-02  4.2407E+03  5.4730E+02  1.0000E+00  0.0000E+00  0.0000E+00  1.5000E+00
2.0979E-02  4.2153E+03  6.0300E+02  1.0000E+00  0.0000E+00  0.0000E+00  1.5000E+00
2.3936E-02  4.1977E+03  6.6690E+02  1.0000E+00  0.0000E+00  0.0000E+00  1.5000E+00
2.7318E-02  4.1883E+03  7.4050E+02  1.0000E+00  0.0000E+00  0.0000E+00  1.5000E+00
3.1179E-02  4.1900E+03  8.2650E+02  1.0000E+00  0.0000E+00  0.0000E+00  1.5000E+00
3.5572E-02  4.2083E+03  9.3000E+02  1.0000E+00  0.0000E+00  0.0000E+00  1.5000E+00
4.0520E-02  4.2816E+03  1.0770E+03  1.0000E+00  0.0000E+00  0.0000E+00  1.5000E+00
4.6019E-02  4.4405E+03  1.3100E+03  1.0000E+00  0.0000E+00  0.0000E+00  1.5000E+00
5.2035E-02  4.6386E+03  1.6390E+03  1.0000E+00  0.0000E+00  0.0000E+00  1.5000E+00
5.8515E-02  4.7617E+03  1.9860E+03  1.0000E+00  0.0000E+00  0.0000E+00  1.5000E+00
6.5580E-02  4.7852E+03  2.2830E+03  1.0000E+00  0.0000E+00  0.0000E+00  1.5000E+00
7.3510E-02  4.7566E+03  2.5410E+03  1.0000E+00  0.0000E+00  0.0000E+00  1.5000E+00
8.2538E-02  4.7079E+03  2.7840E+03  1.0000E+00  0.0000E+00  0.0000E+00  1.5000E+00
9.2839E-02  4.6614E+03  3.0410E+03  1.0000E+00  0.0000E+00  0.0000E+00  1.5000E+00
1.0457E-01  4.6192E+03  3.3270E+03  1.0000E+00  0.0000E+00  0.0000E+00  1.5000E+00
1.1792E-01  4.5774E+03  3.6440E+03  1.0000E+00  0.0000E+00  0.0000E+00  1.5000E+00
1.3312E-01  4.5300E+03  3.9850E+03  1.0000E+00  0.0000E+00  0.0000E+00  1.5000E+00
1.5048E-01  4.4802E+03  4.3570E+03  1.0000E+00  0.0000E+00  0.0000E+00  1.5000E+00
1.7036E-01  4.4357E+03  4.7790E+03  1.0000E+00  0.0000E+00  0.0000E+00  1.5000E+00
1.9318E-01  4.3982E+03  5.2660E+03  1.0000E+00  0.0000E+00  0.0000E+00  1.5000E+00
2.1939E-01  4.3682E+03  5.8300E+03  1.0000E+00  0.0000E+00  0.0000E+00  1.5000E+00
2.4941E-01  4.3497E+03  6.4880E+03  1.0000E+00  0.0000E+00  0.0000E+00  1.5000E+00
2.8370E-01  4.3408E+03  7.2500E+03  1.0000E+00  0.0000E+00  0.0000E+00  1.5000E+00
3.2276E-01  4.3399E+03  8.1270E+03  1.0000E+00  0.0000E+00  0.0000E+00  1.5000E+00
3.6709E-01  4.3494E+03  9.1320E+03  1.0000E+00  0.0000E+00  0.0000E+00  1.5000E+00
4.1700E-01  4.3786E+03  1.0310E+04  1.0000E+00  0.0000E+00  0.0000E+00  1.5000E+00
4.7285E-01  4.4221E+03  1.1700E+04  1.0000E+00  0.0000E+00  0.0000E+00  1.5000E+00
5.3485E-01  4.4793E+03  1.3320E+04  1.0000E+00  0.0000E+00  0.0000E+00  1.5000E+00
6.0367E-01  4.5439E+03  1.5140E+04  1.0000E+00  0.0000E+00  0.0000E+00  1.5000E+00
6.8042E-01  4.6073E+03  1.7110E+04  1.0000E+00  0.0000E+00  0.0000E+00  1.5000E+00
7.6662E-01  4.6618E+03  1.9150E+04  1.0000E+00  0.0000E+00  0.0000E+00  1.5000E+00
8.6416E-01  4.7088E+03  2.1320E+04  1.0000E+00  0.0000E+00  0.0000E+00  1.5000E+00
9.7507E-01  4.7521E+03  2.3680E+04  1.0000E+00  0.0000E+00  0.0000E+00  1.5000E+00
1.1010E+00  4.8049E+03  2.6370E+04  1.0000E+00  0.0000E+00  0.0000E+00  1.5000E+00
1.2435E+00  4.8844E+03  2.9660E+04  1.0000E+00  0.0000E+00  0.0000E+00  1.5000E+00
1.4023E+00  5.0195E+03  3.4120E+04  1.0000E+00  0.0000E+00  0.0000E+00  1.5000E+00
1.5726E+00  5.2216E+03  4.0460E+04  1.0000E+00  0.0000E+00  0.0000E+00  1.5000E+00
1.7495E+00  5.4029E+03  4.7590E+04  1.0000E+00  0.0000E+00  0.0000E+00  1.5000E+00
1.9328E+00  5.4952E+03  5.3910E+04  1.0000E+00  0.0000E+00  0.0000E+00  1.5000E+00
2.1340E+00  5.5351E+03  5.9420E+04  1.0000E+00  0.0000E+00  0.0000E+00  1.5000E+00
2.3606E+00  5.5750E+03  6.4740E+04  1.0000E+00  0.0000E+00  0.0000E+00  1.5000E+00
2.6134E+00  5.6479E+03  7.0080E+04  1.0000E+00  0.0000E+00  0.0000E+00  1.5000E+00
2.8795E+00  5.7883E+03  7.5700E+04  1.0000E+00  0.0000E+00  0.0000E+00  1.5000E+00
3.1389E+00  5.9812E+03  8.1820E+04  1.0000E+00  0.0000E+00  0.0000E+00  1.5000E+00
3.3772E+00  6.1807E+03  8.7700E+04  1.0000E+00  0.0000E+00  0.0000E+00  1.5000E+00
3.5905E+00  6.3925E+03  9.3450E+04  1.0000E+00  0.0000E+00  0.0000E+00  1.5000E+00
3.7836E+00  6.5968E+03  9.8050E+04  1.0000E+00  0.0000E+00  0.0000E+00  1.5000E+00
3.9599E+00  6.8103E+03  1.0220E+05  1.0000E+00  0.0000E+00  0.0000E+00  1.5000E+00
4.1227E+00  7.0462E+03  1.0660E+05  1.0000E+00  0.0000E+00  0.0000E+00  1.5000E+00
4.2465E+00  7.3561E+03  1.0860E+05  1.0000E+00  0.0000E+00  0.0000E+00  1.5000E+00
4.3658E+00  7.6781E+03  1.1030E+05  1.0000E+00  0.0000E+00  0.0000E+00  1.5000E+00
4.4241E+00  8.0924E+03  1.1080E+05  1.0000E+00  0.0000E+00  0.0000E+00  1.5000E+00
4.4831E+00  8.5066E+03  1.1120E+05  1.0000E+00  0.0000E+00  0.0000E+00  1.5000E+00
4.5429E+00  8.9209E+03  1.1160E+05  1.0000E+00  0.0000E+00  0.0000E+00  1.5000E+00
4.5927E+00  9.2231E+03  1.1200E+05  1.0000E+00  0.0000E+00  0.0000E+00  1.5000E+00
4.6356E+00  9.4496E+03  1.1240E+05  1.0000E+00  0.0000E+00  0.0000E+00  1.5000E+00
4.6789E+00  9.6761E+03  1.1280E+05  1.0000E+00  0.0000E+00  0.0000E+00  1.5000E+00
4.7226E+00  9.9026E+03  1.1320E+05  1.0000E+00  0.0000E+00  0.0000E+00  1.5000E+00
4.7714E+00  1.0055E+04  1.1400E+05  1.0000E+00  0.0000E+00  0.0000E+00  1.5000E+00
4.8255E+00  1.0133E+04  1.1520E+05  1.0000E+00  0.0000E+00  0.0000E+00  1.5000E+00
4.8802E+00  1.0210E+04  1.1630E+05  1.0000E+00  0.0000E+00  0.0000E+00  1.5000E+00
4.9453E+00  1.0277E+04  1.1800E+05  1.0000E+00  0.0000E+00  0.0000E+00  1.5000E+00
5.0241E+00  1.0328E+04  1.2040E+05  1.0000E+00  0.0000E+00  0.0000E+00  1.5000E+00
5.1118E+00  1.0375E+04  1.2320E+05  1.0000E+00  0.0000E+00  0.0000E+00  1.5000E+00
5.2191E+00  1.0412E+04  1.2680E+05  1.0000E+00  0.0000E+00  0.0000E+00  1.5000E+00
5.3461E+00  1.0458E+04  1.3140E+05  1.0000E+00  0.0000E+00  0.0000E+00  1.5000E+00
5.4930E+00  1.0510E+04  1.3700E+05  1.0000E+00  0.0000E+00  0.0000E+00  1.5000E+00
5.6642E+00  1.0569E+04  1.4360E+05  1.0000E+00  0.0000E+00  0.0000E+00  1.5000E+00
5.8643E+00  1.0622E+04  1.5030E+05  1.0000E+00  0.0000E+00  0.0000E+00  1.5000E+00
6.1025E+00  1.0641E+04  1.5460E+05  1.0000E+00  0.0000E+00  0.0000E+00  1.5000E+00
6.3938E+00  1.0627E+04  1.5770E+05  1.0000E+00  0.0000E+00  0.0000E+00  1.5000E+00
6.7623E+00  1.0578E+04  1.6630E+05  1.0000E+00  0.0000E+00  0.0000E+00  1.5000E+00
7.2777E+00  1.0288E+04  1.8970E+05  1.0000E+00  0.0000E+00  0.0000E+00  1.5000E+00
8.1038E+00  1.0127E+04  2.2270E+05  1.0000E+00  0.0000E+00  0.0000E+00  1.5000E+00
8.9137E+00  1.0498E+04  2.5010E+05  1.0000E+00  0.0000E+00  0.0000E+00  1.5000E+00
