8.0669E-03  3.9482E+03  2.4070E+02  1.0000E+00  0.0000E+00  0.0000E+00  1.5000E+00
9.2743E-03  3.9247E+03  2.6790E+02  1.0000E+00  0.0000E+00  0.0000E+00  1.5000E+00
1.0669E-02  3.9137E+03  3.0000E+02  1.0000E+00  0.0000E+00  0.0000E+00  1.5000E+00
1.2276E-02  3.9068E+03  3.3670E+02  1.0000E+00  0.0000E+00  0.0000E+00  1.5000E+00
1.4121E-02  3.9069E+03  3.8020E+02  1.0000E+00  0.0000E+00  0.0000E+00  1.5000E+00
1.6229E-02  3.9129E+03  4.3110E+02  1.0000E+00  0.0000E+00  0.0000E+00  1.5000E+00
1.8625E-02  3.9212E+03  4.9020E+02  1.0000E+00  0.0000E+00  0.0000E+00  1.5000E+00
2.1347E-02  3.9269E+03  5.5760E+02  1.0000E+00  0.0000E+00  0.0000E+00  1.5000E+00
2.4441E-02  3.9279E+03  6.3300E+02  1.0000E+00  0.0000E+00  0.0000E+00  1.5000E+00
2.7957E-02  3.9282E+03  7.1860E+02  1.0000E+00  0.0000E+00  0.0000E+00  1.5000E+00
3.1956E-02  3.9286E+03  8.1540E+02  1.0000E+00  0.0000E+00  0.0000E+00  1.5000E+00
3.6507E-02  3.9219E+03  9.2580E+02  1.0000E+00  0.0000E+00  0.0000E+00  1.5000E+00
4.1676E-02  3.9258E+03  1.0540E+03  1.0000E+00  0.0000E+00  0.0000E+00  1.5000E+00
4.7500E-02  3.9465E+03  1.2030E+03  1.0000E+00  0.0000E+00  0.0000E+00  1.5000E+00
5.4026E-02  3.9688E+03  1.3780E+03  1.0000E+00  0.0000E+00  0.0000E+00  1.5000E+00
6.1314E-02  3.9970E+03  1.5720E+03  1.0000E+00  0.0000E+00  0.0000E+00  1.5000E+00
6.9455E-02  4.0267E+03  1.7870E+03  1.0000E+00  0.0000E+00  0.0000E+00  1.5000E+00
7.8589E-02  4.0519E+03  2.0220E+03  1.0000E+00  0.0000E+00  0.0000E+00  1.5000E+00
8.8868E-02  4.0767E+03  2.2830E+03  1.0000E+00  0.0000E+00  0.0000E+00  1.5000E+00
1.0041E-01  4.1090E+03  2.5820E+03  1.0000E+00  0.0000E+00  0.0000E+00  1.5000E+00
1.1328E-01  4.1500E+03  2.9450E+03  1.0000E+00  0.0000E+00  0.0000E+00  1.5000E+00
1.2753E-01  4.1975E+03  3.3820E+03  1.0000E+00  0.0000E+00  0.0000E+00  1.5000E+00
1.4326E-01  4.2478E+03  3.8870E+03  1.0000E+00  0.0000E+00  0.0000E+00  1.5000E+00
1.6070E-01  4.2884E+03  4.4290E+03  1.0000E+00  0.0000E+00  0.0000E+00  1.5000E+00
1.8030E-01  4.3015E+03  4.9650E+03  1.0000E+00  0.0000E+00  0.0000E+00  1.5000E+00
2.0271E-01  4.2883E+03  5.4990E+03  1.0000E+00  0.0000E+00  0.0000E+00  1.5000E+00
2.2851E-01  4.2758E+03  6.1020E+03  1.0000E+00  0.0000E+00  0.0000E+00  1.5000E+00
2.5796E-01  4.2838E+03  6.8310E+03  1.0000E+00  0.0000E+00  0.0000E+00  1.5000E+00
2.9121E-01  4.3133E+03  7.7160E+03  1.0000E+00  0.0000E+00  0.0000E+00  1.5000E+00
3.2834E-01  4.3555E+03  8.7570E+03  1.0000E+00  0.0000E+00  0.0000E+00  1.5000E+00
3.6972E-01  4.3952E+03  9.9220E+03  1.0000E+00  0.0000E+00  0.0000E+00  1.5000E+00
4.1601E-01  4.4297E+03  1.1220E+04  1.0000E+00  0.0000E+00  0.0000E+00  1.5000E+00
4.6790E-01  4.4637E+03  1.2670E+04  1.0000E+00  0.0000E+00  0.0000E+00  1.5000E+00
5.2610E-01  4.5035E+03  1.4290E+04  1.0000E+00  0.0000E+00  0.0000E+00  1.5000E+00
5.9136E-01  4.5586E+03  1.6080E+04  1.0000E+00  0.0000E+00  0.0000E+00  1.5000E+00
6.6470E-01  4.6196E+03  1.8020E+04  1.0000E+00  0.0000E+00  0.0000E+00  1.5000E+00
7.4736E-01  4.6738E+03  2.0170E+04  1.0000E+00  0.0000E+00  0.0000E+00  1.5000E+00
8.4064E-01  4.7259E+03  2.2620E+04  1.0000E+00  0.0000E+00  0.0000E+00  1.5000E+00
9.4578E-01  4.7818E+03  2.5410E+04  1.0000E+00  0.0000E+00  0.0000E+00  1.5000E+00
1.0645E+00  4.8346E+03  2.8370E+04  1.0000E+00  0.0000E+00  0.0000E+00  1.5000E+00
1.1994E+00  4.8937E+03  3.1480E+04  1.0000E+00  0.0000E+00  0.0000E+00  1.5000E+00
1.3529E+00  4.9700E+03  3.4910E+04  1.0000E+00  0.0000E+00  0.0000E+00  1.5000E+00
1.5269E+00  5.0640E+03  3.8980E+04  1.0000E+00  0.0000E+00  0.0000E+00  1.5000E+00
1.7230E+00  5.1653E+03  4.3300E+04  1.0000E+00  0.0000E+00  0.0000E+00  1.5000E+00
1.9433E+00  5.2849E+03  4.7610E+04  1.0000E+00  0.0000E+00  0.0000E+00  1.5000E+00
2.1871E+00  5.4235E+03  5.1690E+04  1.0000E+00  0.0000E+00  0.0000E+00  1.5000E+00
2.4478E+00  5.5856E+03  5.5050E+04  1.0000E+00  0.0000E+00  0.0000E+00  1.5000E+00
2.7154E+00  5.7462E+03  5.8420E+04  1.0000E+00  0.0000E+00  0.0000E+00  1.5000E+00
2.9835E+00  5.9033E+03  6.1870E+04  1.0000E+00  0.0000E+00  0.0000E+00  1.5000E+00
3.2434E+00  6.0637E+03  6.4860E+04  1.0000E+00  0.0000E+00  0.0000E+00  1.5000E+00
3.5007E+00  6.2125E+03  6.6090E+04  1.0000E+00  0.0000E+00  0.0000E+00  1.5000E+00
3.7626E+00  6.3391E+03  6.4930E+04  1.0000E+00  0.0000E+00  0.0000E+00  1.5000E+00
4.0289E+00  6.4839E+03  6.7110E+04  1.0000E+00  0.0000E+00  0.0000E+00  1.5000E+00
4.2903E+00  6.6447E+03  7.5530E+04  1.0000E+00  0.0000E+00  0.0000E+00  1.5000E+00
4.5278E+00  6.7869E+03  8.9030E+04  1.0000E+00  0.0000E+00  0.0000E+00  1.5000E+00
4.7512E+00  6.9411E+03  1.0330E+05  1.0000E+00  0.0000E+00  0.0000E+00  1.5000E+00
4.9652E+00  7.0878E+03  1.1670E+05  1.0000E+00  0.0000E+00  0.0000E+00  1.5000E+00
5.1697E+00  7.2639E+03  1.2910E+05  1.0000E+00  0.0000E+00  0.0000E+00  1.5000E+00
5.3699E+00  7.4105E+03  1.3790E+05  1.0000E+00  0.0000E+00  0.0000E+00  1.5000E+00
5.5776E+00  7.5323E+03  1.4670E+05  1.0000E+00  0.0000E+00  0.0000E+00  1.5000E+00
5.7961E+00  7.6244E+03  1.5600E+05  1.0000E+00  0.0000E+00  0.0000E+00  1.5000E+00
6.0674E+00  7.5375E+03  1.6750E+05  1.0000E+00  0.0000E+00  0.0000E+00  1.5000E+00
6.2603E+00  7.9974E+03  1.7560E+05  1.0000E+00  0.0000E+00  0.0000E+00  1.5000E+00
6.4346E+00  8.6033E+03  1.8300E+05  1.0000E+00  0.0000E+00  0.0000E+00  1.5000E+00
6.5232E+00  9.0459E+03  1.8580E+05  1.0000E+00  0.0000E+00  0.0000E+00  1.5000E+00
6.5932E+00  9.4528E+03  1.8760E+05  1.0000E+00  0.0000E+00  0.0000E+00  1.5000E+00
6.6639E+00  9.8597E+03  1.8950E+05  1.0000E+00  0.0000E+00  0.0000E+00  1.5000E+00
6.7354E+00  1.0267E+04  1.9140E+05  1.0000E+00  0.0000E+00  0.0000E+00  1.5000E+00
6.8058E+00  1.0515E+04  1.9270E+05  1.0000E+00  0.0000E+00  0.0000E+00  1.5000E+00
6.8755E+00  1.0653E+04  1.9370E+05  1.0000E+00  0.0000E+00  0.0000E+00  1.5000E+00
6.9459E+00  1.0792E+04  1.9460E+05  1.0000E+00  0.0000E+00  0.0000E+00  1.5000E+00
7.0171E+00  1.0930E+04  1.9560E+05  1.0000E+00  0.0000E+00  0.0000E+00  1.5000E+00
7.1179E+00  1.0955E+04  1.9590E+05  1.0000E+00  0.0000E+00  0.0000E+00  1.5000E+00
7.2246E+00  1.0963E+04  1.9620E+05  1.0000E+00  0.0000E+00  0.0000E+00  1.5000E+00
7.3565E+00  1.0971E+04  1.9720E+05  1.0000E+00  0.0000E+00  0.0000E+00  1.5000E+00
7.5167E+00  1.0980E+04  1.9890E+05  1.0000E+00  0.0000E+00  0.0000E+00  1.5000E+00
7.7216E+00  1.0994E+04  2.0040E+05  1.0000E+00  0.0000E+00  0.0000E+00  1.5000E+00
7.9670E+00  1.1013E+04  2.0300E+05  1.0000E+00  0.0000E+00  0.0000E+00  1.5000E+00
8.2647E+00  1.1025E+04  2.0750E+05  1.0000E+00  0.0000E+00  0.0000E+00  1.5000E+00
8.6304E+00  1.1024E+04  2.1350E+05  1.0000E+00  0.0000E+00  0.0000E+00  1.5000E+00
9.0848E+00  1.1011E+04  2.2180E+05  1.0000E+00  0.0000E+00  0.0000E+00  1.5000E+00
