9.2206E-03  3.8193E+03  2.0290E+02  1.0000E+00  0.0000E+00  0.0000E+00  1.5000E+00
1.0545E-02  3.8561E+03  2.3740E+02  1.0000E+00  0.0000E+00  0.0000E+00  1.5000E+00
1.2032E-02  3.8891E+03  2.7750E+02  1.0000E+00  0.0000E+00  0.0000E+00  1.5000E+00
1.3702E-02  3.9065E+03  3.2250E+02  1.0000E+00  0.0000E+00  0.0000E+00  1.5000E+00
1.5583E-02  3.9184E+03  3.7110E+02  1.0000E+00  0.0000E+00  0.0000E+00  1.5000E+00
1.7713E-02  3.9473E+03  4.2350E+02  1.0000E+00  0.0000E+00  0.0000E+00  1.5000E+00
2.0124E-02  3.9713E+03  4.8160E+02  1.0000E+00  0.0000E+00  0.0000E+00  1.5000E+00
2.2855E-02  4.0065E+03  5.4730E+02  1.0000E+00  0.0000E+00  0.0000E+00  1.5000E+00
2.5945E-02  4.0518E+03  6.2070E+02  1.0000E+00  0.0000E+00  0.0000E+00  1.5000E+00
2.9431E-02  4.1056E+03  7.0980E+02  1.0000E+00  0.0000E+00  0.0000E+00  1.5000E+00
3.3348E-02  4.1531E+03  8.1350E+02  1.0000E+00  0.0000E+00  0.0000E+00  1.5000E+00
3.7748E-02  4.1986E+03  9.3330E+02  1.0000E+00  0.0000E+00  0.0000E+00  1.5000E+00
4.2680E-02  4.2456E+03  1.0720E+03  1.0000E+00  0.0000E+00  0.0000E+00  1.5000E+00
4.8205E-02  4.2970E+03  1.2330E+03  1.0000E+00  0.0000E+00  0.0000E+00  1.5000E+00
5.4400E-02  4.3573E+03  1.4200E+03  1.0000E+00  0.0000E+00  0.0000E+00  1.5000E+00
6.1346E-02  4.4369E+03  1.6450E+03  1.0000E+00  0.0000E+00  0.0000E+00  1.5000E+00
6.9123E-02  4.5198E+03  1.9120E+03  1.0000E+00  0.0000E+00  0.0000E+00  1.5000E+00
7.7813E-02  4.5863E+03  2.2150E+03  1.0000E+00  0.0000E+00  0.0000E+00  1.5000E+00
8.7518E-02  4.6295E+03  2.5370E+03  1.0000E+00  0.0000E+00  0.0000E+00  1.5000E+00
9.8381E-02  4.6647E+03  2.8840E+03  1.0000E+00  0.0000E+00  0.0000E+00  1.5000E+00
1.1060E-01  4.6885E+03  3.2430E+03  1.0000E+00  0.0000E+00  0.0000E+00  1.5000E+00
1.2438E-01  4.7065E+03  3.6400E+03  1.0000E+00  0.0000E+00  0.0000E+00  1.5000E+00
1.3987E-01  4.7245E+03  4.1080E+03  1.0000E+00  0.0000E+00  0.0000E+00  1.5000E+00
1.5725E-01  4.7517E+03  4.6410E+03  1.0000E+00  0.0000E+00  0.0000E+00  1.5000E+00
1.7679E-01  4.7923E+03  5.2320E+03  1.0000E+00  0.0000E+00  0.0000E+00  1.5000E+00
1.9883E-01  4.8326E+03  5.8670E+03  1.0000E+00  0.0000E+00  0.0000E+00  1.5000E+00
2.2373E-01  4.8571E+03  6.5490E+03  1.0000E+00  0.0000E+00  0.0000E+00  1.5000E+00
2.5185E-01  4.8482E+03  7.3240E+03  1.0000E+00  0.0000E+00  0.0000E+00  1.5000E+00
2.8338E-01  4.8040E+03  8.2430E+03  1.0000E+00  0.0000E+00  0.0000E+00  1.5000E+00
3.1852E-01  4.7530E+03  9.2710E+03  1.0000E+00  0.0000E+00  0.0000E+00  1.5000E+00
3.5794E-01  4.7206E+03  1.0350E+04  1.0000E+00  0.0000E+00  0.0000E+00  1.5000E+00
4.0246E-01  4.6995E+03  1.1510E+04  1.0000E+00  0.0000E+00  0.0000E+00  1.5000E+00
4.5297E-01  4.6883E+03  1.2770E+04  1.0000E+00  0.0000E+00  0.0000E+00  1.5000E+00
5.1043E-01  4.6975E+03  1.4190E+04  1.0000E+00  0.0000E+00  0.0000E+00  1.5000E+00
5.7584E-01  4.7205E+03  1.5770E+04  1.0000E+00  0.0000E+00  0.0000E+00  1.5000E+00
6.5018E-01  4.7550E+03  1.7540E+04  1.0000E+00  0.0000E+00  0.0000E+00  1.5000E+00
7.3465E-01  4.7964E+03  1.9550E+04  1.0000E+00  0.0000E+00  0.0000E+00  1.5000E+00
8.3050E-01  4.8366E+03  2.1800E+04  1.0000E+00  0.0000E+00  0.0000E+00  1.5000E+00
9.3922E-01  4.8738E+03  2.4300E+04  1.0000E+00  0.0000E+00  0.0000E+00  1.5000E+00
1.0626E+00  4.9107E+03  2.7060E+04  1.0000E+00  0.0000E+00  0.0000E+00  1.5000E+00
1.2026E+00  4.9505E+03  3.0120E+04  1.0000E+00  0.0000E+00  0.0000E+00  1.5000E+00
1.3614E+00  4.9998E+03  3.3530E+04  1.0000E+00  0.0000E+00  0.0000E+00  1.5000E+00
1.5415E+00  5.0598E+03  3.7320E+04  1.0000E+00  0.0000E+00  0.0000E+00  1.5000E+00
1.7452E+00  5.1299E+03  4.1490E+04  1.0000E+00  0.0000E+00  0.0000E+00  1.5000E+00
1.9749E+00  5.2107E+03  4.6070E+04  1.0000E+00  0.0000E+00  0.0000E+00  1.5000E+00
2.2320E+00  5.3022E+03  5.1080E+04  1.0000E+00  0.0000E+00  0.0000E+00  1.5000E+00
2.5162E+00  5.4062E+03  5.6560E+04  1.0000E+00  0.0000E+00  0.0000E+00  1.5000E+00
2.8239E+00  5.5233E+03  6.2830E+04  1.0000E+00  0.0000E+00  0.0000E+00  1.5000E+00
3.1435E+00  5.6624E+03  7.0650E+04  1.0000E+00  0.0000E+00  0.0000E+00  1.5000E+00
3.4618E+00  5.7952E+03  7.9930E+04  1.0000E+00  0.0000E+00  0.0000E+00  1.5000E+00
3.7878E+00  5.8785E+03  8.9680E+04  1.0000E+00  0.0000E+00  0.0000E+00  1.5000E+00
4.1387E+00  5.9244E+03  9.9770E+04  1.0000E+00  0.0000E+00  0.0000E+00  1.5000E+00
4.5306E+00  5.9426E+03  1.1040E+05  1.0000E+00  0.0000E+00  0.0000E+00  1.5000E+00
4.9816E+00  5.9525E+03  1.2140E+05  1.0000E+00  0.0000E+00  0.0000E+00  1.5000E+00
5.4815E+00  6.0571E+03  1.2690E+05  1.0000E+00  0.0000E+00  0.0000E+00  1.5000E+00
6.0138E+00  6.1687E+03  1.2730E+05  1.0000E+00  0.0000E+00  0.0000E+00  1.5000E+00
6.5866E+00  6.2802E+03  1.2850E+05  1.0000E+00  0.0000E+00  0.0000E+00  1.5000E+00
7.1752E+00  6.4139E+03  1.3390E+05  1.0000E+00  0.0000E+00  0.0000E+00  1.5000E+00
7.7571E+00  6.5799E+03  1.4360E+05  1.0000E+00  0.0000E+00  0.0000E+00  1.5000E+00
8.2947E+00  6.7934E+03  1.5560E+05  1.0000E+00  0.0000E+00  0.0000E+00  1.5000E+00
8.7812E+00  6.9837E+03  1.6860E+05  1.0000E+00  0.0000E+00  0.0000E+00  1.5000E+00
9.2350E+00  7.1967E+03  1.8230E+05  1.0000E+00  0.0000E+00  0.0000E+00  1.5000E+00
9.6386E+00  7.4535E+03  1.9550E+05  1.0000E+00  0.0000E+00  0.0000E+00  1.5000E+00
9.9818E+00  7.7649E+03  2.0590E+05  1.0000E+00  0.0000E+00  0.0000E+00  1.5000E+00
1.0281E+01  8.0936E+03  2.1230E+05  1.0000E+00  0.0000E+00  0.0000E+00  1.5000E+00
1.0544E+01  8.4079E+03  2.1390E+05  1.0000E+00  0.0000E+00  0.0000E+00  1.5000E+00
1.0767E+01  8.7142E+03  2.1800E+05  1.0000E+00  0.0000E+00  0.0000E+00  1.5000E+00
1.0983E+01  9.0196E+03  2.2270E+05  1.0000E+00  0.0000E+00  0.0000E+00  1.5000E+00
1.1155E+01  9.3475E+03  2.2690E+05  1.0000E+00  0.0000E+00  0.0000E+00  1.5000E+00
1.1329E+01  9.6753E+03  2.3110E+05  1.0000E+00  0.0000E+00  0.0000E+00  1.5000E+00
1.1472E+01  9.9792E+03  2.3500E+05  1.0000E+00  0.0000E+00  0.0000E+00  1.5000E+00
1.1613E+01  1.0280E+04  2.3900E+05  1.0000E+00  0.0000E+00  0.0000E+00  1.5000E+00
1.1753E+01  1.0538E+04  2.4290E+05  1.0000E+00  0.0000E+00  0.0000E+00  1.5000E+00
1.1891E+01  1.0729E+04  2.4690E+05  1.0000E+00  0.0000E+00  0.0000E+00  1.5000E+00
1.2031E+01  1.0920E+04  2.5090E+05  1.0000E+00  0.0000E+00  0.0000E+00  1.5000E+00
1.2215E+01  1.0879E+04  2.5260E+05  1.0000E+00  0.0000E+00  0.0000E+00  1.5000E+00
1.2424E+01  1.0780E+04  2.5340E+05  1.0000E+00  0.0000E+00  0.0000E+00  1.5000E+00
1.2744E+01  1.0426E+04  2.4950E+05  1.0000E+00  0.0000E+00  0.0000E+00  1.5000E+00
1.3306E+01  1.0255E+04  2.4310E+05  1.0000E+00  0.0000E+00  0.0000E+00  1.5000E+00
1.3886E+01  1.0652E+04  2.5560E+05  1.0000E+00  0.0000E+00  0.0000E+00  1.5000E+00
1.4409E+01  1.0927E+04  2.7480E+05  1.0000E+00  0.0000E+00  0.0000E+00  1.5000E+00
