6.3216E-03  5.0561E+03  3.6630E+02  1.0000E+00  0.0000E+00  0.0000E+00  1.5000E+00
7.0563E-03  4.8897E+03  3.9940E+02  1.0000E+00  0.0000E+00  0.0000E+00  1.5000E+00
8.1076E-03  4.7047E+03  4.2960E+02  1.0000E+00  0.0000E+00  0.0000E+00  1.5000E+00
9.4995E-03  4.7184E+03  4.8510E+02  1.0000E+00  0.0000E+00  0.0000E+00  1.5000E+00
1.1010E-02  4.8459E+03  5.4560E+02  1.0000E+00  0.0000E+00  0.0000E+00  1.5000E+00
1.2667E-02  4.8903E+03  5.8400E+02  1.0000E+00  0.0000E+00  0.0000E+00  1.5000E+00
1.4543E-02  4.9342E+03  6.2860E+02  1.0000E+00  0.0000E+00  0.0000E+00  1.5000E+00
1.6594E-02  5.0099E+03  6.8860E+02  1.0000E+00  0.0000E+00  0.0000E+00  1.5000E+00
1.8833E-02  5.0544E+03  7.4480E+02  1.0000E+00  0.0000E+00  0.0000E+00  1.5000E+00
2.1319E-02  5.1033E+03  8.0010E+02  1.0000E+00  0.0000E+00  0.0000E+00  1.5000E+00
2.4029E-02  5.1679E+03  8.6260E+02  1.0000E+00  0.0000E+00  0.0000E+00  1.5000E+00
2.6961E-02  5.2218E+03  9.2290E+02  1.0000E+00  0.0000E+00  0.0000E+00  1.5000E+00
3.0259E-02  5.2454E+03  9.8240E+02  1.0000E+00  0.0000E+00  0.0000E+00  1.5000E+00
3.4074E-02  5.2570E+03  1.0580E+03  1.0000E+00  0.0000E+00  0.0000E+00  1.5000E+00
3.8632E-02  5.2314E+03  1.1500E+03  1.0000E+00  0.0000E+00  0.0000E+00  1.5000E+00
4.4481E-02  5.1544E+03  1.2730E+03  1.0000E+00  0.0000E+00  0.0000E+00  1.5000E+00
5.2320E-02  5.0276E+03  1.4390E+03  1.0000E+00  0.0000E+00  0.0000E+00  1.5000E+00
6.2471E-02  4.9292E+03  1.6700E+03  1.0000E+00  0.0000E+00  0.0000E+00  1.5000E+00
7.4346E-02  4.8791E+03  1.9580E+03  1.0000E+00  0.0000E+00  0.0000E+00  1.5000E+00
8.7671E-02  4.8460E+03  2.2800E+03  1.0000E+00  0.0000E+00  0.0000E+00  1.5000E+00
1.0245E-01  4.8371E+03  2.6330E+03  1.0000E+00  0.0000E+00  0.0000E+00  1.5000E+00
1.1885E-01  4.8407E+03  3.0090E+03  1.0000E+00  0.0000E+00  0.0000E+00  1.5000E+00
1.3721E-01  4.8504E+03  3.3690E+03  1.0000E+00  0.0000E+00  0.0000E+00  1.5000E+00
1.5799E-01  4.8643E+03  3.7650E+03  1.0000E+00  0.0000E+00  0.0000E+00  1.5000E+00
1.8117E-01  4.8302E+03  4.3280E+03  1.0000E+00  0.0000E+00  0.0000E+00  1.5000E+00
2.0672E-01  4.8175E+03  4.9940E+03  1.0000E+00  0.0000E+00  0.0000E+00  1.5000E+00
2.3482E-01  4.7769E+03  5.6930E+03  1.0000E+00  0.0000E+00  0.0000E+00  1.5000E+00
2.6597E-01  4.7565E+03  6.4500E+03  1.0000E+00  0.0000E+00  0.0000E+00  1.5000E+00
3.0066E-01  4.7287E+03  7.2850E+03  1.0000E+00  0.0000E+00  0.0000E+00  1.5000E+00
3.3943E-01  4.7609E+03  8.2250E+03  1.0000E+00  0.0000E+00  0.0000E+00  1.5000E+00
3.8317E-01  4.8393E+03  9.2730E+03  1.0000E+00  0.0000E+00  0.0000E+00  1.5000E+00
4.3245E-01  4.8620E+03  1.0430E+04  1.0000E+00  0.0000E+00  0.0000E+00  1.5000E+00
4.8781E-01  4.8851E+03  1.1750E+04  1.0000E+00  0.0000E+00  0.0000E+00  1.5000E+00
5.4996E-01  4.9042E+03  1.3220E+04  1.0000E+00  0.0000E+00  0.0000E+00  1.5000E+00
6.1978E-01  4.9208E+03  1.4890E+04  1.0000E+00  0.0000E+00  0.0000E+00  1.5000E+00
6.9795E-01  4.9444E+03  1.6850E+04  1.0000E+00  0.0000E+00  0.0000E+00  1.5000E+00
7.8523E-01  4.9822E+03  1.9140E+04  1.0000E+00  0.0000E+00  0.0000E+00  1.5000E+00
8.8223E-01  5.0330E+03  2.1870E+04  1.0000E+00  0.0000E+00  0.0000E+00  1.5000E+00
9.8919E-01  5.0989E+03  2.5110E+04  1.0000E+00  0.0000E+00  0.0000E+00  1.5000E+00
1.1059E+00  5.1850E+03  2.8970E+04  1.0000E+00  0.0000E+00  0.0000E+00  1.5000E+00
1.2331E+00  5.2519E+03  3.3130E+04  1.0000E+00  0.0000E+00  0.0000E+00  1.5000E+00
1.3730E+00  5.2893E+03  3.7510E+04  1.0000E+00  0.0000E+00  0.0000E+00  1.5000E+00
1.5292E+00  5.3185E+03  4.1860E+04  1.0000E+00  0.0000E+00  0.0000E+00  1.5000E+00
1.7052E+00  5.3540E+03  4.6330E+04  1.0000E+00  0.0000E+00  0.0000E+00  1.5000E+00
1.9035E+00  5.3878E+03  5.1360E+04  1.0000E+00  0.0000E+00  0.0000E+00  1.5000E+00
2.1281E+00  5.4004E+03  5.6830E+04  1.0000E+00  0.0000E+00  0.0000E+00  1.5000E+00
2.3805E+00  5.4728E+03  6.2650E+04  1.0000E+00  0.0000E+00  0.0000E+00  1.5000E+00
2.6589E+00  5.5589E+03  6.7480E+04  1.0000E+00  0.0000E+00  0.0000E+00  1.5000E+00
2.9751E+00  5.6118E+03  6.9550E+04  1.0000E+00  0.0000E+00  0.0000E+00  1.5000E+00
3.3332E+00  5.7297E+03  7.1530E+04  1.0000E+00  0.0000E+00  0.0000E+00  1.5000E+00
3.6991E+00  5.8793E+03  7.8080E+04  1.0000E+00  0.0000E+00  0.0000E+00  1.5000E+00
4.0512E+00  6.0129E+03  8.9670E+04  1.0000E+00  0.0000E+00  0.0000E+00  1.5000E+00
4.3983E+00  6.1254E+03  1.0420E+05  1.0000E+00  0.0000E+00  0.0000E+00  1.5000E+00
4.7181E+00  6.3202E+03  1.1640E+05  1.0000E+00  0.0000E+00  0.0000E+00  1.5000E+00
5.0057E+00  6.5255E+03  1.2780E+05  1.0000E+00  0.0000E+00  0.0000E+00  1.5000E+00
5.2707E+00  6.7146E+03  1.3630E+05  1.0000E+00  0.0000E+00  0.0000E+00  1.5000E+00
5.5076E+00  6.9447E+03  1.4260E+05  1.0000E+00  0.0000E+00  0.0000E+00  1.5000E+00
5.7274E+00  7.1412E+03  1.4970E+05  1.0000E+00  0.0000E+00  0.0000E+00  1.5000E+00
5.9432E+00  7.3217E+03  1.5660E+05  1.0000E+00  0.0000E+00  0.0000E+00  1.5000E+00
6.1547E+00  7.4846E+03  1.6150E+05  1.0000E+00  0.0000E+00  0.0000E+00  1.5000E+00
6.3134E+00  7.8433E+03  1.6490E+05  1.0000E+00  0.0000E+00  0.0000E+00  1.5000E+00
6.4437E+00  8.3057E+03  1.6760E+05  1.0000E+00  0.0000E+00  0.0000E+00  1.5000E+00
6.5658E+00  8.7365E+03  1.7000E+05  1.0000E+00  0.0000E+00  0.0000E+00  1.5000E+00
6.6457E+00  9.0407E+03  1.7130E+05  1.0000E+00  0.0000E+00  0.0000E+00  1.5000E+00
6.7266E+00  9.3450E+03  1.7260E+05  1.0000E+00  0.0000E+00  0.0000E+00  1.5000E+00
6.8084E+00  9.6492E+03  1.7390E+05  1.0000E+00  0.0000E+00  0.0000E+00  1.5000E+00
6.8913E+00  9.8444E+03  1.7520E+05  1.0000E+00  0.0000E+00  0.0000E+00  1.5000E+00
6.9751E+00  9.9852E+03  1.7650E+05  1.0000E+00  0.0000E+00  0.0000E+00  1.5000E+00
7.0600E+00  1.0126E+04  1.7780E+05  1.0000E+00  0.0000E+00  0.0000E+00  1.5000E+00
7.1609E+00  1.0214E+04  1.7960E+05  1.0000E+00  0.0000E+00  0.0000E+00  1.5000E+00
7.2767E+00  1.0256E+04  1.8170E+05  1.0000E+00  0.0000E+00  0.0000E+00  1.5000E+00
7.4056E+00  1.0299E+04  1.8440E+05  1.0000E+00  0.0000E+00  0.0000E+00  1.5000E+00
7.5660E+00  1.0345E+04  1.8850E+05  1.0000E+00  0.0000E+00  0.0000E+00  1.5000E+00
7.7535E+00  1.0395E+04  1.9350E+05  1.0000E+00  0.0000E+00  0.0000E+00  1.5000E+00
7.9704E+00  1.0449E+04  1.9950E+05  1.0000E+00  0.0000E+00  0.0000E+00  1.5000E+00
8.2250E+00  1.0503E+04  2.0660E+05  1.0000E+00  0.0000E+00  0.0000E+00  1.5000E+00
8.5245E+00  1.0554E+04  2.1460E+05  1.0000E+00  0.0000E+00  0.0000E+00  1.5000E+00
8.8755E+00  1.0609E+04  2.2390E+05  1.0000E+00  0.0000E+00  0.0000E+00  1.5000E+00
9.2828E+00  1.0668E+04  2.3470E+05  1.0000E+00  0.0000E+00  0.0000E+00  1.5000E+00
9.7537E+00  1.0723E+04  2.4810E+05  1.0000E+00  0.0000E+00  0.0000E+00  1.5000E+00
1.0312E+01  1.0754E+04  2.6490E+05  1.0000E+00  0.0000E+00  0.0000E+00  1.5000E+00
