8.8809E-03  3.9938E+03  2.0250E+02  1.0000E+00  0.0000E+00  0.0000E+00  1.5000E+00
1.0223E-02  4.0278E+03  2.3340E+02  1.0000E+00  0.0000E+00  0.0000E+00  1.5000E+00
1.1751E-02  4.0513E+03  2.6700E+02  1.0000E+00  0.0000E+00  0.0000E+00  1.5000E+00
1.3493E-02  4.0562E+03  3.0260E+02  1.0000E+00  0.0000E+00  0.0000E+00  1.5000E+00
1.5479E-02  4.0470E+03  3.4140E+02  1.0000E+00  0.0000E+00  0.0000E+00  1.5000E+00
1.7742E-02  4.0369E+03  3.8520E+02  1.0000E+00  0.0000E+00  0.0000E+00  1.5000E+00
2.0319E-02  4.0335E+03  4.3540E+02  1.0000E+00  0.0000E+00  0.0000E+00  1.5000E+00
2.3247E-02  4.0393E+03  4.9350E+02  1.0000E+00  0.0000E+00  0.0000E+00  1.5000E+00
2.6570E-02  4.0491E+03  5.5990E+02  1.0000E+00  0.0000E+00  0.0000E+00  1.5000E+00
3.0334E-02  4.0578E+03  6.3520E+02  1.0000E+00  0.0000E+00  0.0000E+00  1.5000E+00
3.4591E-02  4.0692E+03  7.2190E+02  1.0000E+00  0.0000E+00  0.0000E+00  1.5000E+00
3.9397E-02  4.0843E+03  8.2230E+02  1.0000E+00  0.0000E+00  0.0000E+00  1.5000E+00
4.4801E-02  4.1091E+03  9.3800E+02  1.0000E+00  0.0000E+00  0.0000E+00  1.5000E+00
5.0870E-02  4.1489E+03  1.0710E+03  1.0000E+00  0.0000E+00  0.0000E+00  1.5000E+00
5.7685E-02  4.1834E+03  1.2200E+03  1.0000E+00  0.0000E+00  0.0000E+00  1.5000E+00
6.5341E-02  4.2047E+03  1.3860E+03  1.0000E+00  0.0000E+00  0.0000E+00  1.5000E+00
7.3954E-02  4.2309E+03  1.5760E+03  1.0000E+00  0.0000E+00  0.0000E+00  1.5000E+00
8.3594E-02  4.2782E+03  1.8060E+03  1.0000E+00  0.0000E+00  0.0000E+00  1.5000E+00
9.4356E-02  4.3355E+03  2.0770E+03  1.0000E+00  0.0000E+00  0.0000E+00  1.5000E+00
1.0636E-01  4.3971E+03  2.3840E+03  1.0000E+00  0.0000E+00  0.0000E+00  1.5000E+00
1.1983E-01  4.4622E+03  2.7230E+03  1.0000E+00  0.0000E+00  0.0000E+00  1.5000E+00
1.3502E-01  4.5340E+03  3.0950E+03  1.0000E+00  0.0000E+00  0.0000E+00  1.5000E+00
1.5221E-01  4.6184E+03  3.5280E+03  1.0000E+00  0.0000E+00  0.0000E+00  1.5000E+00
1.7156E-01  4.7252E+03  4.0710E+03  1.0000E+00  0.0000E+00  0.0000E+00  1.5000E+00
1.9315E-01  4.8316E+03  4.7010E+03  1.0000E+00  0.0000E+00  0.0000E+00  1.5000E+00
2.1699E-01  4.9184E+03  5.4000E+03  1.0000E+00  0.0000E+00  0.0000E+00  1.5000E+00
2.4327E-01  4.9651E+03  6.1770E+03  1.0000E+00  0.0000E+00  0.0000E+00  1.5000E+00
2.7222E-01  5.0155E+03  7.0310E+03  1.0000E+00  0.0000E+00  0.0000E+00  1.5000E+00
3.0350E-01  5.1513E+03  7.9540E+03  1.0000E+00  0.0000E+00  0.0000E+00  1.5000E+00
3.3642E-01  5.2507E+03  8.8940E+03  1.0000E+00  0.0000E+00  0.0000E+00  1.5000E+00
3.7235E-01  5.2759E+03  9.9080E+03  1.0000E+00  0.0000E+00  0.0000E+00  1.5000E+00
4.1307E-01  5.2834E+03  1.1050E+04  1.0000E+00  0.0000E+00  0.0000E+00  1.5000E+00
4.5932E-01  5.2954E+03  1.2300E+04  1.0000E+00  0.0000E+00  0.0000E+00  1.5000E+00
5.1198E-01  5.3055E+03  1.3700E+04  1.0000E+00  0.0000E+00  0.0000E+00  1.5000E+00
5.7190E-01  5.3132E+03  1.5250E+04  1.0000E+00  0.0000E+00  0.0000E+00  1.5000E+00
6.4007E-01  5.3239E+03  1.7020E+04  1.0000E+00  0.0000E+00  0.0000E+00  1.5000E+00
7.1710E-01  5.3406E+03  1.9070E+04  1.0000E+00  0.0000E+00  0.0000E+00  1.5000E+00
8.0380E-01  5.3587E+03  2.1350E+04  1.0000E+00  0.0000E+00  0.0000E+00  1.5000E+00
9.0168E-01  5.3724E+03  2.3830E+04  1.0000E+00  0.0000E+00  0.0000E+00  1.5000E+00
1.0128E+00  5.3843E+03  2.6470E+04  1.0000E+00  0.0000E+00  0.0000E+00  1.5000E+00
1.1394E+00  5.3960E+03  2.9240E+04  1.0000E+00  0.0000E+00  0.0000E+00  1.5000E+00
1.2856E+00  5.3884E+03  3.1900E+04  1.0000E+00  0.0000E+00  0.0000E+00  1.5000E+00
1.4596E+00  5.3374E+03  3.4240E+04  1.0000E+00  0.0000E+00  0.0000E+00  1.5000E+00
1.6696E+00  5.2969E+03  3.6960E+04  1.0000E+00  0.0000E+00  0.0000E+00  1.5000E+00
1.9153E+00  5.2854E+03  4.0470E+04  1.0000E+00  0.0000E+00  0.0000E+00  1.5000E+00
2.1999E+00  5.3000E+03  4.4410E+04  1.0000E+00  0.0000E+00  0.0000E+00  1.5000E+00
2.5094E+00  5.4462E+03  5.1000E+04  1.0000E+00  0.0000E+00  0.0000E+00  1.5000E+00
2.8361E+00  5.4316E+03  6.0920E+04  1.0000E+00  0.0000E+00  0.0000E+00  1.5000E+00
3.1944E+00  5.4937E+03  7.1830E+04  1.0000E+00  0.0000E+00  0.0000E+00  1.5000E+00
3.5665E+00  5.6185E+03  7.9110E+04  1.0000E+00  0.0000E+00  0.0000E+00  1.5000E+00
3.9479E+00  5.7742E+03  8.9090E+04  1.0000E+00  0.0000E+00  0.0000E+00  1.5000E+00
4.3232E+00  5.9235E+03  9.8240E+04  1.0000E+00  0.0000E+00  0.0000E+00  1.5000E+00
4.6873E+00  6.0894E+03  1.0640E+05  1.0000E+00  0.0000E+00  0.0000E+00  1.5000E+00
5.0334E+00  6.2526E+03  1.1340E+05  1.0000E+00  0.0000E+00  0.0000E+00  1.5000E+00
5.3690E+00  6.4182E+03  1.1960E+05  1.0000E+00  0.0000E+00  0.0000E+00  1.5000E+00
5.6893E+00  6.5939E+03  1.2580E+05  1.0000E+00  0.0000E+00  0.0000E+00  1.5000E+00
5.9978E+00  6.7585E+03  1.3230E+05  1.0000E+00  0.0000E+00  0.0000E+00  1.5000E+00
6.2994E+00  6.9145E+03  1.3960E+05  1.0000E+00  0.0000E+00  0.0000E+00  1.5000E+00
6.6078E+00  7.0187E+03  1.4810E+05  1.0000E+00  0.0000E+00  0.0000E+00  1.5000E+00
6.9416E+00  7.0782E+03  1.5900E+05  1.0000E+00  0.0000E+00  0.0000E+00  1.5000E+00
7.2912E+00  7.2243E+03  1.6990E+05  1.0000E+00  0.0000E+00  0.0000E+00  1.5000E+00
7.5740E+00  7.6098E+03  1.7740E+05  1.0000E+00  0.0000E+00  0.0000E+00  1.5000E+00
7.7607E+00  8.1932E+03  1.8290E+05  1.0000E+00  0.0000E+00  0.0000E+00  1.5000E+00
7.9049E+00  8.6623E+03  1.8710E+05  1.0000E+00  0.0000E+00  0.0000E+00  1.5000E+00
8.0045E+00  9.0178E+03  1.8980E+05  1.0000E+00  0.0000E+00  0.0000E+00  1.5000E+00
8.1054E+00  9.3734E+03  1.9260E+05  1.0000E+00  0.0000E+00  0.0000E+00  1.5000E+00
8.2029E+00  9.6874E+03  1.9510E+05  1.0000E+00  0.0000E+00  0.0000E+00  1.5000E+00
8.2900E+00  9.8970E+03  1.9700E+05  1.0000E+00  0.0000E+00  0.0000E+00  1.5000E+00
8.3781E+00  1.0107E+04  1.9900E+05  1.0000E+00  0.0000E+00  0.0000E+00  1.5000E+00
8.4671E+00  1.0316E+04  2.0090E+05  1.0000E+00  0.0000E+00  0.0000E+00  1.5000E+00
8.5700E+00  1.0446E+04  2.0310E+05  1.0000E+00  0.0000E+00  0.0000E+00  1.5000E+00
8.6755E+00  1.0568E+04  2.0520E+05  1.0000E+00  0.0000E+00  0.0000E+00  1.5000E+00
8.7888E+00  1.0680E+04  2.0740E+05  1.0000E+00  0.0000E+00  0.0000E+00  1.5000E+00
8.9276E+00  1.0758E+04  2.0950E+05  1.0000E+00  0.0000E+00  0.0000E+00  1.5000E+00
9.0760E+00  1.0832E+04  2.1180E+05  1.0000E+00  0.0000E+00  0.0000E+00  1.5000E+00
9.2572E+00  1.0893E+04  2.1540E+05  1.0000E+00  0.0000E+00  0.0000E+00  1.5000E+00
9.4676E+00  1.0950E+04  2.1980E+05  1.0000E+00  0.0000E+00  0.0000E+00  1.5000E+00
9.7115E+00  1.1010E+04  2.2610E+05  1.0000E+00  0.0000E+00  0.0000E+00  1.5000E+00
9.9956E+00  1.1082E+04  2.3530E+05  1.0000E+00  0.0000E+00  0.0000E+00  1.5000E+00
1.0324E+01  1.1157E+04  2.4660E+05  1.0000E+00  0.0000E+00  0.0000E+00  1.5000E+00
1.0704E+01  1.1215E+04  2.5840E+05  1.0000E+00  0.0000E+00  0.0000E+00  1.5000E+00
