7.3546E-03  4.1660E+03  2.7180E+02  1.0000E+00  0.0000E+00  0.0000E+00  1.5000E+00
8.5152E-03  4.1953E+03  3.0780E+02  1.0000E+00  0.0000E+00  0.0000E+00  1.5000E+00
9.8468E-03  4.2241E+03  3.4810E+02  1.0000E+00  0.0000E+00  0.0000E+00  1.5000E+00
1.1372E-02  4.2508E+03  3.9360E+02  1.0000E+00  0.0000E+00  0.0000E+00  1.5000E+00
1.3114E-02  4.2759E+03  4.4550E+02  1.0000E+00  0.0000E+00  0.0000E+00  1.5000E+00
1.5100E-02  4.3013E+03  5.0450E+02  1.0000E+00  0.0000E+00  0.0000E+00  1.5000E+00
1.7358E-02  4.3251E+03  5.7100E+02  1.0000E+00  0.0000E+00  0.0000E+00  1.5000E+00
1.9921E-02  4.3419E+03  6.4460E+02  1.0000E+00  0.0000E+00  0.0000E+00  1.5000E+00
2.2825E-02  4.3480E+03  7.2550E+02  1.0000E+00  0.0000E+00  0.0000E+00  1.5000E+00
2.6111E-02  4.3445E+03  8.1380E+02  1.0000E+00  0.0000E+00  0.0000E+00  1.5000E+00
2.9826E-02  4.3373E+03  9.1050E+02  1.0000E+00  0.0000E+00  0.0000E+00  1.5000E+00
3.4032E-02  4.3306E+03  1.0180E+03  1.0000E+00  0.0000E+00  0.0000E+00  1.5000E+00
3.8790E-02  4.3258E+03  1.1380E+03  1.0000E+00  0.0000E+00  0.0000E+00  1.5000E+00
4.4178E-02  4.3237E+03  1.2740E+03  1.0000E+00  0.0000E+00  0.0000E+00  1.5000E+00
5.0278E-02  4.3194E+03  1.4260E+03  1.0000E+00  0.0000E+00  0.0000E+00  1.5000E+00
5.7184E-02  4.3118E+03  1.5960E+03  1.0000E+00  0.0000E+00  0.0000E+00  1.5000E+00
6.5000E-02  4.3024E+03  1.7850E+03  1.0000E+00  0.0000E+00  0.0000E+00  1.5000E+00
7.3856E-02  4.2948E+03  1.9980E+03  1.0000E+00  0.0000E+00  0.0000E+00  1.5000E+00
8.3896E-02  4.2912E+03  2.2380E+03  1.0000E+00  0.0000E+00  0.0000E+00  1.5000E+00
9.5271E-02  4.2903E+03  2.5110E+03  1.0000E+00  0.0000E+00  0.0000E+00  1.5000E+00
1.0815E-01  4.2888E+03  2.8200E+03  1.0000E+00  0.0000E+00  0.0000E+00  1.5000E+00
1.2273E-01  4.2871E+03  3.1700E+03  1.0000E+00  0.0000E+00  0.0000E+00  1.5000E+00
1.3924E-01  4.2921E+03  3.5610E+03  1.0000E+00  0.0000E+00  0.0000E+00  1.5000E+00
1.5791E-01  4.3109E+03  4.0000E+03  1.0000E+00  0.0000E+00  0.0000E+00  1.5000E+00
1.7902E-01  4.3386E+03  4.4900E+03  1.0000E+00  0.0000E+00  0.0000E+00  1.5000E+00
2.0285E-01  4.3749E+03  5.0440E+03  1.0000E+00  0.0000E+00  0.0000E+00  1.5000E+00
2.2974E-01  4.4170E+03  5.6640E+03  1.0000E+00  0.0000E+00  0.0000E+00  1.5000E+00
2.6010E-01  4.4651E+03  6.3580E+03  1.0000E+00  0.0000E+00  0.0000E+00  1.5000E+00
2.9433E-01  4.5279E+03  7.1540E+03  1.0000E+00  0.0000E+00  0.0000E+00  1.5000E+00
3.3301E-01  4.5898E+03  8.0350E+03  1.0000E+00  0.0000E+00  0.0000E+00  1.5000E+00
3.7678E-01  4.6429E+03  9.0160E+03  1.0000E+00  0.0000E+00  0.0000E+00  1.5000E+00
4.2627E-01  4.6922E+03  1.0140E+04  1.0000E+00  0.0000E+00  0.0000E+00  1.5000E+00
4.8205E-01  4.7298E+03  1.1440E+04  1.0000E+00  0.0000E+00  0.0000E+00  1.5000E+00
5.4468E-01  4.7802E+03  1.2970E+04  1.0000E+00  0.0000E+00  0.0000E+00  1.5000E+00
6.1487E-01  4.8154E+03  1.4700E+04  1.0000E+00  0.0000E+00  0.0000E+00  1.5000E+00
6.9332E-01  4.8627E+03  1.6710E+04  1.0000E+00  0.0000E+00  0.0000E+00  1.5000E+00
7.8108E-01  4.9097E+03  1.8920E+04  1.0000E+00  0.0000E+00  0.0000E+00  1.5000E+00
8.7935E-01  4.9560E+03  2.1410E+04  1.0000E+00  0.0000E+00  0.0000E+00  1.5000E+00
9.8919E-01  5.0164E+03  2.4270E+04  1.0000E+00  0.0000E+00  0.0000E+00  1.5000E+00
1.1117E+00  5.0765E+03  2.7450E+04  1.0000E+00  0.0000E+00  0.0000E+00  1.5000E+00
1.2487E+00  5.1298E+03  3.0890E+04  1.0000E+00  0.0000E+00  0.0000E+00  1.5000E+00
1.4023E+00  5.1727E+03  3.4500E+04  1.0000E+00  0.0000E+00  0.0000E+00  1.5000E+00
1.5751E+00  5.2134E+03  3.8460E+04  1.0000E+00  0.0000E+00  0.0000E+00  1.5000E+00
1.7692E+00  5.2613E+03  4.2920E+04  1.0000E+00  0.0000E+00  0.0000E+00  1.5000E+00
1.9852E+00  5.3291E+03  4.8230E+04  1.0000E+00  0.0000E+00  0.0000E+00  1.5000E+00
2.2207E+00  5.4230E+03  5.4690E+04  1.0000E+00  0.0000E+00  0.0000E+00  1.5000E+00
2.4717E+00  5.5196E+03  6.1830E+04  1.0000E+00  0.0000E+00  0.0000E+00  1.5000E+00
2.7383E+00  5.6129E+03  6.9570E+04  1.0000E+00  0.0000E+00  0.0000E+00  1.5000E+00
3.0238E+00  5.6785E+03  7.7380E+04  1.0000E+00  0.0000E+00  0.0000E+00  1.5000E+00
3.3352E+00  5.7331E+03  8.5390E+04  1.0000E+00  0.0000E+00  0.0000E+00  1.5000E+00
3.6777E+00  5.7968E+03  9.4330E+04  1.0000E+00  0.0000E+00  0.0000E+00  1.5000E+00
4.0408E+00  5.8999E+03  1.0220E+05  1.0000E+00  0.0000E+00  0.0000E+00  1.5000E+00
4.4218E+00  6.0048E+03  1.1000E+05  1.0000E+00  0.0000E+00  0.0000E+00  1.5000E+00
4.8240E+00  6.0934E+03  1.1750E+05  1.0000E+00  0.0000E+00  0.0000E+00  1.5000E+00
5.2266E+00  6.2896E+03  1.1760E+05  1.0000E+00  0.0000E+00  0.0000E+00  1.5000E+00
5.6249E+00  6.4834E+03  1.0650E+05  1.0000E+00  0.0000E+00  0.0000E+00  1.5000E+00
6.0138E+00  6.7319E+03  9.5240E+04  1.0000E+00  0.0000E+00  0.0000E+00  1.5000E+00
6.3653E+00  6.9949E+03  9.4690E+04  1.0000E+00  0.0000E+00  0.0000E+00  1.5000E+00
6.6696E+00  7.1964E+03  1.0920E+05  1.0000E+00  0.0000E+00  0.0000E+00  1.5000E+00
6.9802E+00  7.1898E+03  1.3290E+05  1.0000E+00  0.0000E+00  0.0000E+00  1.5000E+00
7.3741E+00  7.0070E+03  1.5920E+05  1.0000E+00  0.0000E+00  0.0000E+00  1.5000E+00
7.6164E+00  7.7047E+03  1.7470E+05  1.0000E+00  0.0000E+00  0.0000E+00  1.5000E+00
7.7855E+00  8.3159E+03  1.8520E+05  1.0000E+00  0.0000E+00  0.0000E+00  1.5000E+00
7.8659E+00  8.7545E+03  1.8880E+05  1.0000E+00  0.0000E+00  0.0000E+00  1.5000E+00
7.9472E+00  9.1932E+03  1.9230E+05  1.0000E+00  0.0000E+00  0.0000E+00  1.5000E+00
8.0293E+00  9.6318E+03  1.9600E+05  1.0000E+00  0.0000E+00  0.0000E+00  1.5000E+00
8.1052E+00  9.9727E+03  1.9880E+05  1.0000E+00  0.0000E+00  0.0000E+00  1.5000E+00
8.1719E+00  1.0179E+04  2.0040E+05  1.0000E+00  0.0000E+00  0.0000E+00  1.5000E+00
8.2392E+00  1.0386E+04  2.0210E+05  1.0000E+00  0.0000E+00  0.0000E+00  1.5000E+00
8.3071E+00  1.0592E+04  2.0370E+05  1.0000E+00  0.0000E+00  0.0000E+00  1.5000E+00
8.3786E+00  1.0780E+04  2.0530E+05  1.0000E+00  0.0000E+00  0.0000E+00  1.5000E+00
8.4684E+00  1.0862E+04  2.0670E+05  1.0000E+00  0.0000E+00  0.0000E+00  1.5000E+00
8.5592E+00  1.0945E+04  2.0810E+05  1.0000E+00  0.0000E+00  0.0000E+00  1.5000E+00
8.6571E+00  1.1018E+04  2.0960E+05  1.0000E+00  0.0000E+00  0.0000E+00  1.5000E+00
8.7916E+00  1.1039E+04  2.1130E+05  1.0000E+00  0.0000E+00  0.0000E+00  1.5000E+00
8.9353E+00  1.1060E+04  2.1310E+05  1.0000E+00  0.0000E+00  0.0000E+00  1.5000E+00
9.1240E+00  1.1075E+04  2.1440E+05  1.0000E+00  0.0000E+00  0.0000E+00  1.5000E+00
9.3508E+00  1.1093E+04  2.1630E+05  1.0000E+00  0.0000E+00  0.0000E+00  1.5000E+00
9.6256E+00  1.1107E+04  2.1840E+05  1.0000E+00  0.0000E+00  0.0000E+00  1.5000E+00
9.9627E+00  1.1100E+04  2.2110E+05  1.0000E+00  0.0000E+00  0.0000E+00  1.5000E+00
1.0394E+01  1.1036E+04  2.2540E+05  1.0000E+00  0.0000E+00  0.0000E+00  1.5000E+00
