7.9903E-03  4.5121E+03  2.9590E+02  1.0000E+00  0.0000E+00  0.0000E+00  1.5000E+00
9.1730E-03  4.5961E+03  3.5270E+02  1.0000E+00  0.0000E+00  0.0000E+00  1.5000E+00
1.0466E-02  4.6627E+03  4.1660E+02  1.0000E+00  0.0000E+00  0.0000E+00  1.5000E+00
1.1883E-02  4.7110E+03  4.8560E+02  1.0000E+00  0.0000E+00  0.0000E+00  1.5000E+00
1.3450E-02  4.7438E+03  5.5800E+02  1.0000E+00  0.0000E+00  0.0000E+00  1.5000E+00
1.5200E-02  4.7689E+03  6.3470E+02  1.0000E+00  0.0000E+00  0.0000E+00  1.5000E+00
1.7171E-02  4.7855E+03  7.1460E+02  1.0000E+00  0.0000E+00  0.0000E+00  1.5000E+00
1.9408E-02  4.8005E+03  8.0090E+02  1.0000E+00  0.0000E+00  0.0000E+00  1.5000E+00
2.1952E-02  4.8132E+03  8.9510E+02  1.0000E+00  0.0000E+00  0.0000E+00  1.5000E+00
2.4841E-02  4.8307E+03  1.0010E+03  1.0000E+00  0.0000E+00  0.0000E+00  1.5000E+00
2.8129E-02  4.8415E+03  1.1150E+03  1.0000E+00  0.0000E+00  0.0000E+00  1.5000E+00
3.1885E-02  4.8478E+03  1.2390E+03  1.0000E+00  0.0000E+00  0.0000E+00  1.5000E+00
3.6197E-02  4.8448E+03  1.3720E+03  1.0000E+00  0.0000E+00  0.0000E+00  1.5000E+00
4.1173E-02  4.8330E+03  1.5160E+03  1.0000E+00  0.0000E+00  0.0000E+00  1.5000E+00
4.6941E-02  4.8068E+03  1.6650E+03  1.0000E+00  0.0000E+00  0.0000E+00  1.5000E+00
5.3637E-02  4.7738E+03  1.8270E+03  1.0000E+00  0.0000E+00  0.0000E+00  1.5000E+00
6.1384E-02  4.7324E+03  1.9950E+03  1.0000E+00  0.0000E+00  0.0000E+00  1.5000E+00
7.0284E-02  4.6959E+03  2.1850E+03  1.0000E+00  0.0000E+00  0.0000E+00  1.5000E+00
8.0435E-02  4.6727E+03  2.4160E+03  1.0000E+00  0.0000E+00  0.0000E+00  1.5000E+00
9.1911E-02  4.6333E+03  2.6690E+03  1.0000E+00  0.0000E+00  0.0000E+00  1.5000E+00
1.0485E-01  4.6041E+03  2.9630E+03  1.0000E+00  0.0000E+00  0.0000E+00  1.5000E+00
1.1948E-01  4.5845E+03  3.2840E+03  1.0000E+00  0.0000E+00  0.0000E+00  1.5000E+00
1.3603E-01  4.5681E+03  3.6340E+03  1.0000E+00  0.0000E+00  0.0000E+00  1.5000E+00
1.5480E-01  4.5511E+03  4.0350E+03  1.0000E+00  0.0000E+00  0.0000E+00  1.5000E+00
1.7601E-01  4.5381E+03  4.5010E+03  1.0000E+00  0.0000E+00  0.0000E+00  1.5000E+00
1.9992E-01  4.5377E+03  5.0580E+03  1.0000E+00  0.0000E+00  0.0000E+00  1.5000E+00
2.2679E-01  4.5527E+03  5.7260E+03  1.0000E+00  0.0000E+00  0.0000E+00  1.5000E+00
2.5684E-01  4.5785E+03  6.5130E+03  1.0000E+00  0.0000E+00  0.0000E+00  1.5000E+00
2.9041E-01  4.6158E+03  7.4430E+03  1.0000E+00  0.0000E+00  0.0000E+00  1.5000E+00
3.2768E-01  4.6637E+03  8.5420E+03  1.0000E+00  0.0000E+00  0.0000E+00  1.5000E+00
3.6918E-01  4.7114E+03  9.7830E+03  1.0000E+00  0.0000E+00  0.0000E+00  1.5000E+00
4.1544E-01  4.7515E+03  1.1150E+04  1.0000E+00  0.0000E+00  0.0000E+00  1.5000E+00
4.6705E-01  4.7897E+03  1.2690E+04  1.0000E+00  0.0000E+00  0.0000E+00  1.5000E+00
5.2464E-01  4.8334E+03  1.4460E+04  1.0000E+00  0.0000E+00  0.0000E+00  1.5000E+00
5.8891E-01  4.8752E+03  1.6440E+04  1.0000E+00  0.0000E+00  0.0000E+00  1.5000E+00
6.6103E-01  4.8927E+03  1.8430E+04  1.0000E+00  0.0000E+00  0.0000E+00  1.5000E+00
7.4265E-01  4.8924E+03  2.0470E+04  1.0000E+00  0.0000E+00  0.0000E+00  1.5000E+00
8.3540E-01  4.8907E+03  2.2690E+04  1.0000E+00  0.0000E+00  0.0000E+00  1.5000E+00
9.4081E-01  4.9032E+03  2.5270E+04  1.0000E+00  0.0000E+00  0.0000E+00  1.5000E+00
1.0601E+00  4.9309E+03  2.8280E+04  1.0000E+00  0.0000E+00  0.0000E+00  1.5000E+00
1.1946E+00  4.9744E+03  3.1790E+04  1.0000E+00  0.0000E+00  0.0000E+00  1.5000E+00
1.3457E+00  5.0282E+03  3.5810E+04  1.0000E+00  0.0000E+00  0.0000E+00  1.5000E+00
1.5150E+00  5.0895E+03  4.0430E+04  1.0000E+00  0.0000E+00  0.0000E+00  1.5000E+00
1.7037E+00  5.1639E+03  4.5720E+04  1.0000E+00  0.0000E+00  0.0000E+00  1.5000E+00
1.9134E+00  5.2439E+03  5.1620E+04  1.0000E+00  0.0000E+00  0.0000E+00  1.5000E+00
2.1455E+00  5.3174E+03  5.7910E+04  1.0000E+00  0.0000E+00  0.0000E+00  1.5000E+00
2.4029E+00  5.3873E+03  6.4550E+04  1.0000E+00  0.0000E+00  0.0000E+00  1.5000E+00
2.6877E+00  5.4655E+03  7.1560E+04  1.0000E+00  0.0000E+00  0.0000E+00  1.5000E+00
2.9989E+00  5.5617E+03  7.9070E+04  1.0000E+00  0.0000E+00  0.0000E+00  1.5000E+00
3.3321E+00  5.6728E+03  8.6920E+04  1.0000E+00  0.0000E+00  0.0000E+00  1.5000E+00
3.6745E+00  5.8153E+03  9.5050E+04  1.0000E+00  0.0000E+00  0.0000E+00  1.5000E+00
4.0152E+00  5.9866E+03  1.0310E+05  1.0000E+00  0.0000E+00  0.0000E+00  1.5000E+00
4.3407E+00  6.1610E+03  1.1040E+05  1.0000E+00  0.0000E+00  0.0000E+00  1.5000E+00
4.6343E+00  6.3939E+03  1.1820E+05  1.0000E+00  0.0000E+00  0.0000E+00  1.5000E+00
4.8964E+00  6.5937E+03  1.2380E+05  1.0000E+00  0.0000E+00  0.0000E+00  1.5000E+00
5.1160E+00  6.8777E+03  1.2970E+05  1.0000E+00  0.0000E+00  0.0000E+00  1.5000E+00
5.3191E+00  7.1173E+03  1.3480E+05  1.0000E+00  0.0000E+00  0.0000E+00  1.5000E+00
5.5106E+00  7.2752E+03  1.3870E+05  1.0000E+00  0.0000E+00  0.0000E+00  1.5000E+00
5.6080E+00  7.7280E+03  1.4100E+05  1.0000E+00  0.0000E+00  0.0000E+00  1.5000E+00
5.6926E+00  8.2228E+03  1.4320E+05  1.0000E+00  0.0000E+00  0.0000E+00  1.5000E+00
5.7786E+00  8.7176E+03  1.4540E+05  1.0000E+00  0.0000E+00  0.0000E+00  1.5000E+00
5.8396E+00  9.0803E+03  1.4680E+05  1.0000E+00  0.0000E+00  0.0000E+00  1.5000E+00
5.8860E+00  9.3665E+03  1.4780E+05  1.0000E+00  0.0000E+00  0.0000E+00  1.5000E+00
5.9328E+00  9.6528E+03  1.4870E+05  1.0000E+00  0.0000E+00  0.0000E+00  1.5000E+00
5.9800E+00  9.9391E+03  1.4970E+05  1.0000E+00  0.0000E+00  0.0000E+00  1.5000E+00
6.0276E+00  1.0225E+04  1.5060E+05  1.0000E+00  0.0000E+00  0.0000E+00  1.5000E+00
6.0813E+00  1.0382E+04  1.5190E+05  1.0000E+00  0.0000E+00  0.0000E+00  1.5000E+00
6.1384E+00  1.0472E+04  1.5340E+05  1.0000E+00  0.0000E+00  0.0000E+00  1.5000E+00
6.1961E+00  1.0563E+04  1.5480E+05  1.0000E+00  0.0000E+00  0.0000E+00  1.5000E+00
6.2543E+00  1.0653E+04  1.5630E+05  1.0000E+00  0.0000E+00  0.0000E+00  1.5000E+00
6.3411E+00  1.0702E+04  1.5870E+05  1.0000E+00  0.0000E+00  0.0000E+00  1.5000E+00
6.4298E+00  1.0750E+04  1.6110E+05  1.0000E+00  0.0000E+00  0.0000E+00  1.5000E+00
6.5395E+00  1.0787E+04  1.6420E+05  1.0000E+00  0.0000E+00  0.0000E+00  1.5000E+00
6.6662E+00  1.0814E+04  1.6780E+05  1.0000E+00  0.0000E+00  0.0000E+00  1.5000E+00
6.8257E+00  1.0848E+04  1.7230E+05  1.0000E+00  0.0000E+00  0.0000E+00  1.5000E+00
7.0114E+00  1.0886E+04  1.7770E+05  1.0000E+00  0.0000E+00  0.0000E+00  1.5000E+00
7.2319E+00  1.0929E+04  1.8410E+05  1.0000E+00  0.0000E+00  0.0000E+00  1.5000E+00
7.4927E+00  1.0979E+04  1.9140E+05  1.0000E+00  0.0000E+00  0.0000E+00  1.5000E+00
7.7993E+00  1.1024E+04  1.9960E+05  1.0000E+00  0.0000E+00  0.0000E+00  1.5000E+00
8.1664E+00  1.1019E+04  2.0820E+05  1.0000E+00  0.0000E+00  0.0000E+00  1.5000E+00
8.6404E+00  1.0941E+04  2.1810E+05  1.0000E+00  0.0000E+00  0.0000E+00  1.5000E+00
