9.7465E-03  3.6363E+03  2.0300E+02  1.0000E+00  0.0000E+00  0.0000E+00  1.5000E+00
1.1168E-02  3.6644E+03  2.2820E+02  1.0000E+00  0.0000E+00  0.0000E+00  1.5000E+00
1.2796E-02  3.6948E+03  2.5700E+02  1.0000E+00  0.0000E+00  0.0000E+00  1.5000E+00
1.4654E-02  3.7279E+03  2.8980E+02  1.0000E+00  0.0000E+00  0.0000E+00  1.5000E+00
1.6768E-02  3.7641E+03  3.2740E+02  1.0000E+00  0.0000E+00  0.0000E+00  1.5000E+00
1.9166E-02  3.8042E+03  3.7070E+02  1.0000E+00  0.0000E+00  0.0000E+00  1.5000E+00
2.1874E-02  3.8425E+03  4.2020E+02  1.0000E+00  0.0000E+00  0.0000E+00  1.5000E+00
2.4945E-02  3.8672E+03  4.7560E+02  1.0000E+00  0.0000E+00  0.0000E+00  1.5000E+00
2.8439E-02  3.8780E+03  5.3780E+02  1.0000E+00  0.0000E+00  0.0000E+00  1.5000E+00
3.2414E-02  3.8883E+03  6.1170E+02  1.0000E+00  0.0000E+00  0.0000E+00  1.5000E+00
3.6907E-02  3.8954E+03  7.0050E+02  1.0000E+00  0.0000E+00  0.0000E+00  1.5000E+00
4.2006E-02  3.8791E+03  8.0220E+02  1.0000E+00  0.0000E+00  0.0000E+00  1.5000E+00
4.7871E-02  3.8326E+03  9.1800E+02  1.0000E+00  0.0000E+00  0.0000E+00  1.5000E+00
5.4756E-02  3.7798E+03  1.0490E+03  1.0000E+00  0.0000E+00  0.0000E+00  1.5000E+00
6.2738E-02  3.7879E+03  1.1920E+03  1.0000E+00  0.0000E+00  0.0000E+00  1.5000E+00
7.1578E-02  3.8495E+03  1.3620E+03  1.0000E+00  0.0000E+00  0.0000E+00  1.5000E+00
8.1209E-02  3.8994E+03  1.5550E+03  1.0000E+00  0.0000E+00  0.0000E+00  1.5000E+00
9.1864E-02  3.9386E+03  1.7650E+03  1.0000E+00  0.0000E+00  0.0000E+00  1.5000E+00
1.0370E-01  3.9844E+03  2.0030E+03  1.0000E+00  0.0000E+00  0.0000E+00  1.5000E+00
1.1680E-01  4.0360E+03  2.2710E+03  1.0000E+00  0.0000E+00  0.0000E+00  1.5000E+00
1.3133E-01  4.0858E+03  2.5660E+03  1.0000E+00  0.0000E+00  0.0000E+00  1.5000E+00
1.4754E-01  4.1282E+03  2.8970E+03  1.0000E+00  0.0000E+00  0.0000E+00  1.5000E+00
1.6568E-01  4.1754E+03  3.2650E+03  1.0000E+00  0.0000E+00  0.0000E+00  1.5000E+00
1.8598E-01  4.2371E+03  3.6690E+03  1.0000E+00  0.0000E+00  0.0000E+00  1.5000E+00
2.0863E-01  4.2926E+03  4.1630E+03  1.0000E+00  0.0000E+00  0.0000E+00  1.5000E+00
2.3393E-01  4.2734E+03  4.7600E+03  1.0000E+00  0.0000E+00  0.0000E+00  1.5000E+00
2.6267E-01  4.2350E+03  5.3960E+03  1.0000E+00  0.0000E+00  0.0000E+00  1.5000E+00
2.9474E-01  4.3439E+03  6.1520E+03  1.0000E+00  0.0000E+00  0.0000E+00  1.5000E+00
3.2998E-01  4.4133E+03  7.0020E+03  1.0000E+00  0.0000E+00  0.0000E+00  1.5000E+00
3.6917E-01  4.4799E+03  7.9600E+03  1.0000E+00  0.0000E+00  0.0000E+00  1.5000E+00
4.1292E-01  4.5439E+03  9.0370E+03  1.0000E+00  0.0000E+00  0.0000E+00  1.5000E+00
4.6206E-01  4.5775E+03  1.0170E+04  1.0000E+00  0.0000E+00  0.0000E+00  1.5000E+00
5.1736E-01  4.6165E+03  1.1470E+04  1.0000E+00  0.0000E+00  0.0000E+00  1.5000E+00
5.7955E-01  4.6623E+03  1.2930E+04  1.0000E+00  0.0000E+00  0.0000E+00  1.5000E+00
6.4938E-01  4.7222E+03  1.4680E+04  1.0000E+00  0.0000E+00  0.0000E+00  1.5000E+00
7.2759E-01  4.7338E+03  1.6600E+04  1.0000E+00  0.0000E+00  0.0000E+00  1.5000E+00
8.1523E-01  4.7441E+03  1.8800E+04  1.0000E+00  0.0000E+00  0.0000E+00  1.5000E+00
9.1354E-01  4.7958E+03  2.1230E+04  1.0000E+00  0.0000E+00  0.0000E+00  1.5000E+00
1.0241E+00  4.8437E+03  2.3900E+04  1.0000E+00  0.0000E+00  0.0000E+00  1.5000E+00
1.1484E+00  4.8593E+03  2.6940E+04  1.0000E+00  0.0000E+00  0.0000E+00  1.5000E+00
1.2880E+00  4.8674E+03  3.0460E+04  1.0000E+00  0.0000E+00  0.0000E+00  1.5000E+00
1.4444E+00  4.9164E+03  3.4380E+04  1.0000E+00  0.0000E+00  0.0000E+00  1.5000E+00
1.6201E+00  4.9783E+03  3.8730E+04  1.0000E+00  0.0000E+00  0.0000E+00  1.5000E+00
1.8177E+00  5.0516E+03  4.3460E+04  1.0000E+00  0.0000E+00  0.0000E+00  1.5000E+00
2.0399E+00  5.1378E+03  4.8610E+04  1.0000E+00  0.0000E+00  0.0000E+00  1.5000E+00
2.2896E+00  5.2322E+03  5.3900E+04  1.0000E+00  0.0000E+00  0.0000E+00  1.5000E+00
2.5698E+00  5.3374E+03  5.9190E+04  1.0000E+00  0.0000E+00  0.0000E+00  1.5000E+00
2.8786E+00  5.4581E+03  6.5260E+04  1.0000E+00  0.0000E+00  0.0000E+00  1.5000E+00
3.2057E+00  5.6073E+03  7.2590E+04  1.0000E+00  0.0000E+00  0.0000E+00  1.5000E+00
3.5331E+00  5.7756E+03  8.0310E+04  1.0000E+00  0.0000E+00  0.0000E+00  1.5000E+00
3.8496E+00  5.9577E+03  8.7680E+04  1.0000E+00  0.0000E+00  0.0000E+00  1.5000E+00
4.1424E+00  6.1480E+03  9.4400E+04  1.0000E+00  0.0000E+00  0.0000E+00  1.5000E+00
4.4119E+00  6.3487E+03  1.0060E+05  1.0000E+00  0.0000E+00  0.0000E+00  1.5000E+00
4.6549E+00  6.5630E+03  1.0630E+05  1.0000E+00  0.0000E+00  0.0000E+00  1.5000E+00
4.8742E+00  6.7801E+03  1.1150E+05  1.0000E+00  0.0000E+00  0.0000E+00  1.5000E+00
5.0726E+00  7.0142E+03  1.1660E+05  1.0000E+00  0.0000E+00  0.0000E+00  1.5000E+00
5.2303E+00  7.3361E+03  1.2000E+05  1.0000E+00  0.0000E+00  0.0000E+00  1.5000E+00
5.3434E+00  7.7248E+03  1.2240E+05  1.0000E+00  0.0000E+00  0.0000E+00  1.5000E+00
5.4098E+00  8.1789E+03  1.2350E+05  1.0000E+00  0.0000E+00  0.0000E+00  1.5000E+00
5.4770E+00  8.6330E+03  1.2460E+05  1.0000E+00  0.0000E+00  0.0000E+00  1.5000E+00
5.5443E+00  9.0808E+03  1.2580E+05  1.0000E+00  0.0000E+00  0.0000E+00  1.5000E+00
5.5891E+00  9.3232E+03  1.2630E+05  1.0000E+00  0.0000E+00  0.0000E+00  1.5000E+00
5.6342E+00  9.5655E+03  1.2680E+05  1.0000E+00  0.0000E+00  0.0000E+00  1.5000E+00
5.6797E+00  9.8079E+03  1.2740E+05  1.0000E+00  0.0000E+00  0.0000E+00  1.5000E+00
5.7256E+00  1.0050E+04  1.2790E+05  1.0000E+00  0.0000E+00  0.0000E+00  1.5000E+00
5.7779E+00  1.0192E+04  1.2880E+05  1.0000E+00  0.0000E+00  0.0000E+00  1.5000E+00
5.8342E+00  1.0278E+04  1.2980E+05  1.0000E+00  0.0000E+00  0.0000E+00  1.5000E+00
5.8909E+00  1.0364E+04  1.3080E+05  1.0000E+00  0.0000E+00  0.0000E+00  1.5000E+00
5.9579E+00  1.0435E+04  1.3210E+05  1.0000E+00  0.0000E+00  0.0000E+00  1.5000E+00
6.0411E+00  1.0481E+04  1.3370E+05  1.0000E+00  0.0000E+00  0.0000E+00  1.5000E+00
6.1309E+00  1.0525E+04  1.3550E+05  1.0000E+00  0.0000E+00  0.0000E+00  1.5000E+00
6.2464E+00  1.0557E+04  1.3770E+05  1.0000E+00  0.0000E+00  0.0000E+00  1.5000E+00
6.3813E+00  1.0589E+04  1.4030E+05  1.0000E+00  0.0000E+00  0.0000E+00  1.5000E+00
6.5414E+00  1.0622E+04  1.4340E+05  1.0000E+00  0.0000E+00  0.0000E+00  1.5000E+00
6.7337E+00  1.0659E+04  1.4710E+05  1.0000E+00  0.0000E+00  0.0000E+00  1.5000E+00
6.9628E+00  1.0700E+04  1.5150E+05  1.0000E+00  0.0000E+00  0.0000E+00  1.5000E+00
7.2333E+00  1.0741E+04  1.5610E+05  1.0000E+00  0.0000E+00  0.0000E+00  1.5000E+00
7.5553E+00  1.0776E+04  1.6070E+05  1.0000E+00  0.0000E+00  0.0000E+00  1.5000E+00
7.9405E+00  1.0797E+04  1.6560E+05  1.0000E+00  0.0000E+00  0.0000E+00  1.5000E+00
8.4120E+00  1.0804E+04  1.7050E+05  1.0000E+00  0.0000E+00  0.0000E+00  1.5000E+00
8.9669E+00  1.0896E+04  1.8250E+05  1.0000E+00  0.0000E+00  0.0000E+00  1.5000E+00
