9.4642E-03  3.8194E+03  2.0840E+02  1.0000E+00  0.0000E+00  0.0000E+00  1.5000E+00
1.0772E-02  3.8762E+03  2.4090E+02  1.0000E+00  0.0000E+00  0.0000E+00  1.5000E+00
1.2252E-02  3.9285E+03  2.7670E+02  1.0000E+00  0.0000E+00  0.0000E+00  1.5000E+00
1.3932E-02  3.9756E+03  3.1580E+02  1.0000E+00  0.0000E+00  0.0000E+00  1.5000E+00
1.5845E-02  4.0192E+03  3.5930E+02  1.0000E+00  0.0000E+00  0.0000E+00  1.5000E+00
1.8023E-02  4.0542E+03  4.0830E+02  1.0000E+00  0.0000E+00  0.0000E+00  1.5000E+00
2.0500E-02  4.0754E+03  4.6270E+02  1.0000E+00  0.0000E+00  0.0000E+00  1.5000E+00
2.3312E-02  4.0873E+03  5.2510E+02  1.0000E+00  0.0000E+00  0.0000E+00  1.5000E+00
2.6496E-02  4.0963E+03  5.9660E+02  1.0000E+00  0.0000E+00  0.0000E+00  1.5000E+00
3.0097E-02  4.1013E+03  6.7680E+02  1.0000E+00  0.0000E+00  0.0000E+00  1.5000E+00
3.4160E-02  4.1048E+03  7.7150E+02  1.0000E+00  0.0000E+00  0.0000E+00  1.5000E+00
3.8705E-02  4.1316E+03  8.9140E+02  1.0000E+00  0.0000E+00  0.0000E+00  1.5000E+00
4.3761E-02  4.1932E+03  1.0380E+03  1.0000E+00  0.0000E+00  0.0000E+00  1.5000E+00
4.9367E-02  4.2446E+03  1.2020E+03  1.0000E+00  0.0000E+00  0.0000E+00  1.5000E+00
5.5640E-02  4.2653E+03  1.3660E+03  1.0000E+00  0.0000E+00  0.0000E+00  1.5000E+00
6.2727E-02  4.2803E+03  1.5340E+03  1.0000E+00  0.0000E+00  0.0000E+00  1.5000E+00
7.0789E-02  4.2845E+03  1.7070E+03  1.0000E+00  0.0000E+00  0.0000E+00  1.5000E+00
7.9974E-02  4.2987E+03  1.9020E+03  1.0000E+00  0.0000E+00  0.0000E+00  1.5000E+00
9.0421E-02  4.3125E+03  2.1270E+03  1.0000E+00  0.0000E+00  0.0000E+00  1.5000E+00
1.0226E-01  4.3307E+03  2.3940E+03  1.0000E+00  0.0000E+00  0.0000E+00  1.5000E+00
1.1561E-01  4.3539E+03  2.7060E+03  1.0000E+00  0.0000E+00  0.0000E+00  1.5000E+00
1.3059E-01  4.3837E+03  3.0730E+03  1.0000E+00  0.0000E+00  0.0000E+00  1.5000E+00
1.4740E-01  4.4166E+03  3.4970E+03  1.0000E+00  0.0000E+00  0.0000E+00  1.5000E+00
1.6616E-01  4.4534E+03  4.0060E+03  1.0000E+00  0.0000E+00  0.0000E+00  1.5000E+00
1.8699E-01  4.5068E+03  4.6290E+03  1.0000E+00  0.0000E+00  0.0000E+00  1.5000E+00
2.1004E-01  4.5745E+03  5.3820E+03  1.0000E+00  0.0000E+00  0.0000E+00  1.5000E+00
2.3547E-01  4.6443E+03  6.2420E+03  1.0000E+00  0.0000E+00  0.0000E+00  1.5000E+00
2.6370E-01  4.7004E+03  7.1710E+03  1.0000E+00  0.0000E+00  0.0000E+00  1.5000E+00
2.9523E-01  4.7169E+03  8.1100E+03  1.0000E+00  0.0000E+00  0.0000E+00  1.5000E+00
3.3067E-01  4.7010E+03  9.0590E+03  1.0000E+00  0.0000E+00  0.0000E+00  1.5000E+00
3.7074E-01  4.6708E+03  1.0070E+04  1.0000E+00  0.0000E+00  0.0000E+00  1.5000E+00
4.1615E-01  4.6480E+03  1.1180E+04  1.0000E+00  0.0000E+00  0.0000E+00  1.5000E+00
4.6775E-01  4.6414E+03  1.2410E+04  1.0000E+00  0.0000E+00  0.0000E+00  1.5000E+00
5.2650E-01  4.6364E+03  1.3790E+04  1.0000E+00  0.0000E+00  0.0000E+00  1.5000E+00
5.9329E-01  4.6373E+03  1.5370E+04  1.0000E+00  0.0000E+00  0.0000E+00  1.5000E+00
6.6902E-01  4.6559E+03  1.7200E+04  1.0000E+00  0.0000E+00  0.0000E+00  1.5000E+00
7.5459E-01  4.6893E+03  1.9310E+04  1.0000E+00  0.0000E+00  0.0000E+00  1.5000E+00
8.5074E-01  4.7465E+03  2.1860E+04  1.0000E+00  0.0000E+00  0.0000E+00  1.5000E+00
9.5812E-01  4.8186E+03  2.4910E+04  1.0000E+00  0.0000E+00  0.0000E+00  1.5000E+00
1.0775E+00  4.9072E+03  2.8480E+04  1.0000E+00  0.0000E+00  0.0000E+00  1.5000E+00
1.2104E+00  4.9887E+03  3.2460E+04  1.0000E+00  0.0000E+00  0.0000E+00  1.5000E+00
1.3584E+00  5.0623E+03  3.6760E+04  1.0000E+00  0.0000E+00  0.0000E+00  1.5000E+00
1.5243E+00  5.1078E+03  4.1230E+04  1.0000E+00  0.0000E+00  0.0000E+00  1.5000E+00
1.7113E+00  5.1474E+03  4.5950E+04  1.0000E+00  0.0000E+00  0.0000E+00  1.5000E+00
1.9236E+00  5.1799E+03  5.0770E+04  1.0000E+00  0.0000E+00  0.0000E+00  1.5000E+00
2.1647E+00  5.2230E+03  5.6070E+04  1.0000E+00  0.0000E+00  0.0000E+00  1.5000E+00
2.4367E+00  5.2985E+03  6.2220E+04  1.0000E+00  0.0000E+00  0.0000E+00  1.5000E+00
2.7403E+00  5.3917E+03  6.8730E+04  1.0000E+00  0.0000E+00  0.0000E+00  1.5000E+00
3.0714E+00  5.5275E+03  7.5560E+04  1.0000E+00  0.0000E+00  0.0000E+00  1.5000E+00
3.4192E+00  5.6819E+03  8.1860E+04  1.0000E+00  0.0000E+00  0.0000E+00  1.5000E+00
3.7722E+00  5.8461E+03  8.8190E+04  1.0000E+00  0.0000E+00  0.0000E+00  1.5000E+00
4.1206E+00  5.9932E+03  9.4280E+04  1.0000E+00  0.0000E+00  0.0000E+00  1.5000E+00
4.4797E+00  6.1000E+03  9.8230E+04  1.0000E+00  0.0000E+00  0.0000E+00  1.5000E+00
4.8573E+00  6.2161E+03  9.9680E+04  1.0000E+00  0.0000E+00  0.0000E+00  1.5000E+00
5.2628E+00  6.3291E+03  9.8150E+04  1.0000E+00  0.0000E+00  0.0000E+00  1.5000E+00
5.6683E+00  6.5309E+03  9.9310E+04  1.0000E+00  0.0000E+00  0.0000E+00  1.5000E+00
6.0206E+00  6.8245E+03  1.0370E+05  1.0000E+00  0.0000E+00  0.0000E+00  1.5000E+00
6.3448E+00  6.9090E+03  1.1120E+05  1.0000E+00  0.0000E+00  0.0000E+00  1.5000E+00
6.7301E+00  6.8432E+03  1.2050E+05  1.0000E+00  0.0000E+00  0.0000E+00  1.5000E+00
7.1564E+00  7.0078E+03  1.3700E+05  1.0000E+00  0.0000E+00  0.0000E+00  1.5000E+00
7.5403E+00  7.2167E+03  1.5530E+05  1.0000E+00  0.0000E+00  0.0000E+00  1.5000E+00
7.9074E+00  7.3701E+03  1.6950E+05  1.0000E+00  0.0000E+00  0.0000E+00  1.5000E+00
8.2708E+00  7.5345E+03  1.8120E+05  1.0000E+00  0.0000E+00  0.0000E+00  1.5000E+00
8.6323E+00  7.7030E+03  1.9130E+05  1.0000E+00  0.0000E+00  0.0000E+00  1.5000E+00
8.9976E+00  7.8618E+03  1.9930E+05  1.0000E+00  0.0000E+00  0.0000E+00  1.5000E+00
9.3733E+00  8.0127E+03  2.0580E+05  1.0000E+00  0.0000E+00  0.0000E+00  1.5000E+00
9.7683E+00  8.1446E+03  2.1100E+05  1.0000E+00  0.0000E+00  0.0000E+00  1.5000E+00
1.0197E+01  8.2440E+03  2.1600E+05  1.0000E+00  0.0000E+00  0.0000E+00  1.5000E+00
1.0666E+01  8.3585E+03  2.2480E+05  1.0000E+00  0.0000E+00  0.0000E+00  1.5000E+00
1.1161E+01  8.5068E+03  2.3740E+05  1.0000E+00  0.0000E+00  0.0000E+00  1.5000E+00
1.1671E+01  8.6804E+03  2.5140E+05  1.0000E+00  0.0000E+00  0.0000E+00  1.5000E+00
1.2174E+01  8.9048E+03  2.6820E+05  1.0000E+00  0.0000E+00  0.0000E+00  1.5000E+00
1.2696E+01  9.0041E+03  2.7930E+05  1.0000E+00  0.0000E+00  0.0000E+00  1.5000E+00
1.3302E+01  9.0301E+03  2.9160E+05  1.0000E+00  0.0000E+00  0.0000E+00  1.5000E+00
1.3934E+01  9.3173E+03  3.0560E+05  1.0000E+00  0.0000E+00  0.0000E+00  1.5000E+00
1.4471E+01  9.7350E+03  3.2110E+05  1.0000E+00  0.0000E+00  0.0000E+00  1.5000E+00
1.4956E+01  9.9919E+03  3.3450E+05  1.0000E+00  0.0000E+00  0.0000E+00  1.5000E+00
1.5454E+01  1.0125E+04  3.4750E+05  1.0000E+00  0.0000E+00  0.0000E+00  1.5000E+00
1.5983E+01  1.0307E+04  3.6010E+05  1.0000E+00  0.0000E+00  0.0000E+00  1.5000E+00
1.6508E+01  1.0587E+04  3.7570E+05  1.0000E+00  0.0000E+00  0.0000E+00  1.5000E+00
1.7004E+01  1.0893E+04  3.9850E+05  1.0000E+00  0.0000E+00  0.0000E+00  1.5000E+00
