7.6924E-03  3.7596E+03  2.3650E+02  1.0000E+00  0.0000E+00  0.0000E+00  1.5000E+00
8.9436E-03  3.7549E+03  2.6420E+02  1.0000E+00  0.0000E+00  0.0000E+00  1.5000E+00
1.0398E-02  3.7526E+03  2.9600E+02  1.0000E+00  0.0000E+00  0.0000E+00  1.5000E+00
1.2076E-02  3.7626E+03  3.3300E+02  1.0000E+00  0.0000E+00  0.0000E+00  1.5000E+00
1.4008E-02  3.7686E+03  3.7540E+02  1.0000E+00  0.0000E+00  0.0000E+00  1.5000E+00
1.6225E-02  3.7736E+03  4.2540E+02  1.0000E+00  0.0000E+00  0.0000E+00  1.5000E+00
1.8743E-02  3.7960E+03  4.8560E+02  1.0000E+00  0.0000E+00  0.0000E+00  1.5000E+00
2.1566E-02  3.8412E+03  5.5940E+02  1.0000E+00  0.0000E+00  0.0000E+00  1.5000E+00
2.4680E-02  3.9062E+03  6.5280E+02  1.0000E+00  0.0000E+00  0.0000E+00  1.5000E+00
2.8026E-02  3.9959E+03  7.7940E+02  1.0000E+00  0.0000E+00  0.0000E+00  1.5000E+00
3.1605E-02  4.1063E+03  9.4440E+02  1.0000E+00  0.0000E+00  0.0000E+00  1.5000E+00
3.5448E-02  4.2162E+03  1.1390E+03  1.0000E+00  0.0000E+00  0.0000E+00  1.5000E+00
3.9644E-02  4.2998E+03  1.3440E+03  1.0000E+00  0.0000E+00  0.0000E+00  1.5000E+00
4.4306E-02  4.3387E+03  1.5400E+03  1.0000E+00  0.0000E+00  0.0000E+00  1.5000E+00
4.9563E-02  4.3545E+03  1.7290E+03  1.0000E+00  0.0000E+00  0.0000E+00  1.5000E+00
5.5542E-02  4.3551E+03  1.9200E+03  1.0000E+00  0.0000E+00  0.0000E+00  1.5000E+00
6.2343E-02  4.3565E+03  2.1380E+03  1.0000E+00  0.0000E+00  0.0000E+00  1.5000E+00
7.0065E-02  4.3623E+03  2.3900E+03  1.0000E+00  0.0000E+00  0.0000E+00  1.5000E+00
7.8822E-02  4.3662E+03  2.6710E+03  1.0000E+00  0.0000E+00  0.0000E+00  1.5000E+00
8.8766E-02  4.3616E+03  2.9760E+03  1.0000E+00  0.0000E+00  0.0000E+00  1.5000E+00
1.0009E-01  4.3480E+03  3.3030E+03  1.0000E+00  0.0000E+00  0.0000E+00  1.5000E+00
1.1303E-01  4.3318E+03  3.6610E+03  1.0000E+00  0.0000E+00  0.0000E+00  1.5000E+00
1.2782E-01  4.3220E+03  4.0690E+03  1.0000E+00  0.0000E+00  0.0000E+00  1.5000E+00
1.4467E-01  4.3234E+03  4.5440E+03  1.0000E+00  0.0000E+00  0.0000E+00  1.5000E+00
1.6379E-01  4.3353E+03  5.0990E+03  1.0000E+00  0.0000E+00  0.0000E+00  1.5000E+00
1.8537E-01  4.3574E+03  5.7490E+03  1.0000E+00  0.0000E+00  0.0000E+00  1.5000E+00
2.0962E-01  4.3883E+03  6.5040E+03  1.0000E+00  0.0000E+00  0.0000E+00  1.5000E+00
2.3679E-01  4.4243E+03  7.3690E+03  1.0000E+00  0.0000E+00  0.0000E+00  1.5000E+00
2.6723E-01  4.4611E+03  8.3460E+03  1.0000E+00  0.0000E+00  0.0000E+00  1.5000E+00
3.0134E-01  4.4970E+03  9.4380E+03  1.0000E+00  0.0000E+00  0.0000E+00  1.5000E+00
3.3965E-01  4.5315E+03  1.0650E+04  1.0000E+00  0.0000E+00  0.0000E+00  1.5000E+00
3.8275E-01  4.5637E+03  1.1990E+04  1.0000E+00  0.0000E+00  0.0000E+00  1.5000E+00
4.3131E-01  4.5940E+03  1.3470E+04  1.0000E+00  0.0000E+00  0.0000E+00  1.5000E+00
4.8611E-01  4.6241E+03  1.5120E+04  1.0000E+00  0.0000E+00  0.0000E+00  1.5000E+00
5.4793E-01  4.6556E+03  1.6980E+04  1.0000E+00  0.0000E+00  0.0000E+00  1.5000E+00
6.1772E-01  4.6866E+03  1.9050E+04  1.0000E+00  0.0000E+00  0.0000E+00  1.5000E+00
6.9657E-01  4.7165E+03  2.1330E+04  1.0000E+00  0.0000E+00  0.0000E+00  1.5000E+00
7.8574E-01  4.7494E+03  2.3860E+04  1.0000E+00  0.0000E+00  0.0000E+00  1.5000E+00
8.8652E-01  4.7910E+03  2.6740E+04  1.0000E+00  0.0000E+00  0.0000E+00  1.5000E+00
1.0003E+00  4.8395E+03  2.9990E+04  1.0000E+00  0.0000E+00  0.0000E+00  1.5000E+00
1.1289E+00  4.8881E+03  3.3490E+04  1.0000E+00  0.0000E+00  0.0000E+00  1.5000E+00
1.2747E+00  4.9355E+03  3.7240E+04  1.0000E+00  0.0000E+00  0.0000E+00  1.5000E+00
1.4404E+00  4.9861E+03  4.1240E+04  1.0000E+00  0.0000E+00  0.0000E+00  1.5000E+00
1.6293E+00  5.0514E+03  4.5650E+04  1.0000E+00  0.0000E+00  0.0000E+00  1.5000E+00
1.8436E+00  5.1373E+03  5.0600E+04  1.0000E+00  0.0000E+00  0.0000E+00  1.5000E+00
2.0850E+00  5.2441E+03  5.6220E+04  1.0000E+00  0.0000E+00  0.0000E+00  1.5000E+00
2.3525E+00  5.3733E+03  6.2440E+04  1.0000E+00  0.0000E+00  0.0000E+00  1.5000E+00
2.6408E+00  5.5198E+03  6.8790E+04  1.0000E+00  0.0000E+00  0.0000E+00  1.5000E+00
2.9424E+00  5.6726E+03  7.4780E+04  1.0000E+00  0.0000E+00  0.0000E+00  1.5000E+00
3.2487E+00  5.8324E+03  7.9680E+04  1.0000E+00  0.0000E+00  0.0000E+00  1.5000E+00
3.5526E+00  6.0012E+03  8.3040E+04  1.0000E+00  0.0000E+00  0.0000E+00  1.5000E+00
3.8531E+00  6.1568E+03  8.5040E+04  1.0000E+00  0.0000E+00  0.0000E+00  1.5000E+00
4.1470E+00  6.3210E+03  8.6900E+04  1.0000E+00  0.0000E+00  0.0000E+00  1.5000E+00
4.4333E+00  6.4913E+03  9.0080E+04  1.0000E+00  0.0000E+00  0.0000E+00  1.5000E+00
4.7089E+00  6.6618E+03  9.4170E+04  1.0000E+00  0.0000E+00  0.0000E+00  1.5000E+00
4.9705E+00  6.8327E+03  9.9400E+04  1.0000E+00  0.0000E+00  0.0000E+00  1.5000E+00
5.2211E+00  7.0059E+03  1.0640E+05  1.0000E+00  0.0000E+00  0.0000E+00  1.5000E+00
5.4607E+00  7.1833E+03  1.1470E+05  1.0000E+00  0.0000E+00  0.0000E+00  1.5000E+00
5.6873E+00  7.3828E+03  1.2440E+05  1.0000E+00  0.0000E+00  0.0000E+00  1.5000E+00
5.8990E+00  7.5747E+03  1.3500E+05  1.0000E+00  0.0000E+00  0.0000E+00  1.5000E+00
6.1016E+00  7.7576E+03  1.4480E+05  1.0000E+00  0.0000E+00  0.0000E+00  1.5000E+00
6.3056E+00  7.9236E+03  1.5340E+05  1.0000E+00  0.0000E+00  0.0000E+00  1.5000E+00
6.5129E+00  8.0681E+03  1.6000E+05  1.0000E+00  0.0000E+00  0.0000E+00  1.5000E+00
6.7532E+00  8.0728E+03  1.6610E+05  1.0000E+00  0.0000E+00  0.0000E+00  1.5000E+00
7.0518E+00  7.9844E+03  1.7430E+05  1.0000E+00  0.0000E+00  0.0000E+00  1.5000E+00
7.3439E+00  8.3162E+03  1.8410E+05  1.0000E+00  0.0000E+00  0.0000E+00  1.5000E+00
7.5678E+00  8.8940E+03  1.9250E+05  1.0000E+00  0.0000E+00  0.0000E+00  1.5000E+00
7.7006E+00  9.3959E+03  1.9730E+05  1.0000E+00  0.0000E+00  0.0000E+00  1.5000E+00
7.8357E+00  9.8978E+03  2.0220E+05  1.0000E+00  0.0000E+00  0.0000E+00  1.5000E+00
7.9428E+00  1.0139E+04  2.0460E+05  1.0000E+00  0.0000E+00  0.0000E+00  1.5000E+00
8.0490E+00  1.0361E+04  2.0680E+05  1.0000E+00  0.0000E+00  0.0000E+00  1.5000E+00
8.1588E+00  1.0567E+04  2.0900E+05  1.0000E+00  0.0000E+00  0.0000E+00  1.5000E+00
8.2837E+00  1.0666E+04  2.1020E+05  1.0000E+00  0.0000E+00  0.0000E+00  1.5000E+00
8.4105E+00  1.0766E+04  2.1150E+05  1.0000E+00  0.0000E+00  0.0000E+00  1.5000E+00
8.5700E+00  1.0828E+04  2.1300E+05  1.0000E+00  0.0000E+00  0.0000E+00  1.5000E+00
8.7449E+00  1.0878E+04  2.1470E+05  1.0000E+00  0.0000E+00  0.0000E+00  1.5000E+00
8.9621E+00  1.0889E+04  2.1690E+05  1.0000E+00  0.0000E+00  0.0000E+00  1.5000E+00
9.2247E+00  1.0928E+04  2.2190E+05  1.0000E+00  0.0000E+00  0.0000E+00  1.5000E+00
9.5269E+00  1.1030E+04  2.3200E+05  1.0000E+00  0.0000E+00  0.0000E+00  1.5000E+00
9.8588E+00  1.1185E+04  2.4310E+05  1.0000E+00  0.0000E+00  0.0000E+00  1.5000E+00
1.0220E+01  1.1317E+04  2.5460E+05  1.0000E+00  0.0000E+00  0.0000E+00  1.5000E+00
