8.3408E-03  4.1403E+03  2.4330E+02  1.0000E+00  0.0000E+00  0.0000E+00  1.5000E+00
9.5704E-03  4.1809E+03  2.8520E+02  1.0000E+00  0.0000E+00  0.0000E+00  1.5000E+00
1.0952E-02  4.2068E+03  3.3130E+02  1.0000E+00  0.0000E+00  0.0000E+00  1.5000E+00
1.2507E-02  4.2183E+03  3.8100E+02  1.0000E+00  0.0000E+00  0.0000E+00  1.5000E+00
1.4257E-02  4.2284E+03  4.3640E+02  1.0000E+00  0.0000E+00  0.0000E+00  1.5000E+00
1.6229E-02  4.2425E+03  4.9800E+02  1.0000E+00  0.0000E+00  0.0000E+00  1.5000E+00
1.8456E-02  4.2571E+03  5.6620E+02  1.0000E+00  0.0000E+00  0.0000E+00  1.5000E+00
2.0972E-02  4.2721E+03  6.4290E+02  1.0000E+00  0.0000E+00  0.0000E+00  1.5000E+00
2.3811E-02  4.2887E+03  7.3050E+02  1.0000E+00  0.0000E+00  0.0000E+00  1.5000E+00
2.7015E-02  4.3047E+03  8.2740E+02  1.0000E+00  0.0000E+00  0.0000E+00  1.5000E+00
3.0637E-02  4.3182E+03  9.3300E+02  1.0000E+00  0.0000E+00  0.0000E+00  1.5000E+00
3.4738E-02  4.3295E+03  1.0490E+03  1.0000E+00  0.0000E+00  0.0000E+00  1.5000E+00
3.9380E-02  4.3434E+03  1.1810E+03  1.0000E+00  0.0000E+00  0.0000E+00  1.5000E+00
4.4628E-02  4.3643E+03  1.3340E+03  1.0000E+00  0.0000E+00  0.0000E+00  1.5000E+00
5.0549E-02  4.3964E+03  1.5140E+03  1.0000E+00  0.0000E+00  0.0000E+00  1.5000E+00
5.7226E-02  4.4399E+03  1.7210E+03  1.0000E+00  0.0000E+00  0.0000E+00  1.5000E+00
6.4757E-02  4.4947E+03  1.9630E+03  1.0000E+00  0.0000E+00  0.0000E+00  1.5000E+00
7.3243E-02  4.5558E+03  2.2460E+03  1.0000E+00  0.0000E+00  0.0000E+00  1.5000E+00
8.2786E-02  4.6149E+03  2.5700E+03  1.0000E+00  0.0000E+00  0.0000E+00  1.5000E+00
9.3491E-02  4.6754E+03  2.9420E+03  1.0000E+00  0.0000E+00  0.0000E+00  1.5000E+00
1.0547E-01  4.7446E+03  3.3730E+03  1.0000E+00  0.0000E+00  0.0000E+00  1.5000E+00
1.1881E-01  4.7976E+03  3.8650E+03  1.0000E+00  0.0000E+00  0.0000E+00  1.5000E+00
1.3363E-01  4.8287E+03  4.4080E+03  1.0000E+00  0.0000E+00  0.0000E+00  1.5000E+00
1.5015E-01  4.8513E+03  4.9860E+03  1.0000E+00  0.0000E+00  0.0000E+00  1.5000E+00
1.6871E-01  4.8604E+03  5.5890E+03  1.0000E+00  0.0000E+00  0.0000E+00  1.5000E+00
1.8967E-01  4.8655E+03  6.2300E+03  1.0000E+00  0.0000E+00  0.0000E+00  1.5000E+00
2.1343E-01  4.8774E+03  6.9200E+03  1.0000E+00  0.0000E+00  0.0000E+00  1.5000E+00
2.4039E-01  4.8888E+03  7.6840E+03  1.0000E+00  0.0000E+00  0.0000E+00  1.5000E+00
2.7098E-01  4.9002E+03  8.5370E+03  1.0000E+00  0.0000E+00  0.0000E+00  1.5000E+00
3.0569E-01  4.9374E+03  9.4870E+03  1.0000E+00  0.0000E+00  0.0000E+00  1.5000E+00
3.4509E-01  4.9732E+03  1.0520E+04  1.0000E+00  0.0000E+00  0.0000E+00  1.5000E+00
3.8985E-01  4.9864E+03  1.1650E+04  1.0000E+00  0.0000E+00  0.0000E+00  1.5000E+00
4.4077E-01  4.9729E+03  1.2900E+04  1.0000E+00  0.0000E+00  0.0000E+00  1.5000E+00
4.9868E-01  4.9577E+03  1.4340E+04  1.0000E+00  0.0000E+00  0.0000E+00  1.5000E+00
5.6428E-01  4.9450E+03  1.5980E+04  1.0000E+00  0.0000E+00  0.0000E+00  1.5000E+00
6.3847E-01  4.9349E+03  1.7830E+04  1.0000E+00  0.0000E+00  0.0000E+00  1.5000E+00
7.2242E-01  4.9234E+03  1.9840E+04  1.0000E+00  0.0000E+00  0.0000E+00  1.5000E+00
8.1766E-01  4.9101E+03  2.2020E+04  1.0000E+00  0.0000E+00  0.0000E+00  1.5000E+00
9.2575E-01  4.9049E+03  2.4500E+04  1.0000E+00  0.0000E+00  0.0000E+00  1.5000E+00
1.0482E+00  4.9105E+03  2.7350E+04  1.0000E+00  0.0000E+00  0.0000E+00  1.5000E+00
1.1869E+00  4.9255E+03  3.0470E+04  1.0000E+00  0.0000E+00  0.0000E+00  1.5000E+00
1.3442E+00  4.9541E+03  3.3980E+04  1.0000E+00  0.0000E+00  0.0000E+00  1.5000E+00
1.5217E+00  5.0014E+03  3.8210E+04  1.0000E+00  0.0000E+00  0.0000E+00  1.5000E+00
1.7213E+00  5.0446E+03  4.2910E+04  1.0000E+00  0.0000E+00  0.0000E+00  1.5000E+00
1.9471E+00  5.0847E+03  4.7570E+04  1.0000E+00  0.0000E+00  0.0000E+00  1.5000E+00
2.2051E+00  5.1470E+03  5.1790E+04  1.0000E+00  0.0000E+00  0.0000E+00  1.5000E+00
2.5048E+00  5.2968E+03  5.3970E+04  1.0000E+00  0.0000E+00  0.0000E+00  1.5000E+00
2.8381E+00  5.5296E+03  5.6450E+04  1.0000E+00  0.0000E+00  0.0000E+00  1.5000E+00
3.1757E+00  5.7287E+03  5.9500E+04  1.0000E+00  0.0000E+00  0.0000E+00  1.5000E+00
3.5181E+00  5.8767E+03  6.0200E+04  1.0000E+00  0.0000E+00  0.0000E+00  1.5000E+00
3.8385E+00  6.1405E+03  6.1470E+04  1.0000E+00  0.0000E+00  0.0000E+00  1.5000E+00
4.1110E+00  6.3646E+03  6.8390E+04  1.0000E+00  0.0000E+00  0.0000E+00  1.5000E+00
4.3509E+00  6.4799E+03  8.2990E+04  1.0000E+00  0.0000E+00  0.0000E+00  1.5000E+00
4.6065E+00  6.4727E+03  9.9200E+04  1.0000E+00  0.0000E+00  0.0000E+00  1.5000E+00
4.8775E+00  6.5959E+03  1.1130E+05  1.0000E+00  0.0000E+00  0.0000E+00  1.5000E+00
5.0189E+00  7.0637E+03  1.1780E+05  1.0000E+00  0.0000E+00  0.0000E+00  1.5000E+00
5.1094E+00  7.6367E+03  1.2310E+05  1.0000E+00  0.0000E+00  0.0000E+00  1.5000E+00
5.2014E+00  8.2096E+03  1.2870E+05  1.0000E+00  0.0000E+00  0.0000E+00  1.5000E+00
5.2499E+00  8.5227E+03  1.3030E+05  1.0000E+00  0.0000E+00  0.0000E+00  1.5000E+00
5.2941E+00  8.8087E+03  1.3160E+05  1.0000E+00  0.0000E+00  0.0000E+00  1.5000E+00
5.3387E+00  9.0947E+03  1.3290E+05  1.0000E+00  0.0000E+00  0.0000E+00  1.5000E+00
5.3837E+00  9.3808E+03  1.3420E+05  1.0000E+00  0.0000E+00  0.0000E+00  1.5000E+00
5.4291E+00  9.6668E+03  1.3550E+05  1.0000E+00  0.0000E+00  0.0000E+00  1.5000E+00
5.4759E+00  9.8395E+03  1.3770E+05  1.0000E+00  0.0000E+00  0.0000E+00  1.5000E+00
5.5233E+00  9.9904E+03  1.4020E+05  1.0000E+00  0.0000E+00  0.0000E+00  1.5000E+00
5.5712E+00  1.0141E+04  1.4270E+05  1.0000E+00  0.0000E+00  0.0000E+00  1.5000E+00
5.6194E+00  1.0292E+04  1.4520E+05  1.0000E+00  0.0000E+00  0.0000E+00  1.5000E+00
5.6778E+00  1.0403E+04  1.4780E+05  1.0000E+00  0.0000E+00  0.0000E+00  1.5000E+00
5.7469E+00  1.0473E+04  1.5060E+05  1.0000E+00  0.0000E+00  0.0000E+00  1.5000E+00
5.8169E+00  1.0543E+04  1.5340E+05  1.0000E+00  0.0000E+00  0.0000E+00  1.5000E+00
5.9015E+00  1.0612E+04  1.5710E+05  1.0000E+00  0.0000E+00  0.0000E+00  1.5000E+00
6.0015E+00  1.0682E+04  1.6170E+05  1.0000E+00  0.0000E+00  0.0000E+00  1.5000E+00
6.1132E+00  1.0748E+04  1.6670E+05  1.0000E+00  0.0000E+00  0.0000E+00  1.5000E+00
6.2463E+00  1.0805E+04  1.7200E+05  1.0000E+00  0.0000E+00  0.0000E+00  1.5000E+00
6.4026E+00  1.0861E+04  1.7860E+05  1.0000E+00  0.0000E+00  0.0000E+00  1.5000E+00
6.5817E+00  1.0918E+04  1.8600E+05  1.0000E+00  0.0000E+00  0.0000E+00  1.5000E+00
6.7909E+00  1.0979E+04  1.9400E+05  1.0000E+00  0.0000E+00  0.0000E+00  1.5000E+00
7.0362E+00  1.1037E+04  2.0310E+05  1.0000E+00  0.0000E+00  0.0000E+00  1.5000E+00
7.3233E+00  1.1098E+04  2.1290E+05  1.0000E+00  0.0000E+00  0.0000E+00  1.5000E+00
7.6574E+00  1.1161E+04  2.2380E+05  1.0000E+00  0.0000E+00  0.0000E+00  1.5000E+00
8.0433E+00  1.1227E+04  2.3610E+05  1.0000E+00  0.0000E+00  0.0000E+00  1.5000E+00
