7.9016E-03  4.1269E+03  2.3570E+02  1.0000E+00  0.0000E+00  0.0000E+00  1.5000E+00
9.1718E-03  4.1342E+03  2.6070E+02  1.0000E+00  0.0000E+00  0.0000E+00  1.5000E+00
1.0641E-02  4.1387E+03  2.9010E+02  1.0000E+00  0.0000E+00  0.0000E+00  1.5000E+00
1.2328E-02  4.1413E+03  3.2550E+02  1.0000E+00  0.0000E+00  0.0000E+00  1.5000E+00
1.4251E-02  4.1437E+03  3.6840E+02  1.0000E+00  0.0000E+00  0.0000E+00  1.5000E+00
1.6428E-02  4.1504E+03  4.2130E+02  1.0000E+00  0.0000E+00  0.0000E+00  1.5000E+00
1.8868E-02  4.1593E+03  4.8620E+02  1.0000E+00  0.0000E+00  0.0000E+00  1.5000E+00
2.1599E-02  4.1648E+03  5.6130E+02  1.0000E+00  0.0000E+00  0.0000E+00  1.5000E+00
2.4642E-02  4.1666E+03  6.4450E+02  1.0000E+00  0.0000E+00  0.0000E+00  1.5000E+00
2.8055E-02  4.1748E+03  7.3790E+02  1.0000E+00  0.0000E+00  0.0000E+00  1.5000E+00
3.1886E-02  4.1945E+03  8.4350E+02  1.0000E+00  0.0000E+00  0.0000E+00  1.5000E+00
3.6186E-02  4.2178E+03  9.6300E+02  1.0000E+00  0.0000E+00  0.0000E+00  1.5000E+00
4.1019E-02  4.2330E+03  1.0960E+03  1.0000E+00  0.0000E+00  0.0000E+00  1.5000E+00
4.6454E-02  4.2374E+03  1.2440E+03  1.0000E+00  0.0000E+00  0.0000E+00  1.5000E+00
5.2558E-02  4.2350E+03  1.4140E+03  1.0000E+00  0.0000E+00  0.0000E+00  1.5000E+00
5.9404E-02  4.2279E+03  1.6060E+03  1.0000E+00  0.0000E+00  0.0000E+00  1.5000E+00
6.7104E-02  4.2186E+03  1.8190E+03  1.0000E+00  0.0000E+00  0.0000E+00  1.5000E+00
7.5806E-02  4.2027E+03  2.0490E+03  1.0000E+00  0.0000E+00  0.0000E+00  1.5000E+00
8.5680E-02  4.1866E+03  2.3030E+03  1.0000E+00  0.0000E+00  0.0000E+00  1.5000E+00
9.6952E-02  4.1631E+03  2.5740E+03  1.0000E+00  0.0000E+00  0.0000E+00  1.5000E+00
1.0988E-01  4.1458E+03  2.8770E+03  1.0000E+00  0.0000E+00  0.0000E+00  1.5000E+00
1.2460E-01  4.1742E+03  3.2340E+03  1.0000E+00  0.0000E+00  0.0000E+00  1.5000E+00
1.4098E-01  4.2958E+03  3.6670E+03  1.0000E+00  0.0000E+00  0.0000E+00  1.5000E+00
1.5924E-01  4.3725E+03  4.0990E+03  1.0000E+00  0.0000E+00  0.0000E+00  1.5000E+00
1.7993E-01  4.3796E+03  4.5680E+03  1.0000E+00  0.0000E+00  0.0000E+00  1.5000E+00
2.0352E-01  4.3725E+03  5.0720E+03  1.0000E+00  0.0000E+00  0.0000E+00  1.5000E+00
2.3042E-01  4.3752E+03  5.6560E+03  1.0000E+00  0.0000E+00  0.0000E+00  1.5000E+00
2.6099E-01  4.4150E+03  6.3060E+03  1.0000E+00  0.0000E+00  0.0000E+00  1.5000E+00
2.9560E-01  4.5244E+03  7.0640E+03  1.0000E+00  0.0000E+00  0.0000E+00  1.5000E+00
3.3461E-01  4.7338E+03  8.1250E+03  1.0000E+00  0.0000E+00  0.0000E+00  1.5000E+00
3.7811E-01  4.8924E+03  9.5010E+03  1.0000E+00  0.0000E+00  0.0000E+00  1.5000E+00
4.2573E-01  4.7903E+03  1.0960E+04  1.0000E+00  0.0000E+00  0.0000E+00  1.5000E+00
4.7786E-01  4.7208E+03  1.2550E+04  1.0000E+00  0.0000E+00  0.0000E+00  1.5000E+00
5.3550E-01  4.7611E+03  1.4360E+04  1.0000E+00  0.0000E+00  0.0000E+00  1.5000E+00
5.9968E-01  4.7924E+03  1.6380E+04  1.0000E+00  0.0000E+00  0.0000E+00  1.5000E+00
6.7124E-01  4.8148E+03  1.8620E+04  1.0000E+00  0.0000E+00  0.0000E+00  1.5000E+00
7.5123E-01  4.8350E+03  2.1080E+04  1.0000E+00  0.0000E+00  0.0000E+00  1.5000E+00
8.4083E-01  4.8549E+03  2.3840E+04  1.0000E+00  0.0000E+00  0.0000E+00  1.5000E+00
9.4124E-01  4.8846E+03  2.6960E+04  1.0000E+00  0.0000E+00  0.0000E+00  1.5000E+00
1.0538E+00  4.9181E+03  3.0430E+04  1.0000E+00  0.0000E+00  0.0000E+00  1.5000E+00
1.1804E+00  4.9542E+03  3.4200E+04  1.0000E+00  0.0000E+00  0.0000E+00  1.5000E+00
1.3233E+00  4.9923E+03  3.8240E+04  1.0000E+00  0.0000E+00  0.0000E+00  1.5000E+00
1.4849E+00  5.0390E+03  4.2620E+04  1.0000E+00  0.0000E+00  0.0000E+00  1.5000E+00
1.6679E+00  5.1020E+03  4.7410E+04  1.0000E+00  0.0000E+00  0.0000E+00  1.5000E+00
1.8746E+00  5.1901E+03  5.2660E+04  1.0000E+00  0.0000E+00  0.0000E+00  1.5000E+00
2.1055E+00  5.3076E+03  5.8580E+04  1.0000E+00  0.0000E+00  0.0000E+00  1.5000E+00
2.3579E+00  5.4500E+03  6.5100E+04  1.0000E+00  0.0000E+00  0.0000E+00  1.5000E+00
2.6216E+00  5.6105E+03  7.1680E+04  1.0000E+00  0.0000E+00  0.0000E+00  1.5000E+00
2.8901E+00  5.7718E+03  7.8040E+04  1.0000E+00  0.0000E+00  0.0000E+00  1.5000E+00
3.1545E+00  5.9447E+03  8.4260E+04  1.0000E+00  0.0000E+00  0.0000E+00  1.5000E+00
3.4036E+00  6.1290E+03  9.0280E+04  1.0000E+00  0.0000E+00  0.0000E+00  1.5000E+00
3.6314E+00  6.3359E+03  9.6440E+04  1.0000E+00  0.0000E+00  0.0000E+00  1.5000E+00
3.8328E+00  6.5462E+03  1.0200E+05  1.0000E+00  0.0000E+00  0.0000E+00  1.5000E+00
4.0122E+00  6.7655E+03  1.0750E+05  1.0000E+00  0.0000E+00  0.0000E+00  1.5000E+00
4.1807E+00  6.9772E+03  1.1250E+05  1.0000E+00  0.0000E+00  0.0000E+00  1.5000E+00
4.3381E+00  7.1744E+03  1.1640E+05  1.0000E+00  0.0000E+00  0.0000E+00  1.5000E+00
4.4339E+00  7.5688E+03  1.1860E+05  1.0000E+00  0.0000E+00  0.0000E+00  1.5000E+00
4.5135E+00  8.0162E+03  1.2040E+05  1.0000E+00  0.0000E+00  0.0000E+00  1.5000E+00
4.5945E+00  8.4636E+03  1.2220E+05  1.0000E+00  0.0000E+00  0.0000E+00  1.5000E+00
4.6440E+00  8.7907E+03  1.2310E+05  1.0000E+00  0.0000E+00  0.0000E+00  1.5000E+00
4.6863E+00  9.0896E+03  1.2380E+05  1.0000E+00  0.0000E+00  0.0000E+00  1.5000E+00
4.7289E+00  9.3886E+03  1.2440E+05  1.0000E+00  0.0000E+00  0.0000E+00  1.5000E+00
4.7719E+00  9.6875E+03  1.2510E+05  1.0000E+00  0.0000E+00  0.0000E+00  1.5000E+00
4.8155E+00  9.9813E+03  1.2570E+05  1.0000E+00  0.0000E+00  0.0000E+00  1.5000E+00
4.8635E+00  1.0092E+04  1.2660E+05  1.0000E+00  0.0000E+00  0.0000E+00  1.5000E+00
4.9119E+00  1.0202E+04  1.2740E+05  1.0000E+00  0.0000E+00  0.0000E+00  1.5000E+00
4.9609E+00  1.0313E+04  1.2820E+05  1.0000E+00  0.0000E+00  0.0000E+00  1.5000E+00
5.0161E+00  1.0407E+04  1.2920E+05  1.0000E+00  0.0000E+00  0.0000E+00  1.5000E+00
5.0885E+00  1.0453E+04  1.3090E+05  1.0000E+00  0.0000E+00  0.0000E+00  1.5000E+00
5.1619E+00  1.0499E+04  1.3260E+05  1.0000E+00  0.0000E+00  0.0000E+00  1.5000E+00
5.2588E+00  1.0537E+04  1.3510E+05  1.0000E+00  0.0000E+00  0.0000E+00  1.5000E+00
5.3642E+00  1.0572E+04  1.3790E+05  1.0000E+00  0.0000E+00  0.0000E+00  1.5000E+00
5.5010E+00  1.0607E+04  1.4180E+05  1.0000E+00  0.0000E+00  0.0000E+00  1.5000E+00
5.6590E+00  1.0646E+04  1.4640E+05  1.0000E+00  0.0000E+00  0.0000E+00  1.5000E+00
5.8453E+00  1.0691E+04  1.5180E+05  1.0000E+00  0.0000E+00  0.0000E+00  1.5000E+00
6.0646E+00  1.0740E+04  1.5820E+05  1.0000E+00  0.0000E+00  0.0000E+00  1.5000E+00
6.3207E+00  1.0795E+04  1.6570E+05  1.0000E+00  0.0000E+00  0.0000E+00  1.5000E+00
6.6183E+00  1.0855E+04  1.7430E+05  1.0000E+00  0.0000E+00  0.0000E+00  1.5000E+00
6.9653E+00  1.0922E+04  1.8450E+05  1.0000E+00  0.0000E+00  0.0000E+00  1.5000E+00
7.3617E+00  1.0996E+04  1.9630E+05  1.0000E+00  0.0000E+00  0.0000E+00  1.5000E+00
7.8147E+00  1.1078E+04  2.1010E+05  1.0000E+00  0.0000E+00  0.0000E+00  1.5000E+00
