8.7605E-03  4.3792E+03  2.7260E+02  1.0000E+00  0.0000E+00  0.0000E+00  1.5000E+00
9.9891E-03  4.3765E+03  3.2020E+02  1.0000E+00  0.0000E+00  0.0000E+00  1.5000E+00
1.1360E-02  4.3770E+03  3.6660E+02  1.0000E+00  0.0000E+00  0.0000E+00  1.5000E+00
1.2906E-02  4.3879E+03  4.1670E+02  1.0000E+00  0.0000E+00  0.0000E+00  1.5000E+00
1.4659E-02  4.3984E+03  4.7080E+02  1.0000E+00  0.0000E+00  0.0000E+00  1.5000E+00
1.6648E-02  4.4160E+03  5.3310E+02  1.0000E+00  0.0000E+00  0.0000E+00  1.5000E+00
1.8896E-02  4.4498E+03  6.1100E+02  1.0000E+00  0.0000E+00  0.0000E+00  1.5000E+00
2.1425E-02  4.4921E+03  7.0440E+02  1.0000E+00  0.0000E+00  0.0000E+00  1.5000E+00
2.4264E-02  4.5185E+03  8.0700E+02  1.0000E+00  0.0000E+00  0.0000E+00  1.5000E+00
2.7438E-02  4.5128E+03  9.1730E+02  1.0000E+00  0.0000E+00  0.0000E+00  1.5000E+00
3.0980E-02  4.4826E+03  1.0320E+03  1.0000E+00  0.0000E+00  0.0000E+00  1.5000E+00
3.4929E-02  4.4395E+03  1.1550E+03  1.0000E+00  0.0000E+00  0.0000E+00  1.5000E+00
3.9348E-02  4.4026E+03  1.2860E+03  1.0000E+00  0.0000E+00  0.0000E+00  1.5000E+00
4.4292E-02  4.3364E+03  1.4350E+03  1.0000E+00  0.0000E+00  0.0000E+00  1.5000E+00
4.9846E-02  4.2613E+03  1.5940E+03  1.0000E+00  0.0000E+00  0.0000E+00  1.5000E+00
5.6154E-02  4.1957E+03  1.7730E+03  1.0000E+00  0.0000E+00  0.0000E+00  1.5000E+00
6.3388E-02  4.1510E+03  1.9690E+03  1.0000E+00  0.0000E+00  0.0000E+00  1.5000E+00
7.1700E-02  4.1359E+03  2.1930E+03  1.0000E+00  0.0000E+00  0.0000E+00  1.5000E+00
8.1205E-02  4.1586E+03  2.4400E+03  1.0000E+00  0.0000E+00  0.0000E+00  1.5000E+00
9.1994E-02  4.1926E+03  2.7280E+03  1.0000E+00  0.0000E+00  0.0000E+00  1.5000E+00
1.0420E-01  4.2268E+03  3.0520E+03  1.0000E+00  0.0000E+00  0.0000E+00  1.5000E+00
1.1801E-01  4.2632E+03  3.4210E+03  1.0000E+00  0.0000E+00  0.0000E+00  1.5000E+00
1.3359E-01  4.3042E+03  3.8400E+03  1.0000E+00  0.0000E+00  0.0000E+00  1.5000E+00
1.5114E-01  4.3481E+03  4.3270E+03  1.0000E+00  0.0000E+00  0.0000E+00  1.5000E+00
1.7085E-01  4.4014E+03  4.9040E+03  1.0000E+00  0.0000E+00  0.0000E+00  1.5000E+00
1.9288E-01  4.4546E+03  5.5730E+03  1.0000E+00  0.0000E+00  0.0000E+00  1.5000E+00
2.1759E-01  4.4948E+03  6.3050E+03  1.0000E+00  0.0000E+00  0.0000E+00  1.5000E+00
2.4543E-01  4.5184E+03  7.0810E+03  1.0000E+00  0.0000E+00  0.0000E+00  1.5000E+00
2.7692E-01  4.5337E+03  7.9130E+03  1.0000E+00  0.0000E+00  0.0000E+00  1.5000E+00
3.1264E-01  4.5305E+03  8.8360E+03  1.0000E+00  0.0000E+00  0.0000E+00  1.5000E+00
3.5309E-01  4.5299E+03  9.9150E+03  1.0000E+00  0.0000E+00  0.0000E+00  1.5000E+00
3.9867E-01  4.5486E+03  1.1190E+04  1.0000E+00  0.0000E+00  0.0000E+00  1.5000E+00
4.4995E-01  4.5631E+03  1.2630E+04  1.0000E+00  0.0000E+00  0.0000E+00  1.5000E+00
5.0762E-01  4.5706E+03  1.4280E+04  1.0000E+00  0.0000E+00  0.0000E+00  1.5000E+00
5.7248E-01  4.5748E+03  1.6120E+04  1.0000E+00  0.0000E+00  0.0000E+00  1.5000E+00
6.4570E-01  4.5734E+03  1.8130E+04  1.0000E+00  0.0000E+00  0.0000E+00  1.5000E+00
7.2874E-01  4.5641E+03  2.0280E+04  1.0000E+00  0.0000E+00  0.0000E+00  1.5000E+00
8.2338E-01  4.5612E+03  2.2620E+04  1.0000E+00  0.0000E+00  0.0000E+00  1.5000E+00
9.3107E-01  4.5834E+03  2.5240E+04  1.0000E+00  0.0000E+00  0.0000E+00  1.5000E+00
1.0529E+00  4.6210E+03  2.8220E+04  1.0000E+00  0.0000E+00  0.0000E+00  1.5000E+00
1.1902E+00  4.6697E+03  3.1600E+04  1.0000E+00  0.0000E+00  0.0000E+00  1.5000E+00
1.3450E+00  4.7221E+03  3.5280E+04  1.0000E+00  0.0000E+00  0.0000E+00  1.5000E+00
1.5202E+00  4.7728E+03  3.9140E+04  1.0000E+00  0.0000E+00  0.0000E+00  1.5000E+00
1.7196E+00  4.8326E+03  4.3240E+04  1.0000E+00  0.0000E+00  0.0000E+00  1.5000E+00
1.9463E+00  4.9124E+03  4.7860E+04  1.0000E+00  0.0000E+00  0.0000E+00  1.5000E+00
2.2034E+00  5.0325E+03  5.3130E+04  1.0000E+00  0.0000E+00  0.0000E+00  1.5000E+00
2.4929E+00  5.1821E+03  5.9320E+04  1.0000E+00  0.0000E+00  0.0000E+00  1.5000E+00
2.8127E+00  5.3567E+03  6.6550E+04  1.0000E+00  0.0000E+00  0.0000E+00  1.5000E+00
3.1466E+00  5.5563E+03  7.4900E+04  1.0000E+00  0.0000E+00  0.0000E+00  1.5000E+00
3.4789E+00  5.7484E+03  8.3250E+04  1.0000E+00  0.0000E+00  0.0000E+00  1.5000E+00
3.7914E+00  5.9440E+03  9.1220E+04  1.0000E+00  0.0000E+00  0.0000E+00  1.5000E+00
4.0808E+00  6.1505E+03  9.8370E+04  1.0000E+00  0.0000E+00  0.0000E+00  1.5000E+00
4.3394E+00  6.3717E+03  1.0420E+05  1.0000E+00  0.0000E+00  0.0000E+00  1.5000E+00
4.5598E+00  6.6278E+03  1.1000E+05  1.0000E+00  0.0000E+00  0.0000E+00  1.5000E+00
4.7458E+00  6.9148E+03  1.1520E+05  1.0000E+00  0.0000E+00  0.0000E+00  1.5000E+00
4.8993E+00  7.2216E+03  1.1870E+05  1.0000E+00  0.0000E+00  0.0000E+00  1.5000E+00
4.9967E+00  7.6116E+03  1.2040E+05  1.0000E+00  0.0000E+00  0.0000E+00  1.5000E+00
5.0686E+00  8.0388E+03  1.2110E+05  1.0000E+00  0.0000E+00  0.0000E+00  1.5000E+00
5.1416E+00  8.4660E+03  1.2190E+05  1.0000E+00  0.0000E+00  0.0000E+00  1.5000E+00
5.2024E+00  8.8249E+03  1.2270E+05  1.0000E+00  0.0000E+00  0.0000E+00  1.5000E+00
5.2463E+00  9.0925E+03  1.2360E+05  1.0000E+00  0.0000E+00  0.0000E+00  1.5000E+00
5.2906E+00  9.3601E+03  1.2440E+05  1.0000E+00  0.0000E+00  0.0000E+00  1.5000E+00
5.3352E+00  9.6277E+03  1.2530E+05  1.0000E+00  0.0000E+00  0.0000E+00  1.5000E+00
5.3802E+00  9.8954E+03  1.2620E+05  1.0000E+00  0.0000E+00  0.0000E+00  1.5000E+00
5.4312E+00  1.0020E+04  1.2750E+05  1.0000E+00  0.0000E+00  0.0000E+00  1.5000E+00
5.4837E+00  1.0122E+04  1.2890E+05  1.0000E+00  0.0000E+00  0.0000E+00  1.5000E+00
5.5367E+00  1.0223E+04  1.3030E+05  1.0000E+00  0.0000E+00  0.0000E+00  1.5000E+00
5.5970E+00  1.0312E+04  1.3220E+05  1.0000E+00  0.0000E+00  0.0000E+00  1.5000E+00
5.6739E+00  1.0372E+04  1.3510E+05  1.0000E+00  0.0000E+00  0.0000E+00  1.5000E+00
5.7517E+00  1.0432E+04  1.3820E+05  1.0000E+00  0.0000E+00  0.0000E+00  1.5000E+00
5.8547E+00  1.0476E+04  1.4160E+05  1.0000E+00  0.0000E+00  0.0000E+00  1.5000E+00
5.9649E+00  1.0519E+04  1.4530E+05  1.0000E+00  0.0000E+00  0.0000E+00  1.5000E+00
6.1051E+00  1.0571E+04  1.5000E+05  1.0000E+00  0.0000E+00  0.0000E+00  1.5000E+00
6.2649E+00  1.0628E+04  1.5510E+05  1.0000E+00  0.0000E+00  0.0000E+00  1.5000E+00
6.4498E+00  1.0692E+04  1.6090E+05  1.0000E+00  0.0000E+00  0.0000E+00  1.5000E+00
6.6641E+00  1.0759E+04  1.6760E+05  1.0000E+00  0.0000E+00  0.0000E+00  1.5000E+00
6.9119E+00  1.0827E+04  1.7540E+05  1.0000E+00  0.0000E+00  0.0000E+00  1.5000E+00
7.1968E+00  1.0898E+04  1.8450E+05  1.0000E+00  0.0000E+00  0.0000E+00  1.5000E+00
7.5232E+00  1.0967E+04  1.9460E+05  1.0000E+00  0.0000E+00  0.0000E+00  1.5000E+00
7.9064E+00  1.1019E+04  2.0560E+05  1.0000E+00  0.0000E+00  0.0000E+00  1.5000E+00
8.3526E+00  1.1060E+04  2.1790E+05  1.0000E+00  0.0000E+00  0.0000E+00  1.5000E+00
