8.7317E-03  3.6745E+03  2.0490E+02  1.0000E+00  0.0000E+00  0.0000E+00  1.5000E+00
1.0109E-02  3.7150E+03  2.3500E+02  1.0000E+00  0.0000E+00  0.0000E+00  1.5000E+00
1.1660E-02  3.7617E+03  2.7050E+02  1.0000E+00  0.0000E+00  0.0000E+00  1.5000E+00
1.3398E-02  3.8152E+03  3.1230E+02  1.0000E+00  0.0000E+00  0.0000E+00  1.5000E+00
1.5337E-02  3.8752E+03  3.6170E+02  1.0000E+00  0.0000E+00  0.0000E+00  1.5000E+00
1.7501E-02  3.9397E+03  4.1910E+02  1.0000E+00  0.0000E+00  0.0000E+00  1.5000E+00
1.9908E-02  4.0058E+03  4.8590E+02  1.0000E+00  0.0000E+00  0.0000E+00  1.5000E+00
2.2599E-02  4.0649E+03  5.6230E+02  1.0000E+00  0.0000E+00  0.0000E+00  1.5000E+00
2.5608E-02  4.1180E+03  6.5160E+02  1.0000E+00  0.0000E+00  0.0000E+00  1.5000E+00
2.8965E-02  4.1523E+03  7.5230E+02  1.0000E+00  0.0000E+00  0.0000E+00  1.5000E+00
3.2715E-02  4.1834E+03  8.6760E+02  1.0000E+00  0.0000E+00  0.0000E+00  1.5000E+00
3.6914E-02  4.2193E+03  9.9540E+02  1.0000E+00  0.0000E+00  0.0000E+00  1.5000E+00
4.1629E-02  4.2660E+03  1.1380E+03  1.0000E+00  0.0000E+00  0.0000E+00  1.5000E+00
4.6949E-02  4.3048E+03  1.2880E+03  1.0000E+00  0.0000E+00  0.0000E+00  1.5000E+00
5.2987E-02  4.3328E+03  1.4450E+03  1.0000E+00  0.0000E+00  0.0000E+00  1.5000E+00
5.9865E-02  4.3409E+03  1.6060E+03  1.0000E+00  0.0000E+00  0.0000E+00  1.5000E+00
6.7711E-02  4.3300E+03  1.7740E+03  1.0000E+00  0.0000E+00  0.0000E+00  1.5000E+00
7.6670E-02  4.3140E+03  1.9660E+03  1.0000E+00  0.0000E+00  0.0000E+00  1.5000E+00
8.6877E-02  4.2974E+03  2.1870E+03  1.0000E+00  0.0000E+00  0.0000E+00  1.5000E+00
9.8464E-02  4.3009E+03  2.4510E+03  1.0000E+00  0.0000E+00  0.0000E+00  1.5000E+00
1.1154E-01  4.3134E+03  2.7720E+03  1.0000E+00  0.0000E+00  0.0000E+00  1.5000E+00
1.2623E-01  4.3148E+03  3.1490E+03  1.0000E+00  0.0000E+00  0.0000E+00  1.5000E+00
1.4271E-01  4.3142E+03  3.5830E+03  1.0000E+00  0.0000E+00  0.0000E+00  1.5000E+00
1.6119E-01  4.3145E+03  4.0630E+03  1.0000E+00  0.0000E+00  0.0000E+00  1.5000E+00
1.8200E-01  4.3168E+03  4.5970E+03  1.0000E+00  0.0000E+00  0.0000E+00  1.5000E+00
2.0544E-01  4.3259E+03  5.1980E+03  1.0000E+00  0.0000E+00  0.0000E+00  1.5000E+00
2.3180E-01  4.3466E+03  5.8750E+03  1.0000E+00  0.0000E+00  0.0000E+00  1.5000E+00
2.6142E-01  4.3772E+03  6.6450E+03  1.0000E+00  0.0000E+00  0.0000E+00  1.5000E+00
2.9460E-01  4.4169E+03  7.5260E+03  1.0000E+00  0.0000E+00  0.0000E+00  1.5000E+00
3.3166E-01  4.4665E+03  8.5500E+03  1.0000E+00  0.0000E+00  0.0000E+00  1.5000E+00
3.7298E-01  4.5237E+03  9.7370E+03  1.0000E+00  0.0000E+00  0.0000E+00  1.5000E+00
4.1901E-01  4.5878E+03  1.1110E+04  1.0000E+00  0.0000E+00  0.0000E+00  1.5000E+00
4.7029E-01  4.6541E+03  1.2660E+04  1.0000E+00  0.0000E+00  0.0000E+00  1.5000E+00
5.2758E-01  4.7137E+03  1.4370E+04  1.0000E+00  0.0000E+00  0.0000E+00  1.5000E+00
5.9191E-01  4.7610E+03  1.6200E+04  1.0000E+00  0.0000E+00  0.0000E+00  1.5000E+00
6.6451E-01  4.7878E+03  1.8110E+04  1.0000E+00  0.0000E+00  0.0000E+00  1.5000E+00
7.4701E-01  4.7949E+03  2.0110E+04  1.0000E+00  0.0000E+00  0.0000E+00  1.5000E+00
8.4085E-01  4.7941E+03  2.2300E+04  1.0000E+00  0.0000E+00  0.0000E+00  1.5000E+00
9.4765E-01  4.7897E+03  2.4740E+04  1.0000E+00  0.0000E+00  0.0000E+00  1.5000E+00
1.0696E+00  4.7834E+03  2.7390E+04  1.0000E+00  0.0000E+00  0.0000E+00  1.5000E+00
1.2087E+00  4.7796E+03  3.0320E+04  1.0000E+00  0.0000E+00  0.0000E+00  1.5000E+00
1.3673E+00  4.8074E+03  3.3750E+04  1.0000E+00  0.0000E+00  0.0000E+00  1.5000E+00
1.5470E+00  4.8824E+03  3.7690E+04  1.0000E+00  0.0000E+00  0.0000E+00  1.5000E+00
1.7498E+00  4.9854E+03  4.2110E+04  1.0000E+00  0.0000E+00  0.0000E+00  1.5000E+00
1.9790E+00  5.1047E+03  4.6790E+04  1.0000E+00  0.0000E+00  0.0000E+00  1.5000E+00
2.2374E+00  5.2375E+03  5.1790E+04  1.0000E+00  0.0000E+00  0.0000E+00  1.5000E+00
2.5220E+00  5.3694E+03  5.7910E+04  1.0000E+00  0.0000E+00  0.0000E+00  1.5000E+00
2.8283E+00  5.5051E+03  6.4200E+04  1.0000E+00  0.0000E+00  0.0000E+00  1.5000E+00
3.1500E+00  5.6451E+03  7.0570E+04  1.0000E+00  0.0000E+00  0.0000E+00  1.5000E+00
3.4788E+00  5.7950E+03  7.6350E+04  1.0000E+00  0.0000E+00  0.0000E+00  1.5000E+00
3.8016E+00  5.9635E+03  8.2110E+04  1.0000E+00  0.0000E+00  0.0000E+00  1.5000E+00
4.1036E+00  6.1699E+03  8.8190E+04  1.0000E+00  0.0000E+00  0.0000E+00  1.5000E+00
4.3753E+00  6.3832E+03  9.3740E+04  1.0000E+00  0.0000E+00  0.0000E+00  1.5000E+00
4.6215E+00  6.5774E+03  9.8730E+04  1.0000E+00  0.0000E+00  0.0000E+00  1.5000E+00
4.8602E+00  6.7057E+03  1.0410E+05  1.0000E+00  0.0000E+00  0.0000E+00  1.5000E+00
5.1117E+00  6.7815E+03  1.1030E+05  1.0000E+00  0.0000E+00  0.0000E+00  1.5000E+00
5.3891E+00  6.8401E+03  1.1460E+05  1.0000E+00  0.0000E+00  0.0000E+00  1.5000E+00
5.5732E+00  7.4587E+03  1.2030E+05  1.0000E+00  0.0000E+00  0.0000E+00  1.5000E+00
5.6850E+00  7.9544E+03  1.2300E+05  1.0000E+00  0.0000E+00  0.0000E+00  1.5000E+00
5.7642E+00  8.3960E+03  1.2440E+05  1.0000E+00  0.0000E+00  0.0000E+00  1.5000E+00
5.8445E+00  8.8376E+03  1.2580E+05  1.0000E+00  0.0000E+00  0.0000E+00  1.5000E+00
5.9146E+00  9.0604E+03  1.2740E+05  1.0000E+00  0.0000E+00  0.0000E+00  1.5000E+00
5.9821E+00  9.2165E+03  1.2910E+05  1.0000E+00  0.0000E+00  0.0000E+00  1.5000E+00
6.0504E+00  9.3726E+03  1.3090E+05  1.0000E+00  0.0000E+00  0.0000E+00  1.5000E+00
6.1275E+00  9.5019E+03  1.3280E+05  1.0000E+00  0.0000E+00  0.0000E+00  1.5000E+00
6.2108E+00  9.6139E+03  1.3490E+05  1.0000E+00  0.0000E+00  0.0000E+00  1.5000E+00
6.2967E+00  9.7255E+03  1.3700E+05  1.0000E+00  0.0000E+00  0.0000E+00  1.5000E+00
6.4006E+00  9.8310E+03  1.4010E+05  1.0000E+00  0.0000E+00  0.0000E+00  1.5000E+00
6.5071E+00  9.9351E+03  1.4330E+05  1.0000E+00  0.0000E+00  0.0000E+00  1.5000E+00
6.6370E+00  1.0005E+04  1.4660E+05  1.0000E+00  0.0000E+00  0.0000E+00  1.5000E+00
6.7807E+00  1.0062E+04  1.5040E+05  1.0000E+00  0.0000E+00  0.0000E+00  1.5000E+00
6.9471E+00  1.0098E+04  1.5490E+05  1.0000E+00  0.0000E+00  0.0000E+00  1.5000E+00
7.1510E+00  1.0129E+04  1.5860E+05  1.0000E+00  0.0000E+00  0.0000E+00  1.5000E+00
7.3888E+00  1.0192E+04  1.6420E+05  1.0000E+00  0.0000E+00  0.0000E+00  1.5000E+00
7.6576E+00  1.0294E+04  1.7330E+05  1.0000E+00  0.0000E+00  0.0000E+00  1.5000E+00
7.9397E+00  1.0501E+04  1.8630E+05  1.0000E+00  0.0000E+00  0.0000E+00  1.5000E+00
8.2256E+00  1.0693E+04  2.0050E+05  1.0000E+00  0.0000E+00  0.0000E+00  1.5000E+00
8.5294E+00  1.0802E+04  2.1740E+05  1.0000E+00  0.0000E+00  0.0000E+00  1.5000E+00
8.8886E+00  1.0769E+04  2.3100E+05  1.0000E+00  0.0000E+00  0.0000E+00  1.5000E+00
9.3484E+00  1.0665E+04  2.4430E+05  1.0000E+00  0.0000E+00  0.0000E+00  1.5000E+00
9.9483E+00  1.0677E+04  2.6210E+05  1.0000E+00  0.0000E+00  0.0000E+00  1.5000E+00
