9.3551E-03  3.6919E+03  1.8490E+02  1.0000E+00  0.0000E+00  0.0000E+00  1.5000E+00
1.0810E-02  3.7140E+03  2.1080E+02  1.0000E+00  0.0000E+00  0.0000E+00  1.5000E+00
1.2472E-02  3.7424E+03  2.4040E+02  1.0000E+00  0.0000E+00  0.0000E+00  1.5000E+00
1.4356E-02  3.7823E+03  2.7520E+02  1.0000E+00  0.0000E+00  0.0000E+00  1.5000E+00
1.6478E-02  3.8312E+03  3.1680E+02  1.0000E+00  0.0000E+00  0.0000E+00  1.5000E+00
1.8850E-02  3.8913E+03  3.6840E+02  1.0000E+00  0.0000E+00  0.0000E+00  1.5000E+00
2.1475E-02  3.9667E+03  4.3430E+02  1.0000E+00  0.0000E+00  0.0000E+00  1.5000E+00
2.4360E-02  4.0423E+03  5.1330E+02  1.0000E+00  0.0000E+00  0.0000E+00  1.5000E+00
2.7558E-02  4.0975E+03  5.9940E+02  1.0000E+00  0.0000E+00  0.0000E+00  1.5000E+00
3.1134E-02  4.1240E+03  6.8630E+02  1.0000E+00  0.0000E+00  0.0000E+00  1.5000E+00
3.5163E-02  4.1445E+03  7.8060E+02  1.0000E+00  0.0000E+00  0.0000E+00  1.5000E+00
3.9703E-02  4.1732E+03  8.9050E+02  1.0000E+00  0.0000E+00  0.0000E+00  1.5000E+00
4.4807E-02  4.2122E+03  1.0180E+03  1.0000E+00  0.0000E+00  0.0000E+00  1.5000E+00
5.0544E-02  4.2696E+03  1.1660E+03  1.0000E+00  0.0000E+00  0.0000E+00  1.5000E+00
5.7001E-02  4.3441E+03  1.3390E+03  1.0000E+00  0.0000E+00  0.0000E+00  1.5000E+00
6.4290E-02  4.4359E+03  1.5430E+03  1.0000E+00  0.0000E+00  0.0000E+00  1.5000E+00
7.2538E-02  4.5290E+03  1.7780E+03  1.0000E+00  0.0000E+00  0.0000E+00  1.5000E+00
8.1859E-02  4.6190E+03  2.0460E+03  1.0000E+00  0.0000E+00  0.0000E+00  1.5000E+00
9.2352E-02  4.6966E+03  2.3450E+03  1.0000E+00  0.0000E+00  0.0000E+00  1.5000E+00
1.0405E-01  4.7526E+03  2.7060E+03  1.0000E+00  0.0000E+00  0.0000E+00  1.5000E+00
1.1693E-01  4.7854E+03  3.1460E+03  1.0000E+00  0.0000E+00  0.0000E+00  1.5000E+00
1.3098E-01  4.8195E+03  3.6560E+03  1.0000E+00  0.0000E+00  0.0000E+00  1.5000E+00
1.4644E-01  4.8483E+03  4.2040E+03  1.0000E+00  0.0000E+00  0.0000E+00  1.5000E+00
1.6359E-01  4.8622E+03  4.7860E+03  1.0000E+00  0.0000E+00  0.0000E+00  1.5000E+00
1.8269E-01  4.8686E+03  5.4270E+03  1.0000E+00  0.0000E+00  0.0000E+00  1.5000E+00
2.0396E-01  4.8809E+03  6.1820E+03  1.0000E+00  0.0000E+00  0.0000E+00  1.5000E+00
2.2754E-01  4.8937E+03  7.0740E+03  1.0000E+00  0.0000E+00  0.0000E+00  1.5000E+00
2.5375E-01  4.8820E+03  8.0090E+03  1.0000E+00  0.0000E+00  0.0000E+00  1.5000E+00
2.8322E-01  4.8457E+03  8.9110E+03  1.0000E+00  0.0000E+00  0.0000E+00  1.5000E+00
3.1668E-01  4.7972E+03  9.7840E+03  1.0000E+00  0.0000E+00  0.0000E+00  1.5000E+00
3.5486E-01  4.7607E+03  1.0730E+04  1.0000E+00  0.0000E+00  0.0000E+00  1.5000E+00
3.9844E-01  4.7371E+03  1.1810E+04  1.0000E+00  0.0000E+00  0.0000E+00  1.5000E+00
4.4811E-01  4.7229E+03  1.3050E+04  1.0000E+00  0.0000E+00  0.0000E+00  1.5000E+00
5.0470E-01  4.7312E+03  1.4480E+04  1.0000E+00  0.0000E+00  0.0000E+00  1.5000E+00
5.6907E-01  4.7556E+03  1.6110E+04  1.0000E+00  0.0000E+00  0.0000E+00  1.5000E+00
6.4223E-01  4.7560E+03  1.7890E+04  1.0000E+00  0.0000E+00  0.0000E+00  1.5000E+00
7.2552E-01  4.6973E+03  1.9800E+04  1.0000E+00  0.0000E+00  0.0000E+00  1.5000E+00
8.2147E-01  4.6014E+03  2.1850E+04  1.0000E+00  0.0000E+00  0.0000E+00  1.5000E+00
9.3319E-01  4.5395E+03  2.3720E+04  1.0000E+00  0.0000E+00  0.0000E+00  1.5000E+00
1.0651E+00  4.5298E+03  2.5560E+04  1.0000E+00  0.0000E+00  0.0000E+00  1.5000E+00
1.2178E+00  4.5975E+03  2.7870E+04  1.0000E+00  0.0000E+00  0.0000E+00  1.5000E+00
1.3894E+00  4.7069E+03  3.1230E+04  1.0000E+00  0.0000E+00  0.0000E+00  1.5000E+00
1.5813E+00  4.8268E+03  3.4870E+04  1.0000E+00  0.0000E+00  0.0000E+00  1.5000E+00
1.7992E+00  4.9430E+03  3.8260E+04  1.0000E+00  0.0000E+00  0.0000E+00  1.5000E+00
2.0483E+00  5.1171E+03  4.2190E+04  1.0000E+00  0.0000E+00  0.0000E+00  1.5000E+00
2.3212E+00  5.3417E+03  4.8270E+04  1.0000E+00  0.0000E+00  0.0000E+00  1.5000E+00
2.5949E+00  5.5718E+03  5.5530E+04  1.0000E+00  0.0000E+00  0.0000E+00  1.5000E+00
2.8506E+00  5.7817E+03  6.2590E+04  1.0000E+00  0.0000E+00  0.0000E+00  1.5000E+00
3.0908E+00  5.9446E+03  6.8720E+04  1.0000E+00  0.0000E+00  0.0000E+00  1.5000E+00
3.3246E+00  6.0790E+03  7.4020E+04  1.0000E+00  0.0000E+00  0.0000E+00  1.5000E+00
3.5554E+00  6.2257E+03  7.9060E+04  1.0000E+00  0.0000E+00  0.0000E+00  1.5000E+00
3.7736E+00  6.4161E+03  8.3780E+04  1.0000E+00  0.0000E+00  0.0000E+00  1.5000E+00
3.9714E+00  6.6301E+03  8.7540E+04  1.0000E+00  0.0000E+00  0.0000E+00  1.5000E+00
4.1509E+00  6.8452E+03  9.0420E+04  1.0000E+00  0.0000E+00  0.0000E+00  1.5000E+00
4.3150E+00  7.0723E+03  9.2860E+04  1.0000E+00  0.0000E+00  0.0000E+00  1.5000E+00
4.4651E+00  7.3254E+03  9.5000E+04  1.0000E+00  0.0000E+00  0.0000E+00  1.5000E+00
4.5822E+00  7.6680E+03  9.5770E+04  1.0000E+00  0.0000E+00  0.0000E+00  1.5000E+00
4.6871E+00  8.0020E+03  9.6050E+04  1.0000E+00  0.0000E+00  0.0000E+00  1.5000E+00
4.7730E+00  8.3241E+03  9.5640E+04  1.0000E+00  0.0000E+00  0.0000E+00  1.5000E+00
4.8556E+00  8.6151E+03  9.5420E+04  1.0000E+00  0.0000E+00  0.0000E+00  1.5000E+00
4.9287E+00  8.8381E+03  9.5620E+04  1.0000E+00  0.0000E+00  0.0000E+00  1.5000E+00
5.0030E+00  9.0571E+03  9.5850E+04  1.0000E+00  0.0000E+00  0.0000E+00  1.5000E+00
5.0806E+00  9.1850E+03  9.7160E+04  1.0000E+00  0.0000E+00  0.0000E+00  1.5000E+00
5.1593E+00  9.3129E+03  9.8480E+04  1.0000E+00  0.0000E+00  0.0000E+00  1.5000E+00
5.2525E+00  9.3921E+03  1.0100E+05  1.0000E+00  0.0000E+00  0.0000E+00  1.5000E+00
5.3522E+00  9.4693E+03  1.0400E+05  1.0000E+00  0.0000E+00  0.0000E+00  1.5000E+00
5.4669E+00  9.5426E+03  1.0800E+05  1.0000E+00  0.0000E+00  0.0000E+00  1.5000E+00
5.5975E+00  9.6279E+03  1.1260E+05  1.0000E+00  0.0000E+00  0.0000E+00  1.5000E+00
5.7409E+00  9.7323E+03  1.1800E+05  1.0000E+00  0.0000E+00  0.0000E+00  1.5000E+00
5.8964E+00  9.8600E+03  1.2410E+05  1.0000E+00  0.0000E+00  0.0000E+00  1.5000E+00
6.0621E+00  1.0007E+04  1.3060E+05  1.0000E+00  0.0000E+00  0.0000E+00  1.5000E+00
6.2367E+00  1.0162E+04  1.3690E+05  1.0000E+00  0.0000E+00  0.0000E+00  1.5000E+00
6.4231E+00  1.0293E+04  1.4390E+05  1.0000E+00  0.0000E+00  0.0000E+00  1.5000E+00
6.6327E+00  1.0341E+04  1.5120E+05  1.0000E+00  0.0000E+00  0.0000E+00  1.5000E+00
6.8774E+00  1.0391E+04  1.6010E+05  1.0000E+00  0.0000E+00  0.0000E+00  1.5000E+00
7.1637E+00  1.0440E+04  1.7030E+05  1.0000E+00  0.0000E+00  0.0000E+00  1.5000E+00
7.4974E+00  1.0478E+04  1.8130E+05  1.0000E+00  0.0000E+00  0.0000E+00  1.5000E+00
7.8899E+00  1.0516E+04  1.9310E+05  1.0000E+00  0.0000E+00  0.0000E+00  1.5000E+00
8.3429E+00  1.0617E+04  2.0380E+05  1.0000E+00  0.0000E+00  0.0000E+00  1.5000E+00
8.8231E+00  1.0816E+04  2.1400E+05  1.0000E+00  0.0000E+00  0.0000E+00  1.5000E+00
9.3317E+00  1.0930E+04  2.2540E+05  1.0000E+00  0.0000E+00  0.0000E+00  1.5000E+00
