7.8550E-03  3.8836E+03  2.4740E+02  1.0000E+00  0.0000E+00  0.0000E+00  1.5000E+00
9.0225E-03  3.9327E+03  2.8780E+02  1.0000E+00  0.0000E+00  0.0000E+00  1.5000E+00
1.0335E-02  3.9802E+03  3.3430E+02  1.0000E+00  0.0000E+00  0.0000E+00  1.5000E+00
1.1811E-02  4.0208E+03  3.8650E+02  1.0000E+00  0.0000E+00  0.0000E+00  1.5000E+00
1.3474E-02  4.0483E+03  4.4350E+02  1.0000E+00  0.0000E+00  0.0000E+00  1.5000E+00
1.5353E-02  4.0726E+03  5.0630E+02  1.0000E+00  0.0000E+00  0.0000E+00  1.5000E+00
1.7478E-02  4.0943E+03  5.7600E+02  1.0000E+00  0.0000E+00  0.0000E+00  1.5000E+00
1.9880E-02  4.1115E+03  6.5570E+02  1.0000E+00  0.0000E+00  0.0000E+00  1.5000E+00
2.2588E-02  4.1258E+03  7.4710E+02  1.0000E+00  0.0000E+00  0.0000E+00  1.5000E+00
2.5638E-02  4.1365E+03  8.5000E+02  1.0000E+00  0.0000E+00  0.0000E+00  1.5000E+00
2.9077E-02  4.1488E+03  9.6510E+02  1.0000E+00  0.0000E+00  0.0000E+00  1.5000E+00
3.2957E-02  4.1631E+03  1.0940E+03  1.0000E+00  0.0000E+00  0.0000E+00  1.5000E+00
3.7337E-02  4.1749E+03  1.2360E+03  1.0000E+00  0.0000E+00  0.0000E+00  1.5000E+00
4.2293E-02  4.1841E+03  1.3920E+03  1.0000E+00  0.0000E+00  0.0000E+00  1.5000E+00
4.7914E-02  4.1915E+03  1.5610E+03  1.0000E+00  0.0000E+00  0.0000E+00  1.5000E+00
5.4309E-02  4.1955E+03  1.7430E+03  1.0000E+00  0.0000E+00  0.0000E+00  1.5000E+00
6.1601E-02  4.1964E+03  1.9420E+03  1.0000E+00  0.0000E+00  0.0000E+00  1.5000E+00
6.9920E-02  4.2021E+03  2.1660E+03  1.0000E+00  0.0000E+00  0.0000E+00  1.5000E+00
7.9401E-02  4.2108E+03  2.4160E+03  1.0000E+00  0.0000E+00  0.0000E+00  1.5000E+00
9.0203E-02  4.2196E+03  2.6960E+03  1.0000E+00  0.0000E+00  0.0000E+00  1.5000E+00
1.0250E-01  4.2284E+03  3.0110E+03  1.0000E+00  0.0000E+00  0.0000E+00  1.5000E+00
1.1648E-01  4.2444E+03  3.3710E+03  1.0000E+00  0.0000E+00  0.0000E+00  1.5000E+00
1.3229E-01  4.2712E+03  3.7890E+03  1.0000E+00  0.0000E+00  0.0000E+00  1.5000E+00
1.5009E-01  4.3091E+03  4.2740E+03  1.0000E+00  0.0000E+00  0.0000E+00  1.5000E+00
1.7008E-01  4.3548E+03  4.8310E+03  1.0000E+00  0.0000E+00  0.0000E+00  1.5000E+00
1.9248E-01  4.4046E+03  5.4590E+03  1.0000E+00  0.0000E+00  0.0000E+00  1.5000E+00
2.1765E-01  4.4584E+03  6.1570E+03  1.0000E+00  0.0000E+00  0.0000E+00  1.5000E+00
2.4601E-01  4.5139E+03  6.9210E+03  1.0000E+00  0.0000E+00  0.0000E+00  1.5000E+00
2.7806E-01  4.5676E+03  7.7710E+03  1.0000E+00  0.0000E+00  0.0000E+00  1.5000E+00
3.1428E-01  4.6120E+03  8.7250E+03  1.0000E+00  0.0000E+00  0.0000E+00  1.5000E+00
3.5520E-01  4.6486E+03  9.8020E+03  1.0000E+00  0.0000E+00  0.0000E+00  1.5000E+00
4.0139E-01  4.6809E+03  1.1020E+04  1.0000E+00  0.0000E+00  0.0000E+00  1.5000E+00
4.5343E-01  4.7219E+03  1.2420E+04  1.0000E+00  0.0000E+00  0.0000E+00  1.5000E+00
5.1196E-01  4.7716E+03  1.4050E+04  1.0000E+00  0.0000E+00  0.0000E+00  1.5000E+00
5.7765E-01  4.8270E+03  1.5920E+04  1.0000E+00  0.0000E+00  0.0000E+00  1.5000E+00
6.5112E-01  4.8865E+03  1.8100E+04  1.0000E+00  0.0000E+00  0.0000E+00  1.5000E+00
7.3319E-01  4.9405E+03  2.0550E+04  1.0000E+00  0.0000E+00  0.0000E+00  1.5000E+00
8.2508E-01  4.9833E+03  2.3200E+04  1.0000E+00  0.0000E+00  0.0000E+00  1.5000E+00
9.2824E-01  5.0199E+03  2.6070E+04  1.0000E+00  0.0000E+00  0.0000E+00  1.5000E+00
1.0443E+00  5.0561E+03  2.9210E+04  1.0000E+00  0.0000E+00  0.0000E+00  1.5000E+00
1.1752E+00  5.0917E+03  3.2610E+04  1.0000E+00  0.0000E+00  0.0000E+00  1.5000E+00
1.3235E+00  5.1239E+03  3.6210E+04  1.0000E+00  0.0000E+00  0.0000E+00  1.5000E+00
1.4915E+00  5.1618E+03  4.0090E+04  1.0000E+00  0.0000E+00  0.0000E+00  1.5000E+00
1.6817E+00  5.2175E+03  4.4430E+04  1.0000E+00  0.0000E+00  0.0000E+00  1.5000E+00
1.8955E+00  5.2958E+03  4.9320E+04  1.0000E+00  0.0000E+00  0.0000E+00  1.5000E+00
2.1325E+00  5.3871E+03  5.4570E+04  1.0000E+00  0.0000E+00  0.0000E+00  1.5000E+00
2.3937E+00  5.4687E+03  6.0170E+04  1.0000E+00  0.0000E+00  0.0000E+00  1.5000E+00
2.6800E+00  5.5376E+03  6.6960E+04  1.0000E+00  0.0000E+00  0.0000E+00  1.5000E+00
2.9917E+00  5.6171E+03  7.4280E+04  1.0000E+00  0.0000E+00  0.0000E+00  1.5000E+00
3.3311E+00  5.7055E+03  7.6280E+04  1.0000E+00  0.0000E+00  0.0000E+00  1.5000E+00
3.7117E+00  5.8327E+03  7.8540E+04  1.0000E+00  0.0000E+00  0.0000E+00  1.5000E+00
4.0846E+00  6.0149E+03  8.1580E+04  1.0000E+00  0.0000E+00  0.0000E+00  1.5000E+00
4.4599E+00  6.1667E+03  8.2720E+04  1.0000E+00  0.0000E+00  0.0000E+00  1.5000E+00
4.7929E+00  6.3961E+03  9.3140E+04  1.0000E+00  0.0000E+00  0.0000E+00  1.5000E+00
5.0956E+00  6.5780E+03  1.0020E+05  1.0000E+00  0.0000E+00  0.0000E+00  1.5000E+00
5.3800E+00  6.7623E+03  1.0210E+05  1.0000E+00  0.0000E+00  0.0000E+00  1.5000E+00
5.6596E+00  6.9293E+03  9.9600E+04  1.0000E+00  0.0000E+00  0.0000E+00  1.5000E+00
5.9566E+00  7.0271E+03  9.5890E+04  1.0000E+00  0.0000E+00  0.0000E+00  1.5000E+00
6.2738E+00  7.1892E+03  9.6200E+04  1.0000E+00  0.0000E+00  0.0000E+00  1.5000E+00
6.5741E+00  7.4178E+03  1.0180E+05  1.0000E+00  0.0000E+00  0.0000E+00  1.5000E+00
6.8535E+00  7.6049E+03  1.1240E+05  1.0000E+00  0.0000E+00  0.0000E+00  1.5000E+00
7.1408E+00  7.6668E+03  1.2250E+05  1.0000E+00  0.0000E+00  0.0000E+00  1.5000E+00
7.4573E+00  7.7260E+03  1.4070E+05  1.0000E+00  0.0000E+00  0.0000E+00  1.5000E+00
7.7852E+00  7.8502E+03  1.6160E+05  1.0000E+00  0.0000E+00  0.0000E+00  1.5000E+00
8.1357E+00  7.8909E+03  1.8440E+05  1.0000E+00  0.0000E+00  0.0000E+00  1.5000E+00
8.4760E+00  8.1102E+03  2.0350E+05  1.0000E+00  0.0000E+00  0.0000E+00  1.5000E+00
8.7551E+00  8.7223E+03  2.1470E+05  1.0000E+00  0.0000E+00  0.0000E+00  1.5000E+00
8.8768E+00  9.2438E+03  2.1690E+05  1.0000E+00  0.0000E+00  0.0000E+00  1.5000E+00
9.0001E+00  9.7653E+03  2.1910E+05  1.0000E+00  0.0000E+00  0.0000E+00  1.5000E+00
9.1197E+00  1.0241E+04  2.2080E+05  1.0000E+00  0.0000E+00  0.0000E+00  1.5000E+00
9.2124E+00  1.0485E+04  2.1980E+05  1.0000E+00  0.0000E+00  0.0000E+00  1.5000E+00
9.3061E+00  1.0729E+04  2.1880E+05  1.0000E+00  0.0000E+00  0.0000E+00  1.5000E+00
9.4008E+00  1.0973E+04  2.1790E+05  1.0000E+00  0.0000E+00  0.0000E+00  1.5000E+00
9.5169E+00  1.1024E+04  2.1870E+05  1.0000E+00  0.0000E+00  0.0000E+00  1.5000E+00
9.6357E+00  1.1062E+04  2.1960E+05  1.0000E+00  0.0000E+00  0.0000E+00  1.5000E+00
9.7975E+00  1.0951E+04  2.1990E+05  1.0000E+00  0.0000E+00  0.0000E+00  1.5000E+00
1.0008E+01  1.0703E+04  2.1940E+05  1.0000E+00  0.0000E+00  0.0000E+00  1.5000E+00
1.0407E+01  1.0162E+04  2.1410E+05  1.0000E+00  0.0000E+00  0.0000E+00  1.5000E+00
1.1574E+01  9.0144E+03  2.3320E+05  1.0000E+00  0.0000E+00  0.0000E+00  1.5000E+00
1.3723E+01  9.1582E+03  3.8210E+05  1.0000E+00  0.0000E+00  0.0000E+00  1.5000E+00
1.4563E+01  1.0662E+04  4.1320E+05  1.0000E+00  0.0000E+00  0.0000E+00  1.5000E+00
