8.2239E-03  4.2180E+03  2.6150E+02  1.0000E+00  0.0000E+00  0.0000E+00  1.5000E+00
9.4292E-03  4.2851E+03  3.0900E+02  1.0000E+00  0.0000E+00  0.0000E+00  1.5000E+00
1.0793E-02  4.3204E+03  3.5730E+02  1.0000E+00  0.0000E+00  0.0000E+00  1.5000E+00
1.2341E-02  4.3326E+03  4.0340E+02  1.0000E+00  0.0000E+00  0.0000E+00  1.5000E+00
1.4107E-02  4.3381E+03  4.5060E+02  1.0000E+00  0.0000E+00  0.0000E+00  1.5000E+00
1.6127E-02  4.3386E+03  5.0130E+02  1.0000E+00  0.0000E+00  0.0000E+00  1.5000E+00
1.8433E-02  4.3352E+03  5.5710E+02  1.0000E+00  0.0000E+00  0.0000E+00  1.5000E+00
2.1062E-02  4.3314E+03  6.2020E+02  1.0000E+00  0.0000E+00  0.0000E+00  1.5000E+00
2.4052E-02  4.3306E+03  6.9240E+02  1.0000E+00  0.0000E+00  0.0000E+00  1.5000E+00
2.7447E-02  4.3288E+03  7.7380E+02  1.0000E+00  0.0000E+00  0.0000E+00  1.5000E+00
3.1301E-02  4.3258E+03  8.6410E+02  1.0000E+00  0.0000E+00  0.0000E+00  1.5000E+00
3.5672E-02  4.3268E+03  9.6730E+02  1.0000E+00  0.0000E+00  0.0000E+00  1.5000E+00
4.0618E-02  4.3415E+03  1.0900E+03  1.0000E+00  0.0000E+00  0.0000E+00  1.5000E+00
4.6203E-02  4.3712E+03  1.2390E+03  1.0000E+00  0.0000E+00  0.0000E+00  1.5000E+00
5.2491E-02  4.4076E+03  1.4150E+03  1.0000E+00  0.0000E+00  0.0000E+00  1.5000E+00
5.9545E-02  4.4306E+03  1.6090E+03  1.0000E+00  0.0000E+00  0.0000E+00  1.5000E+00
6.7465E-02  4.4424E+03  1.8230E+03  1.0000E+00  0.0000E+00  0.0000E+00  1.5000E+00
7.6341E-02  4.4502E+03  2.0710E+03  1.0000E+00  0.0000E+00  0.0000E+00  1.5000E+00
8.6230E-02  4.4648E+03  2.3660E+03  1.0000E+00  0.0000E+00  0.0000E+00  1.5000E+00
9.7222E-02  4.4768E+03  2.7130E+03  1.0000E+00  0.0000E+00  0.0000E+00  1.5000E+00
1.0943E-01  4.4664E+03  3.0910E+03  1.0000E+00  0.0000E+00  0.0000E+00  1.5000E+00
1.2305E-01  4.4261E+03  3.4840E+03  1.0000E+00  0.0000E+00  0.0000E+00  1.5000E+00
1.3836E-01  4.3609E+03  3.9010E+03  1.0000E+00  0.0000E+00  0.0000E+00  1.5000E+00
1.5579E-01  4.3061E+03  4.3510E+03  1.0000E+00  0.0000E+00  0.0000E+00  1.5000E+00
1.7572E-01  4.2828E+03  4.8670E+03  1.0000E+00  0.0000E+00  0.0000E+00  1.5000E+00
1.9846E-01  4.2728E+03  5.4430E+03  1.0000E+00  0.0000E+00  0.0000E+00  1.5000E+00
2.2441E-01  4.2678E+03  6.0880E+03  1.0000E+00  0.0000E+00  0.0000E+00  1.5000E+00
2.5390E-01  4.2810E+03  6.8450E+03  1.0000E+00  0.0000E+00  0.0000E+00  1.5000E+00
2.8718E-01  4.3074E+03  7.6960E+03  1.0000E+00  0.0000E+00  0.0000E+00  1.5000E+00
3.2454E-01  4.3467E+03  8.6840E+03  1.0000E+00  0.0000E+00  0.0000E+00  1.5000E+00
3.6627E-01  4.3964E+03  9.8400E+03  1.0000E+00  0.0000E+00  0.0000E+00  1.5000E+00
4.1277E-01  4.4457E+03  1.1140E+04  1.0000E+00  0.0000E+00  0.0000E+00  1.5000E+00
4.6483E-01  4.4825E+03  1.2540E+04  1.0000E+00  0.0000E+00  0.0000E+00  1.5000E+00
5.2352E-01  4.5120E+03  1.4040E+04  1.0000E+00  0.0000E+00  0.0000E+00  1.5000E+00
5.8997E-01  4.5419E+03  1.5630E+04  1.0000E+00  0.0000E+00  0.0000E+00  1.5000E+00
6.6590E-01  4.5551E+03  1.7220E+04  1.0000E+00  0.0000E+00  0.0000E+00  1.5000E+00
7.5308E-01  4.5661E+03  1.8950E+04  1.0000E+00  0.0000E+00  0.0000E+00  1.5000E+00
8.5268E-01  4.5994E+03  2.1030E+04  1.0000E+00  0.0000E+00  0.0000E+00  1.5000E+00
9.6519E-01  4.6632E+03  2.3590E+04  1.0000E+00  0.0000E+00  0.0000E+00  1.5000E+00
1.0913E+00  4.7477E+03  2.6660E+04  1.0000E+00  0.0000E+00  0.0000E+00  1.5000E+00
1.2315E+00  4.8647E+03  3.0480E+04  1.0000E+00  0.0000E+00  0.0000E+00  1.5000E+00
1.3867E+00  4.9918E+03  3.5030E+04  1.0000E+00  0.0000E+00  0.0000E+00  1.5000E+00
1.5578E+00  5.1118E+03  4.0070E+04  1.0000E+00  0.0000E+00  0.0000E+00  1.5000E+00
1.7470E+00  5.2152E+03  4.5380E+04  1.0000E+00  0.0000E+00  0.0000E+00  1.5000E+00
1.9555E+00  5.3100E+03  5.0870E+04  1.0000E+00  0.0000E+00  0.0000E+00  1.5000E+00
2.1844E+00  5.4118E+03  5.6690E+04  1.0000E+00  0.0000E+00  0.0000E+00  1.5000E+00
2.4299E+00  5.5354E+03  6.2890E+04  1.0000E+00  0.0000E+00  0.0000E+00  1.5000E+00
2.6856E+00  5.6795E+03  6.9310E+04  1.0000E+00  0.0000E+00  0.0000E+00  1.5000E+00
2.9419E+00  5.8420E+03  7.5740E+04  1.0000E+00  0.0000E+00  0.0000E+00  1.5000E+00
3.1836E+00  6.0257E+03  8.1900E+04  1.0000E+00  0.0000E+00  0.0000E+00  1.5000E+00
3.4095E+00  6.2127E+03  8.7580E+04  1.0000E+00  0.0000E+00  0.0000E+00  1.5000E+00
3.6170E+00  6.4153E+03  9.3010E+04  1.0000E+00  0.0000E+00  0.0000E+00  1.5000E+00
3.8072E+00  6.6241E+03  9.7770E+04  1.0000E+00  0.0000E+00  0.0000E+00  1.5000E+00
3.9685E+00  6.8556E+03  1.0250E+05  1.0000E+00  0.0000E+00  0.0000E+00  1.5000E+00
4.1158E+00  7.0976E+03  1.0640E+05  1.0000E+00  0.0000E+00  0.0000E+00  1.5000E+00
4.2518E+00  7.3475E+03  1.0960E+05  1.0000E+00  0.0000E+00  0.0000E+00  1.5000E+00
4.3353E+00  7.7349E+03  1.1090E+05  1.0000E+00  0.0000E+00  0.0000E+00  1.5000E+00
4.4090E+00  8.1498E+03  1.1190E+05  1.0000E+00  0.0000E+00  0.0000E+00  1.5000E+00
4.4838E+00  8.5647E+03  1.1280E+05  1.0000E+00  0.0000E+00  0.0000E+00  1.5000E+00
4.5307E+00  8.8684E+03  1.1330E+05  1.0000E+00  0.0000E+00  0.0000E+00  1.5000E+00
4.5742E+00  9.1575E+03  1.1370E+05  1.0000E+00  0.0000E+00  0.0000E+00  1.5000E+00
4.6181E+00  9.4467E+03  1.1410E+05  1.0000E+00  0.0000E+00  0.0000E+00  1.5000E+00
4.6624E+00  9.7359E+03  1.1450E+05  1.0000E+00  0.0000E+00  0.0000E+00  1.5000E+00
4.7092E+00  9.9181E+03  1.1520E+05  1.0000E+00  0.0000E+00  0.0000E+00  1.5000E+00
4.7578E+00  1.0028E+04  1.1600E+05  1.0000E+00  0.0000E+00  0.0000E+00  1.5000E+00
4.8070E+00  1.0139E+04  1.1680E+05  1.0000E+00  0.0000E+00  0.0000E+00  1.5000E+00
4.8590E+00  1.0243E+04  1.1780E+05  1.0000E+00  0.0000E+00  0.0000E+00  1.5000E+00
4.9287E+00  1.0303E+04  1.1960E+05  1.0000E+00  0.0000E+00  0.0000E+00  1.5000E+00
4.9994E+00  1.0364E+04  1.2140E+05  1.0000E+00  0.0000E+00  0.0000E+00  1.5000E+00
5.0892E+00  1.0409E+04  1.2390E+05  1.0000E+00  0.0000E+00  0.0000E+00  1.5000E+00
5.1877E+00  1.0448E+04  1.2660E+05  1.0000E+00  0.0000E+00  0.0000E+00  1.5000E+00
5.3136E+00  1.0488E+04  1.3030E+05  1.0000E+00  0.0000E+00  0.0000E+00  1.5000E+00
5.4582E+00  1.0533E+04  1.3460E+05  1.0000E+00  0.0000E+00  0.0000E+00  1.5000E+00
5.6280E+00  1.0581E+04  1.3960E+05  1.0000E+00  0.0000E+00  0.0000E+00  1.5000E+00
5.8272E+00  1.0635E+04  1.4540E+05  1.0000E+00  0.0000E+00  0.0000E+00  1.5000E+00
6.0593E+00  1.0693E+04  1.5200E+05  1.0000E+00  0.0000E+00  0.0000E+00  1.5000E+00
6.3279E+00  1.0753E+04  1.5940E+05  1.0000E+00  0.0000E+00  0.0000E+00  1.5000E+00
6.6413E+00  1.0816E+04  1.6780E+05  1.0000E+00  0.0000E+00  0.0000E+00  1.5000E+00
7.0001E+00  1.0891E+04  1.7790E+05  1.0000E+00  0.0000E+00  0.0000E+00  1.5000E+00
7.4097E+00  1.0978E+04  1.9040E+05  1.0000E+00  0.0000E+00  0.0000E+00  1.5000E+00
7.8703E+00  1.1072E+04  2.0450E+05  1.0000E+00  0.0000E+00  0.0000E+00  1.5000E+00
