7.4973E-03  4.1628E+03  2.8720E+02  1.0000E+00  0.0000E+00  0.0000E+00  1.5000E+00
8.6109E-03  4.1597E+03  3.2190E+02  1.0000E+00  0.0000E+00  0.0000E+00  1.5000E+00
9.8861E-03  4.1606E+03  3.5920E+02  1.0000E+00  0.0000E+00  0.0000E+00  1.5000E+00
1.1349E-02  4.1638E+03  4.0040E+02  1.0000E+00  0.0000E+00  0.0000E+00  1.5000E+00
1.3027E-02  4.1629E+03  4.4560E+02  1.0000E+00  0.0000E+00  0.0000E+00  1.5000E+00
1.4950E-02  4.1612E+03  4.9510E+02  1.0000E+00  0.0000E+00  0.0000E+00  1.5000E+00
1.7156E-02  4.1586E+03  5.4940E+02  1.0000E+00  0.0000E+00  0.0000E+00  1.5000E+00
1.9686E-02  4.1587E+03  6.1020E+02  1.0000E+00  0.0000E+00  0.0000E+00  1.5000E+00
2.2586E-02  4.1558E+03  6.7760E+02  1.0000E+00  0.0000E+00  0.0000E+00  1.5000E+00
2.5907E-02  4.1504E+03  7.5260E+02  1.0000E+00  0.0000E+00  0.0000E+00  1.5000E+00
2.9709E-02  4.1394E+03  8.3660E+02  1.0000E+00  0.0000E+00  0.0000E+00  1.5000E+00
3.4057E-02  4.1265E+03  9.3200E+02  1.0000E+00  0.0000E+00  0.0000E+00  1.5000E+00
3.9027E-02  4.1152E+03  1.0390E+03  1.0000E+00  0.0000E+00  0.0000E+00  1.5000E+00
4.4715E-02  4.1032E+03  1.1580E+03  1.0000E+00  0.0000E+00  0.0000E+00  1.5000E+00
5.1225E-02  4.0918E+03  1.2940E+03  1.0000E+00  0.0000E+00  0.0000E+00  1.5000E+00
5.8676E-02  4.0724E+03  1.4510E+03  1.0000E+00  0.0000E+00  0.0000E+00  1.5000E+00
6.7166E-02  4.0644E+03  1.6420E+03  1.0000E+00  0.0000E+00  0.0000E+00  1.5000E+00
7.6703E-02  4.0838E+03  1.8850E+03  1.0000E+00  0.0000E+00  0.0000E+00  1.5000E+00
8.7250E-02  4.1349E+03  2.1980E+03  1.0000E+00  0.0000E+00  0.0000E+00  1.5000E+00
9.8624E-02  4.2289E+03  2.6100E+03  1.0000E+00  0.0000E+00  0.0000E+00  1.5000E+00
1.1077E-01  4.3462E+03  3.1210E+03  1.0000E+00  0.0000E+00  0.0000E+00  1.5000E+00
1.2395E-01  4.4466E+03  3.6800E+03  1.0000E+00  0.0000E+00  0.0000E+00  1.5000E+00
1.3849E-01  4.5142E+03  4.2440E+03  1.0000E+00  0.0000E+00  0.0000E+00  1.5000E+00
1.5478E-01  4.5534E+03  4.8040E+03  1.0000E+00  0.0000E+00  0.0000E+00  1.5000E+00
1.7316E-01  4.5772E+03  5.3770E+03  1.0000E+00  0.0000E+00  0.0000E+00  1.5000E+00
1.9403E-01  4.5952E+03  5.9830E+03  1.0000E+00  0.0000E+00  0.0000E+00  1.5000E+00
2.1779E-01  4.6067E+03  6.6250E+03  1.0000E+00  0.0000E+00  0.0000E+00  1.5000E+00
2.4490E-01  4.6121E+03  7.3230E+03  1.0000E+00  0.0000E+00  0.0000E+00  1.5000E+00
2.7581E-01  4.6165E+03  8.1190E+03  1.0000E+00  0.0000E+00  0.0000E+00  1.5000E+00
3.1097E-01  4.6189E+03  9.0360E+03  1.0000E+00  0.0000E+00  0.0000E+00  1.5000E+00
3.5082E-01  4.6198E+03  1.0090E+04  1.0000E+00  0.0000E+00  0.0000E+00  1.5000E+00
3.9595E-01  4.6189E+03  1.1270E+04  1.0000E+00  0.0000E+00  0.0000E+00  1.5000E+00
4.4701E-01  4.6258E+03  1.2620E+04  1.0000E+00  0.0000E+00  0.0000E+00  1.5000E+00
5.0476E-01  4.6436E+03  1.4140E+04  1.0000E+00  0.0000E+00  0.0000E+00  1.5000E+00
5.6998E-01  4.6731E+03  1.5870E+04  1.0000E+00  0.0000E+00  0.0000E+00  1.5000E+00
6.4372E-01  4.7033E+03  1.7750E+04  1.0000E+00  0.0000E+00  0.0000E+00  1.5000E+00
7.2725E-01  4.7336E+03  1.9810E+04  1.0000E+00  0.0000E+00  0.0000E+00  1.5000E+00
8.2191E-01  4.7762E+03  2.2130E+04  1.0000E+00  0.0000E+00  0.0000E+00  1.5000E+00
9.2916E-01  4.8292E+03  2.4700E+04  1.0000E+00  0.0000E+00  0.0000E+00  1.5000E+00
1.0507E+00  4.8881E+03  2.7570E+04  1.0000E+00  0.0000E+00  0.0000E+00  1.5000E+00
1.1885E+00  4.9467E+03  3.0750E+04  1.0000E+00  0.0000E+00  0.0000E+00  1.5000E+00
1.3445E+00  5.0055E+03  3.4270E+04  1.0000E+00  0.0000E+00  0.0000E+00  1.5000E+00
1.5211E+00  5.0707E+03  3.8280E+04  1.0000E+00  0.0000E+00  0.0000E+00  1.5000E+00
1.7189E+00  5.1605E+03  4.3130E+04  1.0000E+00  0.0000E+00  0.0000E+00  1.5000E+00
1.9378E+00  5.2678E+03  4.8940E+04  1.0000E+00  0.0000E+00  0.0000E+00  1.5000E+00
2.1751E+00  5.3819E+03  5.5480E+04  1.0000E+00  0.0000E+00  0.0000E+00  1.5000E+00
2.4303E+00  5.4828E+03  6.2250E+04  1.0000E+00  0.0000E+00  0.0000E+00  1.5000E+00
2.7038E+00  5.5729E+03  6.9300E+04  1.0000E+00  0.0000E+00  0.0000E+00  1.5000E+00
3.0019E+00  5.6397E+03  7.6080E+04  1.0000E+00  0.0000E+00  0.0000E+00  1.5000E+00
3.3261E+00  5.7240E+03  8.2780E+04  1.0000E+00  0.0000E+00  0.0000E+00  1.5000E+00
3.6738E+00  5.8268E+03  8.9220E+04  1.0000E+00  0.0000E+00  0.0000E+00  1.5000E+00
4.0316E+00  5.9599E+03  9.5550E+04  1.0000E+00  0.0000E+00  0.0000E+00  1.5000E+00
4.3949E+00  6.0999E+03  1.0120E+05  1.0000E+00  0.0000E+00  0.0000E+00  1.5000E+00
4.7460E+00  6.2728E+03  1.0620E+05  1.0000E+00  0.0000E+00  0.0000E+00  1.5000E+00
5.0807E+00  6.4622E+03  1.0960E+05  1.0000E+00  0.0000E+00  0.0000E+00  1.5000E+00
5.3922E+00  6.6680E+03  1.1480E+05  1.0000E+00  0.0000E+00  0.0000E+00  1.5000E+00
5.6744E+00  6.8775E+03  1.2240E+05  1.0000E+00  0.0000E+00  0.0000E+00  1.5000E+00
5.9354E+00  7.0746E+03  1.2860E+05  1.0000E+00  0.0000E+00  0.0000E+00  1.5000E+00
6.1797E+00  7.2985E+03  1.3100E+05  1.0000E+00  0.0000E+00  0.0000E+00  1.5000E+00
6.3995E+00  7.5837E+03  1.3170E+05  1.0000E+00  0.0000E+00  0.0000E+00  1.5000E+00
6.5959E+00  7.9092E+03  1.3170E+05  1.0000E+00  0.0000E+00  0.0000E+00  1.5000E+00
6.7642E+00  8.1907E+03  1.2970E+05  1.0000E+00  0.0000E+00  0.0000E+00  1.5000E+00
6.9299E+00  8.3932E+03  1.2890E+05  1.0000E+00  0.0000E+00  0.0000E+00  1.5000E+00
7.0981E+00  8.5453E+03  1.2900E+05  1.0000E+00  0.0000E+00  0.0000E+00  1.5000E+00
7.2779E+00  8.6617E+03  1.2990E+05  1.0000E+00  0.0000E+00  0.0000E+00  1.5000E+00
7.4692E+00  8.8192E+03  1.3440E+05  1.0000E+00  0.0000E+00  0.0000E+00  1.5000E+00
7.6757E+00  8.9124E+03  1.4030E+05  1.0000E+00  0.0000E+00  0.0000E+00  1.5000E+00
7.8937E+00  9.0680E+03  1.4730E+05  1.0000E+00  0.0000E+00  0.0000E+00  1.5000E+00
8.0997E+00  9.3724E+03  1.5420E+05  1.0000E+00  0.0000E+00  0.0000E+00  1.5000E+00
8.2840E+00  9.7542E+03  1.6030E+05  1.0000E+00  0.0000E+00  0.0000E+00  1.5000E+00
8.4496E+00  9.9697E+03  1.6360E+05  1.0000E+00  0.0000E+00  0.0000E+00  1.5000E+00
8.6218E+00  1.0131E+04  1.6870E+05  1.0000E+00  0.0000E+00  0.0000E+00  1.5000E+00
8.8037E+00  1.0254E+04  1.7540E+05  1.0000E+00  0.0000E+00  0.0000E+00  1.5000E+00
9.0043E+00  1.0350E+04  1.8360E+05  1.0000E+00  0.0000E+00  0.0000E+00  1.5000E+00
9.2481E+00  1.0315E+04  1.8890E+05  1.0000E+00  0.0000E+00  0.0000E+00  1.5000E+00
9.5782E+00  1.0099E+04  1.9140E+05  1.0000E+00  0.0000E+00  0.0000E+00  1.5000E+00
1.0108E+01  9.8085E+03  1.9210E+05  1.0000E+00  0.0000E+00  0.0000E+00  1.5000E+00
1.1002E+01  9.5126E+03  1.8560E+05  1.0000E+00  0.0000E+00  0.0000E+00  1.5000E+00
1.2085E+01  9.6936E+03  2.4930E+05  1.0000E+00  0.0000E+00  0.0000E+00  1.5000E+00
1.2904E+01  1.0534E+04  3.0020E+05  1.0000E+00  0.0000E+00  0.0000E+00  1.5000E+00
1.3319E+01  1.1393E+04  3.1940E+05  1.0000E+00  0.0000E+00  0.0000E+00  1.5000E+00
