8.4611E-03  4.2479E+03  2.7070E+02  1.0000E+00  0.0000E+00  0.0000E+00  1.5000E+00
9.6578E-03  4.2251E+03  3.0030E+02  1.0000E+00  0.0000E+00  0.0000E+00  1.5000E+00
1.1026E-02  4.2146E+03  3.3400E+02  1.0000E+00  0.0000E+00  0.0000E+00  1.5000E+00
1.2590E-02  4.2103E+03  3.7360E+02  1.0000E+00  0.0000E+00  0.0000E+00  1.5000E+00
1.4371E-02  4.2043E+03  4.1940E+02  1.0000E+00  0.0000E+00  0.0000E+00  1.5000E+00
1.6392E-02  4.1885E+03  4.7090E+02  1.0000E+00  0.0000E+00  0.0000E+00  1.5000E+00
1.8678E-02  4.1790E+03  5.3210E+02  1.0000E+00  0.0000E+00  0.0000E+00  1.5000E+00
2.1247E-02  4.1908E+03  6.1050E+02  1.0000E+00  0.0000E+00  0.0000E+00  1.5000E+00
2.4107E-02  4.2449E+03  7.1860E+02  1.0000E+00  0.0000E+00  0.0000E+00  1.5000E+00
2.7263E-02  4.3282E+03  8.6200E+02  1.0000E+00  0.0000E+00  0.0000E+00  1.5000E+00
3.0736E-02  4.3905E+03  1.0240E+03  1.0000E+00  0.0000E+00  0.0000E+00  1.5000E+00
3.4580E-02  4.4025E+03  1.1790E+03  1.0000E+00  0.0000E+00  0.0000E+00  1.5000E+00
3.8882E-02  4.3758E+03  1.3160E+03  1.0000E+00  0.0000E+00  0.0000E+00  1.5000E+00
4.3748E-02  4.3380E+03  1.4500E+03  1.0000E+00  0.0000E+00  0.0000E+00  1.5000E+00
4.9285E-02  4.3031E+03  1.6000E+03  1.0000E+00  0.0000E+00  0.0000E+00  1.5000E+00
5.5595E-02  4.2769E+03  1.7740E+03  1.0000E+00  0.0000E+00  0.0000E+00  1.5000E+00
6.2797E-02  4.2580E+03  1.9670E+03  1.0000E+00  0.0000E+00  0.0000E+00  1.5000E+00
7.1028E-02  4.2454E+03  2.1830E+03  1.0000E+00  0.0000E+00  0.0000E+00  1.5000E+00
8.0414E-02  4.2474E+03  2.4400E+03  1.0000E+00  0.0000E+00  0.0000E+00  1.5000E+00
9.1047E-02  4.2743E+03  2.7460E+03  1.0000E+00  0.0000E+00  0.0000E+00  1.5000E+00
1.0302E-01  4.3167E+03  3.1090E+03  1.0000E+00  0.0000E+00  0.0000E+00  1.5000E+00
1.1645E-01  4.3559E+03  3.5260E+03  1.0000E+00  0.0000E+00  0.0000E+00  1.5000E+00
1.3154E-01  4.3829E+03  3.9860E+03  1.0000E+00  0.0000E+00  0.0000E+00  1.5000E+00
1.4853E-01  4.3972E+03  4.4870E+03  1.0000E+00  0.0000E+00  0.0000E+00  1.5000E+00
1.6776E-01  4.3950E+03  5.0200E+03  1.0000E+00  0.0000E+00  0.0000E+00  1.5000E+00
1.8962E-01  4.3838E+03  5.5950E+03  1.0000E+00  0.0000E+00  0.0000E+00  1.5000E+00
2.1455E-01  4.3732E+03  6.2330E+03  1.0000E+00  0.0000E+00  0.0000E+00  1.5000E+00
2.4294E-01  4.3716E+03  6.9670E+03  1.0000E+00  0.0000E+00  0.0000E+00  1.5000E+00
2.7514E-01  4.3835E+03  7.8310E+03  1.0000E+00  0.0000E+00  0.0000E+00  1.5000E+00
3.1138E-01  4.4082E+03  8.8560E+03  1.0000E+00  0.0000E+00  0.0000E+00  1.5000E+00
3.5194E-01  4.4445E+03  1.0060E+04  1.0000E+00  0.0000E+00  0.0000E+00  1.5000E+00
3.9716E-01  4.4886E+03  1.1460E+04  1.0000E+00  0.0000E+00  0.0000E+00  1.5000E+00
4.4753E-01  4.5365E+03  1.3040E+04  1.0000E+00  0.0000E+00  0.0000E+00  1.5000E+00
5.0377E-01  4.5808E+03  1.4760E+04  1.0000E+00  0.0000E+00  0.0000E+00  1.5000E+00
5.6695E-01  4.6147E+03  1.6580E+04  1.0000E+00  0.0000E+00  0.0000E+00  1.5000E+00
6.3835E-01  4.6434E+03  1.8540E+04  1.0000E+00  0.0000E+00  0.0000E+00  1.5000E+00
7.1917E-01  4.6741E+03  2.0710E+04  1.0000E+00  0.0000E+00  0.0000E+00  1.5000E+00
8.1061E-01  4.7133E+03  2.3170E+04  1.0000E+00  0.0000E+00  0.0000E+00  1.5000E+00
9.1388E-01  4.7628E+03  2.5980E+04  1.0000E+00  0.0000E+00  0.0000E+00  1.5000E+00
1.0303E+00  4.8202E+03  2.9160E+04  1.0000E+00  0.0000E+00  0.0000E+00  1.5000E+00
1.1616E+00  4.8847E+03  3.2740E+04  1.0000E+00  0.0000E+00  0.0000E+00  1.5000E+00
1.3096E+00  4.9553E+03  3.6710E+04  1.0000E+00  0.0000E+00  0.0000E+00  1.5000E+00
1.4765E+00  5.0338E+03  4.1010E+04  1.0000E+00  0.0000E+00  0.0000E+00  1.5000E+00
1.6653E+00  5.1182E+03  4.5600E+04  1.0000E+00  0.0000E+00  0.0000E+00  1.5000E+00
1.8786E+00  5.2025E+03  5.0440E+04  1.0000E+00  0.0000E+00  0.0000E+00  1.5000E+00
2.1190E+00  5.2942E+03  5.5530E+04  1.0000E+00  0.0000E+00  0.0000E+00  1.5000E+00
2.3855E+00  5.4201E+03  6.0960E+04  1.0000E+00  0.0000E+00  0.0000E+00  1.5000E+00
2.6720E+00  5.5708E+03  6.6990E+04  1.0000E+00  0.0000E+00  0.0000E+00  1.5000E+00
2.9624E+00  5.7309E+03  7.3410E+04  1.0000E+00  0.0000E+00  0.0000E+00  1.5000E+00
3.2538E+00  5.8854E+03  7.9190E+04  1.0000E+00  0.0000E+00  0.0000E+00  1.5000E+00
3.5340E+00  6.0573E+03  8.4960E+04  1.0000E+00  0.0000E+00  0.0000E+00  1.5000E+00
3.7955E+00  6.2589E+03  8.9970E+04  1.0000E+00  0.0000E+00  0.0000E+00  1.5000E+00
4.0275E+00  6.4940E+03  9.4710E+04  1.0000E+00  0.0000E+00  0.0000E+00  1.5000E+00
4.2378E+00  6.6923E+03  9.8770E+04  1.0000E+00  0.0000E+00  0.0000E+00  1.5000E+00
4.4435E+00  6.8240E+03  1.0290E+05  1.0000E+00  0.0000E+00  0.0000E+00  1.5000E+00
4.6612E+00  6.8932E+03  1.0760E+05  1.0000E+00  0.0000E+00  0.0000E+00  1.5000E+00
4.8857E+00  7.0511E+03  1.1230E+05  1.0000E+00  0.0000E+00  0.0000E+00  1.5000E+00
5.0243E+00  7.6050E+03  1.1650E+05  1.0000E+00  0.0000E+00  0.0000E+00  1.5000E+00
5.1368E+00  8.1013E+03  1.1950E+05  1.0000E+00  0.0000E+00  0.0000E+00  1.5000E+00
5.1984E+00  8.4968E+03  1.2050E+05  1.0000E+00  0.0000E+00  0.0000E+00  1.5000E+00
5.2607E+00  8.8923E+03  1.2150E+05  1.0000E+00  0.0000E+00  0.0000E+00  1.5000E+00
5.3238E+00  9.2877E+03  1.2250E+05  1.0000E+00  0.0000E+00  0.0000E+00  1.5000E+00
5.3756E+00  9.5058E+03  1.2400E+05  1.0000E+00  0.0000E+00  0.0000E+00  1.5000E+00
5.4265E+00  9.7015E+03  1.2550E+05  1.0000E+00  0.0000E+00  0.0000E+00  1.5000E+00
5.4777E+00  9.8973E+03  1.2710E+05  1.0000E+00  0.0000E+00  0.0000E+00  1.5000E+00
5.5305E+00  1.0085E+04  1.2870E+05  1.0000E+00  0.0000E+00  0.0000E+00  1.5000E+00
5.5934E+00  1.0191E+04  1.3140E+05  1.0000E+00  0.0000E+00  0.0000E+00  1.5000E+00
5.6570E+00  1.0296E+04  1.3410E+05  1.0000E+00  0.0000E+00  0.0000E+00  1.5000E+00
5.7240E+00  1.0396E+04  1.3690E+05  1.0000E+00  0.0000E+00  0.0000E+00  1.5000E+00
5.8127E+00  1.0442E+04  1.4060E+05  1.0000E+00  0.0000E+00  0.0000E+00  1.5000E+00
5.9028E+00  1.0489E+04  1.4440E+05  1.0000E+00  0.0000E+00  0.0000E+00  1.5000E+00
6.0198E+00  1.0557E+04  1.4890E+05  1.0000E+00  0.0000E+00  0.0000E+00  1.5000E+00
6.1466E+00  1.0632E+04  1.5390E+05  1.0000E+00  0.0000E+00  0.0000E+00  1.5000E+00
6.2939E+00  1.0724E+04  1.5990E+05  1.0000E+00  0.0000E+00  0.0000E+00  1.5000E+00
6.4644E+00  1.0790E+04  1.6620E+05  1.0000E+00  0.0000E+00  0.0000E+00  1.5000E+00
6.6598E+00  1.0852E+04  1.7320E+05  1.0000E+00  0.0000E+00  0.0000E+00  1.5000E+00
6.8872E+00  1.0908E+04  1.8120E+05  1.0000E+00  0.0000E+00  0.0000E+00  1.5000E+00
7.1533E+00  1.0957E+04  1.8980E+05  1.0000E+00  0.0000E+00  0.0000E+00  1.5000E+00
7.4648E+00  1.1006E+04  1.9960E+05  1.0000E+00  0.0000E+00  0.0000E+00  1.5000E+00
7.8303E+00  1.1069E+04  2.1090E+05  1.0000E+00  0.0000E+00  0.0000E+00  1.5000E+00
8.2507E+00  1.1142E+04  2.2450E+05  1.0000E+00  0.0000E+00  0.0000E+00  1.5000E+00
