7.8455E-03  4.4005E+03  3.1470E+02  1.0000E+00  0.0000E+00  0.0000E+00  1.5000E+00
8.9739E-03  4.4044E+03  3.6100E+02  1.0000E+00  0.0000E+00  0.0000E+00  1.5000E+00
1.0246E-02  4.3988E+03  4.0850E+02  1.0000E+00  0.0000E+00  0.0000E+00  1.5000E+00
1.1686E-02  4.3898E+03  4.5850E+02  1.0000E+00  0.0000E+00  0.0000E+00  1.5000E+00
1.3319E-02  4.3799E+03  5.1200E+02  1.0000E+00  0.0000E+00  0.0000E+00  1.5000E+00
1.5175E-02  4.3614E+03  5.6690E+02  1.0000E+00  0.0000E+00  0.0000E+00  1.5000E+00
1.7289E-02  4.3397E+03  6.2520E+02  1.0000E+00  0.0000E+00  0.0000E+00  1.5000E+00
1.9697E-02  4.3289E+03  6.9310E+02  1.0000E+00  0.0000E+00  0.0000E+00  1.5000E+00
2.2438E-02  4.3281E+03  7.7190E+02  1.0000E+00  0.0000E+00  0.0000E+00  1.5000E+00
2.5556E-02  4.3348E+03  8.6320E+02  1.0000E+00  0.0000E+00  0.0000E+00  1.5000E+00
2.9102E-02  4.3354E+03  9.6120E+02  1.0000E+00  0.0000E+00  0.0000E+00  1.5000E+00
3.3138E-02  4.3296E+03  1.0670E+03  1.0000E+00  0.0000E+00  0.0000E+00  1.5000E+00
3.7730E-02  4.3240E+03  1.1870E+03  1.0000E+00  0.0000E+00  0.0000E+00  1.5000E+00
4.2946E-02  4.3236E+03  1.3260E+03  1.0000E+00  0.0000E+00  0.0000E+00  1.5000E+00
4.8855E-02  4.3318E+03  1.4880E+03  1.0000E+00  0.0000E+00  0.0000E+00  1.5000E+00
5.5536E-02  4.3481E+03  1.6770E+03  1.0000E+00  0.0000E+00  0.0000E+00  1.5000E+00
6.3075E-02  4.3687E+03  1.8950E+03  1.0000E+00  0.0000E+00  0.0000E+00  1.5000E+00
7.1566E-02  4.3938E+03  2.1430E+03  1.0000E+00  0.0000E+00  0.0000E+00  1.5000E+00
8.1141E-02  4.4195E+03  2.4180E+03  1.0000E+00  0.0000E+00  0.0000E+00  1.5000E+00
9.1956E-02  4.4429E+03  2.7210E+03  1.0000E+00  0.0000E+00  0.0000E+00  1.5000E+00
1.0419E-01  4.4594E+03  3.0490E+03  1.0000E+00  0.0000E+00  0.0000E+00  1.5000E+00
1.1803E-01  4.4640E+03  3.4100E+03  1.0000E+00  0.0000E+00  0.0000E+00  1.5000E+00
1.3369E-01  4.4769E+03  3.8210E+03  1.0000E+00  0.0000E+00  0.0000E+00  1.5000E+00
1.5138E-01  4.4964E+03  4.3000E+03  1.0000E+00  0.0000E+00  0.0000E+00  1.5000E+00
1.7129E-01  4.5234E+03  4.8660E+03  1.0000E+00  0.0000E+00  0.0000E+00  1.5000E+00
1.9363E-01  4.5525E+03  5.5200E+03  1.0000E+00  0.0000E+00  0.0000E+00  1.5000E+00
2.1863E-01  4.5825E+03  6.2720E+03  1.0000E+00  0.0000E+00  0.0000E+00  1.5000E+00
2.4667E-01  4.6353E+03  7.1170E+03  1.0000E+00  0.0000E+00  0.0000E+00  1.5000E+00
2.7825E-01  4.7299E+03  8.0820E+03  1.0000E+00  0.0000E+00  0.0000E+00  1.5000E+00
3.1381E-01  4.7857E+03  9.1620E+03  1.0000E+00  0.0000E+00  0.0000E+00  1.5000E+00
3.5359E-01  4.7989E+03  1.0390E+04  1.0000E+00  0.0000E+00  0.0000E+00  1.5000E+00
3.9804E-01  4.8020E+03  1.1740E+04  1.0000E+00  0.0000E+00  0.0000E+00  1.5000E+00
4.4785E-01  4.7950E+03  1.3220E+04  1.0000E+00  0.0000E+00  0.0000E+00  1.5000E+00
5.0387E-01  4.8047E+03  1.4810E+04  1.0000E+00  0.0000E+00  0.0000E+00  1.5000E+00
5.6728E-01  4.8243E+03  1.6490E+04  1.0000E+00  0.0000E+00  0.0000E+00  1.5000E+00
6.3929E-01  4.8282E+03  1.8340E+04  1.0000E+00  0.0000E+00  0.0000E+00  1.5000E+00
7.2082E-01  4.8068E+03  2.0450E+04  1.0000E+00  0.0000E+00  0.0000E+00  1.5000E+00
8.1311E-01  4.7768E+03  2.2820E+04  1.0000E+00  0.0000E+00  0.0000E+00  1.5000E+00
9.1707E-01  4.8005E+03  2.5820E+04  1.0000E+00  0.0000E+00  0.0000E+00  1.5000E+00
1.0332E+00  4.8782E+03  2.9430E+04  1.0000E+00  0.0000E+00  0.0000E+00  1.5000E+00
1.1627E+00  4.9931E+03  3.3480E+04  1.0000E+00  0.0000E+00  0.0000E+00  1.5000E+00
1.3072E+00  5.0814E+03  3.7740E+04  1.0000E+00  0.0000E+00  0.0000E+00  1.5000E+00
1.4687E+00  5.1671E+03  4.2520E+04  1.0000E+00  0.0000E+00  0.0000E+00  1.5000E+00
1.6479E+00  5.2605E+03  4.7890E+04  1.0000E+00  0.0000E+00  0.0000E+00  1.5000E+00
1.8435E+00  5.3688E+03  5.4230E+04  1.0000E+00  0.0000E+00  0.0000E+00  1.5000E+00
2.0544E+00  5.4642E+03  6.0980E+04  1.0000E+00  0.0000E+00  0.0000E+00  1.5000E+00
2.2811E+00  5.5592E+03  6.8080E+04  1.0000E+00  0.0000E+00  0.0000E+00  1.5000E+00
2.5241E+00  5.6502E+03  7.5330E+04  1.0000E+00  0.0000E+00  0.0000E+00  1.5000E+00
2.7852E+00  5.7323E+03  8.2010E+04  1.0000E+00  0.0000E+00  0.0000E+00  1.5000E+00
3.0664E+00  5.8199E+03  8.8390E+04  1.0000E+00  0.0000E+00  0.0000E+00  1.5000E+00
3.3674E+00  5.9155E+03  9.4360E+04  1.0000E+00  0.0000E+00  0.0000E+00  1.5000E+00
3.6844E+00  6.0279E+03  1.0020E+05  1.0000E+00  0.0000E+00  0.0000E+00  1.5000E+00
4.0089E+00  6.1626E+03  1.0620E+05  1.0000E+00  0.0000E+00  0.0000E+00  1.5000E+00
4.3211E+00  6.3386E+03  1.1270E+05  1.0000E+00  0.0000E+00  0.0000E+00  1.5000E+00
4.6133E+00  6.5336E+03  1.1870E+05  1.0000E+00  0.0000E+00  0.0000E+00  1.5000E+00
4.8859E+00  6.7282E+03  1.2430E+05  1.0000E+00  0.0000E+00  0.0000E+00  1.5000E+00
5.1441E+00  6.9139E+03  1.2940E+05  1.0000E+00  0.0000E+00  0.0000E+00  1.5000E+00
5.3935E+00  7.0723E+03  1.3430E+05  1.0000E+00  0.0000E+00  0.0000E+00  1.5000E+00
5.6415E+00  7.2368E+03  1.3950E+05  1.0000E+00  0.0000E+00  0.0000E+00  1.5000E+00
5.8861E+00  7.4147E+03  1.4520E+05  1.0000E+00  0.0000E+00  0.0000E+00  1.5000E+00
6.1187E+00  7.6388E+03  1.5130E+05  1.0000E+00  0.0000E+00  0.0000E+00  1.5000E+00
6.3320E+00  7.9331E+03  1.5750E+05  1.0000E+00  0.0000E+00  0.0000E+00  1.5000E+00
6.4806E+00  8.3327E+03  1.6160E+05  1.0000E+00  0.0000E+00  0.0000E+00  1.5000E+00
6.6245E+00  8.7440E+03  1.6570E+05  1.0000E+00  0.0000E+00  0.0000E+00  1.5000E+00
6.7258E+00  9.0919E+03  1.6930E+05  1.0000E+00  0.0000E+00  0.0000E+00  1.5000E+00
6.8170E+00  9.4238E+03  1.7280E+05  1.0000E+00  0.0000E+00  0.0000E+00  1.5000E+00
6.9094E+00  9.7556E+03  1.7640E+05  1.0000E+00  0.0000E+00  0.0000E+00  1.5000E+00
6.9941E+00  9.9960E+03  1.7940E+05  1.0000E+00  0.0000E+00  0.0000E+00  1.5000E+00
7.0765E+00  1.0202E+04  1.8220E+05  1.0000E+00  0.0000E+00  0.0000E+00  1.5000E+00
7.1600E+00  1.0409E+04  1.8510E+05  1.0000E+00  0.0000E+00  0.0000E+00  1.5000E+00
7.2526E+00  1.0558E+04  1.8830E+05  1.0000E+00  0.0000E+00  0.0000E+00  1.5000E+00
7.3537E+00  1.0657E+04  1.9180E+05  1.0000E+00  0.0000E+00  0.0000E+00  1.5000E+00
7.4563E+00  1.0756E+04  1.9540E+05  1.0000E+00  0.0000E+00  0.0000E+00  1.5000E+00
7.5937E+00  1.0798E+04  1.9960E+05  1.0000E+00  0.0000E+00  0.0000E+00  1.5000E+00
7.7375E+00  1.0840E+04  2.0400E+05  1.0000E+00  0.0000E+00  0.0000E+00  1.5000E+00
7.9219E+00  1.0890E+04  2.1010E+05  1.0000E+00  0.0000E+00  0.0000E+00  1.5000E+00
8.1323E+00  1.0951E+04  2.1720E+05  1.0000E+00  0.0000E+00  0.0000E+00  1.5000E+00
8.3765E+00  1.1013E+04  2.2500E+05  1.0000E+00  0.0000E+00  0.0000E+00  1.5000E+00
8.6624E+00  1.1067E+04  2.3370E+05  1.0000E+00  0.0000E+00  0.0000E+00  1.5000E+00
8.9979E+00  1.1126E+04  2.4360E+05  1.0000E+00  0.0000E+00  0.0000E+00  1.5000E+00
9.3890E+00  1.1186E+04  2.5380E+05  1.0000E+00  0.0000E+00  0.0000E+00  1.5000E+00
