9.3235E-03  4.1215E+03  1.8750E+02  1.0000E+00  0.0000E+00  0.0000E+00  1.5000E+00
1.0797E-02  4.1699E+03  2.1260E+02  1.0000E+00  0.0000E+00  0.0000E+00  1.5000E+00
1.2499E-02  4.2230E+03  2.4460E+02  1.0000E+00  0.0000E+00  0.0000E+00  1.5000E+00
1.4451E-02  4.3005E+03  2.8740E+02  1.0000E+00  0.0000E+00  0.0000E+00  1.5000E+00
1.6666E-02  4.2895E+03  3.2660E+02  1.0000E+00  0.0000E+00  0.0000E+00  1.5000E+00
1.9129E-02  4.3011E+03  3.8690E+02  1.0000E+00  0.0000E+00  0.0000E+00  1.5000E+00
2.1820E-02  4.3428E+03  4.7070E+02  1.0000E+00  0.0000E+00  0.0000E+00  1.5000E+00
2.4748E-02  4.3729E+03  5.6330E+02  1.0000E+00  0.0000E+00  0.0000E+00  1.5000E+00
2.7955E-02  4.3817E+03  6.6080E+02  1.0000E+00  0.0000E+00  0.0000E+00  1.5000E+00
3.1485E-02  4.3869E+03  7.6670E+02  1.0000E+00  0.0000E+00  0.0000E+00  1.5000E+00
3.5394E-02  4.3858E+03  8.8230E+02  1.0000E+00  0.0000E+00  0.0000E+00  1.5000E+00
3.9725E-02  4.3862E+03  1.0100E+03  1.0000E+00  0.0000E+00  0.0000E+00  1.5000E+00
4.4545E-02  4.4014E+03  1.1600E+03  1.0000E+00  0.0000E+00  0.0000E+00  1.5000E+00
4.9915E-02  4.4161E+03  1.3290E+03  1.0000E+00  0.0000E+00  0.0000E+00  1.5000E+00
5.5907E-02  4.4174E+03  1.5090E+03  1.0000E+00  0.0000E+00  0.0000E+00  1.5000E+00
6.2624E-02  4.4030E+03  1.6930E+03  1.0000E+00  0.0000E+00  0.0000E+00  1.5000E+00
7.0206E-02  4.3753E+03  1.8810E+03  1.0000E+00  0.0000E+00  0.0000E+00  1.5000E+00
7.8805E-02  4.3428E+03  2.0810E+03  1.0000E+00  0.0000E+00  0.0000E+00  1.5000E+00
8.8608E-02  4.3084E+03  2.2960E+03  1.0000E+00  0.0000E+00  0.0000E+00  1.5000E+00
9.9829E-02  4.2763E+03  2.5330E+03  1.0000E+00  0.0000E+00  0.0000E+00  1.5000E+00
1.1275E-01  4.2504E+03  2.7970E+03  1.0000E+00  0.0000E+00  0.0000E+00  1.5000E+00
1.2758E-01  4.2302E+03  3.1030E+03  1.0000E+00  0.0000E+00  0.0000E+00  1.5000E+00
1.4458E-01  4.2149E+03  3.4600E+03  1.0000E+00  0.0000E+00  0.0000E+00  1.5000E+00
1.6400E-01  4.2081E+03  3.8820E+03  1.0000E+00  0.0000E+00  0.0000E+00  1.5000E+00
1.8612E-01  4.1974E+03  4.3640E+03  1.0000E+00  0.0000E+00  0.0000E+00  1.5000E+00
2.1139E-01  4.1825E+03  4.9090E+03  1.0000E+00  0.0000E+00  0.0000E+00  1.5000E+00
2.4022E-01  4.1723E+03  5.5390E+03  1.0000E+00  0.0000E+00  0.0000E+00  1.5000E+00
2.7301E-01  4.1697E+03  6.2780E+03  1.0000E+00  0.0000E+00  0.0000E+00  1.5000E+00
3.1009E-01  4.1740E+03  7.1480E+03  1.0000E+00  0.0000E+00  0.0000E+00  1.5000E+00
3.5157E-01  4.1979E+03  8.1860E+03  1.0000E+00  0.0000E+00  0.0000E+00  1.5000E+00
3.9730E-01  4.2459E+03  9.4190E+03  1.0000E+00  0.0000E+00  0.0000E+00  1.5000E+00
4.4729E-01  4.3080E+03  1.0860E+04  1.0000E+00  0.0000E+00  0.0000E+00  1.5000E+00
5.0169E-01  4.3710E+03  1.2440E+04  1.0000E+00  0.0000E+00  0.0000E+00  1.5000E+00
5.6173E-01  4.4294E+03  1.4110E+04  1.0000E+00  0.0000E+00  0.0000E+00  1.5000E+00
6.2861E-01  4.4827E+03  1.5880E+04  1.0000E+00  0.0000E+00  0.0000E+00  1.5000E+00
7.0365E-01  4.5283E+03  1.7800E+04  1.0000E+00  0.0000E+00  0.0000E+00  1.5000E+00
7.8809E-01  4.5790E+03  1.9940E+04  1.0000E+00  0.0000E+00  0.0000E+00  1.5000E+00
8.8318E-01  4.6295E+03  2.2300E+04  1.0000E+00  0.0000E+00  0.0000E+00  1.5000E+00
9.9049E-01  4.6792E+03  2.4910E+04  1.0000E+00  0.0000E+00  0.0000E+00  1.5000E+00
1.1120E+00  4.7337E+03  2.7730E+04  1.0000E+00  0.0000E+00  0.0000E+00  1.5000E+00
1.2496E+00  4.7966E+03  3.0840E+04  1.0000E+00  0.0000E+00  0.0000E+00  1.5000E+00
1.4057E+00  4.8746E+03  3.4340E+04  1.0000E+00  0.0000E+00  0.0000E+00  1.5000E+00
1.5825E+00  4.9664E+03  3.8310E+04  1.0000E+00  0.0000E+00  0.0000E+00  1.5000E+00
1.7819E+00  5.0759E+03  4.2950E+04  1.0000E+00  0.0000E+00  0.0000E+00  1.5000E+00
2.0044E+00  5.2082E+03  4.8480E+04  1.0000E+00  0.0000E+00  0.0000E+00  1.5000E+00
2.2455E+00  5.3707E+03  5.4970E+04  1.0000E+00  0.0000E+00  0.0000E+00  1.5000E+00
2.4969E+00  5.5478E+03  6.2000E+04  1.0000E+00  0.0000E+00  0.0000E+00  1.5000E+00
2.7453E+00  5.7227E+03  6.9180E+04  1.0000E+00  0.0000E+00  0.0000E+00  1.5000E+00
2.9853E+00  5.8984E+03  7.6460E+04  1.0000E+00  0.0000E+00  0.0000E+00  1.5000E+00
3.2106E+00  6.0747E+03  8.3750E+04  1.0000E+00  0.0000E+00  0.0000E+00  1.5000E+00
3.4204E+00  6.2436E+03  9.1020E+04  1.0000E+00  0.0000E+00  0.0000E+00  1.5000E+00
3.6167E+00  6.4154E+03  9.7920E+04  1.0000E+00  0.0000E+00  0.0000E+00  1.5000E+00
3.8017E+00  6.5931E+03  1.0450E+05  1.0000E+00  0.0000E+00  0.0000E+00  1.5000E+00
3.9796E+00  6.7723E+03  1.1100E+05  1.0000E+00  0.0000E+00  0.0000E+00  1.5000E+00
4.1471E+00  6.9316E+03  1.1630E+05  1.0000E+00  0.0000E+00  0.0000E+00  1.5000E+00
4.2873E+00  7.2075E+03  1.2080E+05  1.0000E+00  0.0000E+00  0.0000E+00  1.5000E+00
4.4055E+00  7.5716E+03  1.2440E+05  1.0000E+00  0.0000E+00  0.0000E+00  1.5000E+00
4.4998E+00  7.9385E+03  1.2720E+05  1.0000E+00  0.0000E+00  0.0000E+00  1.5000E+00
4.5508E+00  8.3100E+03  1.2830E+05  1.0000E+00  0.0000E+00  0.0000E+00  1.5000E+00
4.6023E+00  8.6816E+03  1.2950E+05  1.0000E+00  0.0000E+00  0.0000E+00  1.5000E+00
4.6544E+00  9.0531E+03  1.3060E+05  1.0000E+00  0.0000E+00  0.0000E+00  1.5000E+00
4.7071E+00  9.4246E+03  1.3180E+05  1.0000E+00  0.0000E+00  0.0000E+00  1.5000E+00
4.7517E+00  9.6378E+03  1.3280E+05  1.0000E+00  0.0000E+00  0.0000E+00  1.5000E+00
4.7957E+00  9.8319E+03  1.3380E+05  1.0000E+00  0.0000E+00  0.0000E+00  1.5000E+00
4.8400E+00  1.0026E+04  1.3470E+05  1.0000E+00  0.0000E+00  0.0000E+00  1.5000E+00
4.8848E+00  1.0220E+04  1.3570E+05  1.0000E+00  0.0000E+00  0.0000E+00  1.5000E+00
4.9355E+00  1.0366E+04  1.3690E+05  1.0000E+00  0.0000E+00  0.0000E+00  1.5000E+00
4.9973E+00  1.0421E+04  1.3830E+05  1.0000E+00  0.0000E+00  0.0000E+00  1.5000E+00
5.0598E+00  1.0476E+04  1.3980E+05  1.0000E+00  0.0000E+00  0.0000E+00  1.5000E+00
5.1307E+00  1.0528E+04  1.4130E+05  1.0000E+00  0.0000E+00  0.0000E+00  1.5000E+00
5.2244E+00  1.0572E+04  1.4330E+05  1.0000E+00  0.0000E+00  0.0000E+00  1.5000E+00
5.3260E+00  1.0612E+04  1.4530E+05  1.0000E+00  0.0000E+00  0.0000E+00  1.5000E+00
5.4554E+00  1.0634E+04  1.4730E+05  1.0000E+00  0.0000E+00  0.0000E+00  1.5000E+00
5.6097E+00  1.0660E+04  1.4960E+05  1.0000E+00  0.0000E+00  0.0000E+00  1.5000E+00
5.7939E+00  1.0691E+04  1.5250E+05  1.0000E+00  0.0000E+00  0.0000E+00  1.5000E+00
6.0144E+00  1.0729E+04  1.5640E+05  1.0000E+00  0.0000E+00  0.0000E+00  1.5000E+00
6.2749E+00  1.0777E+04  1.6230E+05  1.0000E+00  0.0000E+00  0.0000E+00  1.5000E+00
6.5792E+00  1.0839E+04  1.7100E+05  1.0000E+00  0.0000E+00  0.0000E+00  1.5000E+00
6.9291E+00  1.0922E+04  1.8230E+05  1.0000E+00  0.0000E+00  0.0000E+00  1.5000E+00
7.3236E+00  1.1014E+04  1.9550E+05  1.0000E+00  0.0000E+00  0.0000E+00  1.5000E+00
7.7668E+00  1.1107E+04  2.1040E+05  1.0000E+00  0.0000E+00  0.0000E+00  1.5000E+00
