8.8249E-03  3.7351E+03  1.9940E+02  1.0000E+00  0.0000E+00  0.0000E+00  1.5000E+00
1.0195E-02  3.7687E+03  2.2850E+02  1.0000E+00  0.0000E+00  0.0000E+00  1.5000E+00
1.1747E-02  3.8176E+03  2.6390E+02  1.0000E+00  0.0000E+00  0.0000E+00  1.5000E+00
1.3482E-02  3.8721E+03  3.0630E+02  1.0000E+00  0.0000E+00  0.0000E+00  1.5000E+00
1.5426E-02  3.9277E+03  3.5600E+02  1.0000E+00  0.0000E+00  0.0000E+00  1.5000E+00
1.7597E-02  3.9922E+03  4.1230E+02  1.0000E+00  0.0000E+00  0.0000E+00  1.5000E+00
2.0039E-02  4.0353E+03  4.7320E+02  1.0000E+00  0.0000E+00  0.0000E+00  1.5000E+00
2.2791E-02  4.0753E+03  5.4330E+02  1.0000E+00  0.0000E+00  0.0000E+00  1.5000E+00
2.5882E-02  4.1227E+03  6.2570E+02  1.0000E+00  0.0000E+00  0.0000E+00  1.5000E+00
2.9346E-02  4.1620E+03  7.2400E+02  1.0000E+00  0.0000E+00  0.0000E+00  1.5000E+00
3.3206E-02  4.2049E+03  8.3960E+02  1.0000E+00  0.0000E+00  0.0000E+00  1.5000E+00
3.7515E-02  4.2411E+03  9.6780E+02  1.0000E+00  0.0000E+00  0.0000E+00  1.5000E+00
4.2347E-02  4.2961E+03  1.1110E+03  1.0000E+00  0.0000E+00  0.0000E+00  1.5000E+00
4.7790E-02  4.3533E+03  1.2710E+03  1.0000E+00  0.0000E+00  0.0000E+00  1.5000E+00
5.3954E-02  4.4282E+03  1.4510E+03  1.0000E+00  0.0000E+00  0.0000E+00  1.5000E+00
6.0951E-02  4.4904E+03  1.6490E+03  1.0000E+00  0.0000E+00  0.0000E+00  1.5000E+00
6.8889E-02  4.5403E+03  1.8660E+03  1.0000E+00  0.0000E+00  0.0000E+00  1.5000E+00
7.7865E-02  4.5796E+03  2.1160E+03  1.0000E+00  0.0000E+00  0.0000E+00  1.5000E+00
8.7949E-02  4.6087E+03  2.4060E+03  1.0000E+00  0.0000E+00  0.0000E+00  1.5000E+00
9.9247E-02  4.6331E+03  2.7320E+03  1.0000E+00  0.0000E+00  0.0000E+00  1.5000E+00
1.1190E-01  4.6417E+03  3.0840E+03  1.0000E+00  0.0000E+00  0.0000E+00  1.5000E+00
1.2610E-01  4.6392E+03  3.4620E+03  1.0000E+00  0.0000E+00  0.0000E+00  1.5000E+00
1.4209E-01  4.6451E+03  3.8730E+03  1.0000E+00  0.0000E+00  0.0000E+00  1.5000E+00
1.6016E-01  4.6638E+03  4.3310E+03  1.0000E+00  0.0000E+00  0.0000E+00  1.5000E+00
1.8061E-01  4.6874E+03  4.8520E+03  1.0000E+00  0.0000E+00  0.0000E+00  1.5000E+00
2.0370E-01  4.7159E+03  5.4540E+03  1.0000E+00  0.0000E+00  0.0000E+00  1.5000E+00
2.2972E-01  4.7465E+03  6.1450E+03  1.0000E+00  0.0000E+00  0.0000E+00  1.5000E+00
2.5899E-01  4.7757E+03  6.9290E+03  1.0000E+00  0.0000E+00  0.0000E+00  1.5000E+00
2.9183E-01  4.8154E+03  7.8510E+03  1.0000E+00  0.0000E+00  0.0000E+00  1.5000E+00
3.2854E-01  4.8678E+03  8.9360E+03  1.0000E+00  0.0000E+00  0.0000E+00  1.5000E+00
3.6950E-01  4.9101E+03  1.0140E+04  1.0000E+00  0.0000E+00  0.0000E+00  1.5000E+00
4.1527E-01  4.9295E+03  1.1460E+04  1.0000E+00  0.0000E+00  0.0000E+00  1.5000E+00
4.6658E-01  4.9261E+03  1.2880E+04  1.0000E+00  0.0000E+00  0.0000E+00  1.5000E+00
5.2442E-01  4.9082E+03  1.4360E+04  1.0000E+00  0.0000E+00  0.0000E+00  1.5000E+00
5.8988E-01  4.8837E+03  1.5950E+04  1.0000E+00  0.0000E+00  0.0000E+00  1.5000E+00
6.6406E-01  4.8609E+03  1.7730E+04  1.0000E+00  0.0000E+00  0.0000E+00  1.5000E+00
7.4814E-01  4.8433E+03  1.9730E+04  1.0000E+00  0.0000E+00  0.0000E+00  1.5000E+00
8.4339E-01  4.8320E+03  2.1970E+04  1.0000E+00  0.0000E+00  0.0000E+00  1.5000E+00
9.5139E-01  4.8294E+03  2.4500E+04  1.0000E+00  0.0000E+00  0.0000E+00  1.5000E+00
1.0737E+00  4.8352E+03  2.7390E+04  1.0000E+00  0.0000E+00  0.0000E+00  1.5000E+00
1.2119E+00  4.8628E+03  3.0690E+04  1.0000E+00  0.0000E+00  0.0000E+00  1.5000E+00
1.3677E+00  4.9145E+03  3.4500E+04  1.0000E+00  0.0000E+00  0.0000E+00  1.5000E+00
1.5429E+00  4.9813E+03  3.8910E+04  1.0000E+00  0.0000E+00  0.0000E+00  1.5000E+00
1.7392E+00  5.0554E+03  4.3890E+04  1.0000E+00  0.0000E+00  0.0000E+00  1.5000E+00
1.9592E+00  5.1368E+03  4.9320E+04  1.0000E+00  0.0000E+00  0.0000E+00  1.5000E+00
2.2053E+00  5.2294E+03  5.5200E+04  1.0000E+00  0.0000E+00  0.0000E+00  1.5000E+00
2.4777E+00  5.3382E+03  6.1820E+04  1.0000E+00  0.0000E+00  0.0000E+00  1.5000E+00
2.7735E+00  5.4713E+03  6.9360E+04  1.0000E+00  0.0000E+00  0.0000E+00  1.5000E+00
3.0811E+00  5.6231E+03  7.7310E+04  1.0000E+00  0.0000E+00  0.0000E+00  1.5000E+00
3.3954E+00  5.7747E+03  8.5170E+04  1.0000E+00  0.0000E+00  0.0000E+00  1.5000E+00
3.7034E+00  5.9346E+03  9.2440E+04  1.0000E+00  0.0000E+00  0.0000E+00  1.5000E+00
4.0006E+00  6.1098E+03  9.9040E+04  1.0000E+00  0.0000E+00  0.0000E+00  1.5000E+00
4.2769E+00  6.3142E+03  1.0490E+05  1.0000E+00  0.0000E+00  0.0000E+00  1.5000E+00
4.5229E+00  6.5463E+03  1.0990E+05  1.0000E+00  0.0000E+00  0.0000E+00  1.5000E+00
4.7395E+00  6.7882E+03  1.1450E+05  1.0000E+00  0.0000E+00  0.0000E+00  1.5000E+00
4.9339E+00  7.0356E+03  1.1940E+05  1.0000E+00  0.0000E+00  0.0000E+00  1.5000E+00
5.0850E+00  7.3433E+03  1.2170E+05  1.0000E+00  0.0000E+00  0.0000E+00  1.5000E+00
5.2105E+00  7.6961E+03  1.2360E+05  1.0000E+00  0.0000E+00  0.0000E+00  1.5000E+00
5.2798E+00  8.1360E+03  1.2480E+05  1.0000E+00  0.0000E+00  0.0000E+00  1.5000E+00
5.3500E+00  8.5759E+03  1.2590E+05  1.0000E+00  0.0000E+00  0.0000E+00  1.5000E+00
5.4211E+00  9.0158E+03  1.2710E+05  1.0000E+00  0.0000E+00  0.0000E+00  1.5000E+00
5.4683E+00  9.2663E+03  1.2780E+05  1.0000E+00  0.0000E+00  0.0000E+00  1.5000E+00
5.5155E+00  9.5131E+03  1.2860E+05  1.0000E+00  0.0000E+00  0.0000E+00  1.5000E+00
5.5630E+00  9.7600E+03  1.2930E+05  1.0000E+00  0.0000E+00  0.0000E+00  1.5000E+00
5.6110E+00  1.0007E+04  1.3010E+05  1.0000E+00  0.0000E+00  0.0000E+00  1.5000E+00
5.6652E+00  1.0149E+04  1.3130E+05  1.0000E+00  0.0000E+00  0.0000E+00  1.5000E+00
5.7226E+00  1.0246E+04  1.3260E+05  1.0000E+00  0.0000E+00  0.0000E+00  1.5000E+00
5.7805E+00  1.0343E+04  1.3390E+05  1.0000E+00  0.0000E+00  0.0000E+00  1.5000E+00
5.8489E+00  1.0420E+04  1.3560E+05  1.0000E+00  0.0000E+00  0.0000E+00  1.5000E+00
5.9326E+00  1.0470E+04  1.3770E+05  1.0000E+00  0.0000E+00  0.0000E+00  1.5000E+00
6.0219E+00  1.0518E+04  1.4000E+05  1.0000E+00  0.0000E+00  0.0000E+00  1.5000E+00
6.1381E+00  1.0551E+04  1.4290E+05  1.0000E+00  0.0000E+00  0.0000E+00  1.5000E+00
6.2718E+00  1.0585E+04  1.4630E+05  1.0000E+00  0.0000E+00  0.0000E+00  1.5000E+00
6.4298E+00  1.0619E+04  1.5020E+05  1.0000E+00  0.0000E+00  0.0000E+00  1.5000E+00
6.6198E+00  1.0657E+04  1.5460E+05  1.0000E+00  0.0000E+00  0.0000E+00  1.5000E+00
6.8470E+00  1.0698E+04  1.5960E+05  1.0000E+00  0.0000E+00  0.0000E+00  1.5000E+00
7.1160E+00  1.0741E+04  1.6560E+05  1.0000E+00  0.0000E+00  0.0000E+00  1.5000E+00
7.4302E+00  1.0794E+04  1.7300E+05  1.0000E+00  0.0000E+00  0.0000E+00  1.5000E+00
7.7968E+00  1.0858E+04  1.8190E+05  1.0000E+00  0.0000E+00  0.0000E+00  1.5000E+00
8.2186E+00  1.0926E+04  1.9190E+05  1.0000E+00  0.0000E+00  0.0000E+00  1.5000E+00
8.7066E+00  1.0990E+04  2.0230E+05  1.0000E+00  0.0000E+00  0.0000E+00  1.5000E+00
