7.9966E-03  4.3231E+03  2.9620E+02  1.0000E+00  0.0000E+00  0.0000E+00  1.5000E+00
9.1580E-03  4.3216E+03  3.2850E+02  1.0000E+00  0.0000E+00  0.0000E+00  1.5000E+00
1.0492E-02  4.3367E+03  3.6780E+02  1.0000E+00  0.0000E+00  0.0000E+00  1.5000E+00
1.2022E-02  4.3530E+03  4.1330E+02  1.0000E+00  0.0000E+00  0.0000E+00  1.5000E+00
1.3768E-02  4.3610E+03  4.6330E+02  1.0000E+00  0.0000E+00  0.0000E+00  1.5000E+00
1.5759E-02  4.3715E+03  5.1980E+02  1.0000E+00  0.0000E+00  0.0000E+00  1.5000E+00
1.8026E-02  4.3832E+03  5.8430E+02  1.0000E+00  0.0000E+00  0.0000E+00  1.5000E+00
2.0595E-02  4.3940E+03  6.5900E+02  1.0000E+00  0.0000E+00  0.0000E+00  1.5000E+00
2.3500E-02  4.4082E+03  7.4570E+02  1.0000E+00  0.0000E+00  0.0000E+00  1.5000E+00
2.6778E-02  4.4300E+03  8.4750E+02  1.0000E+00  0.0000E+00  0.0000E+00  1.5000E+00
3.0468E-02  4.4665E+03  9.7110E+02  1.0000E+00  0.0000E+00  0.0000E+00  1.5000E+00
3.4604E-02  4.5249E+03  1.1260E+03  1.0000E+00  0.0000E+00  0.0000E+00  1.5000E+00
3.9212E-02  4.6039E+03  1.3210E+03  1.0000E+00  0.0000E+00  0.0000E+00  1.5000E+00
4.4306E-02  4.6813E+03  1.5470E+03  1.0000E+00  0.0000E+00  0.0000E+00  1.5000E+00
4.9930E-02  4.7356E+03  1.7860E+03  1.0000E+00  0.0000E+00  0.0000E+00  1.5000E+00
5.6201E-02  4.7579E+03  2.0200E+03  1.0000E+00  0.0000E+00  0.0000E+00  1.5000E+00
6.3260E-02  4.7736E+03  2.2630E+03  1.0000E+00  0.0000E+00  0.0000E+00  1.5000E+00
7.1229E-02  4.7912E+03  2.5360E+03  1.0000E+00  0.0000E+00  0.0000E+00  1.5000E+00
8.0205E-02  4.8061E+03  2.8520E+03  1.0000E+00  0.0000E+00  0.0000E+00  1.5000E+00
9.0320E-02  4.8040E+03  3.1940E+03  1.0000E+00  0.0000E+00  0.0000E+00  1.5000E+00
1.0177E-01  4.7686E+03  3.5430E+03  1.0000E+00  0.0000E+00  0.0000E+00  1.5000E+00
1.1473E-01  4.7299E+03  3.9230E+03  1.0000E+00  0.0000E+00  0.0000E+00  1.5000E+00
1.2939E-01  4.7064E+03  4.3460E+03  1.0000E+00  0.0000E+00  0.0000E+00  1.5000E+00
1.4599E-01  4.6926E+03  4.8200E+03  1.0000E+00  0.0000E+00  0.0000E+00  1.5000E+00
1.6481E-01  4.6808E+03  5.3340E+03  1.0000E+00  0.0000E+00  0.0000E+00  1.5000E+00
1.8619E-01  4.6878E+03  5.9150E+03  1.0000E+00  0.0000E+00  0.0000E+00  1.5000E+00
2.1050E-01  4.7157E+03  6.5830E+03  1.0000E+00  0.0000E+00  0.0000E+00  1.5000E+00
2.3813E-01  4.7419E+03  7.3320E+03  1.0000E+00  0.0000E+00  0.0000E+00  1.5000E+00
2.6947E-01  4.7535E+03  8.1710E+03  1.0000E+00  0.0000E+00  0.0000E+00  1.5000E+00
3.0494E-01  4.7568E+03  9.1140E+03  1.0000E+00  0.0000E+00  0.0000E+00  1.5000E+00
3.4500E-01  4.7618E+03  1.0200E+04  1.0000E+00  0.0000E+00  0.0000E+00  1.5000E+00
3.9018E-01  4.7785E+03  1.1440E+04  1.0000E+00  0.0000E+00  0.0000E+00  1.5000E+00
4.4112E-01  4.8113E+03  1.2850E+04  1.0000E+00  0.0000E+00  0.0000E+00  1.5000E+00
4.9850E-01  4.8532E+03  1.4470E+04  1.0000E+00  0.0000E+00  0.0000E+00  1.5000E+00
5.6305E-01  4.8996E+03  1.6320E+04  1.0000E+00  0.0000E+00  0.0000E+00  1.5000E+00
6.3554E-01  4.9512E+03  1.8420E+04  1.0000E+00  0.0000E+00  0.0000E+00  1.5000E+00
7.1674E-01  5.0023E+03  2.0800E+04  1.0000E+00  0.0000E+00  0.0000E+00  1.5000E+00
8.0770E-01  5.0564E+03  2.3430E+04  1.0000E+00  0.0000E+00  0.0000E+00  1.5000E+00
9.0966E-01  5.1078E+03  2.6290E+04  1.0000E+00  0.0000E+00  0.0000E+00  1.5000E+00
1.0240E+00  5.1474E+03  2.9470E+04  1.0000E+00  0.0000E+00  0.0000E+00  1.5000E+00
1.1522E+00  5.1883E+03  3.3060E+04  1.0000E+00  0.0000E+00  0.0000E+00  1.5000E+00
1.2955E+00  5.2348E+03  3.7110E+04  1.0000E+00  0.0000E+00  0.0000E+00  1.5000E+00
1.4550E+00  5.2905E+03  4.1630E+04  1.0000E+00  0.0000E+00  0.0000E+00  1.5000E+00
1.6321E+00  5.3505E+03  4.6560E+04  1.0000E+00  0.0000E+00  0.0000E+00  1.5000E+00
1.8282E+00  5.4088E+03  5.1950E+04  1.0000E+00  0.0000E+00  0.0000E+00  1.5000E+00
2.0457E+00  5.4564E+03  5.7830E+04  1.0000E+00  0.0000E+00  0.0000E+00  1.5000E+00
2.2879E+00  5.4986E+03  6.4510E+04  1.0000E+00  0.0000E+00  0.0000E+00  1.5000E+00
2.5579E+00  5.5407E+03  7.1560E+04  1.0000E+00  0.0000E+00  0.0000E+00  1.5000E+00
2.8554E+00  5.6158E+03  7.9150E+04  1.0000E+00  0.0000E+00  0.0000E+00  1.5000E+00
3.1772E+00  5.7021E+03  8.6710E+04  1.0000E+00  0.0000E+00  0.0000E+00  1.5000E+00
3.5228E+00  5.7853E+03  9.4640E+04  1.0000E+00  0.0000E+00  0.0000E+00  1.5000E+00
3.8981E+00  5.8583E+03  1.0220E+05  1.0000E+00  0.0000E+00  0.0000E+00  1.5000E+00
4.3037E+00  5.9428E+03  1.0940E+05  1.0000E+00  0.0000E+00  0.0000E+00  1.5000E+00
4.7357E+00  6.0557E+03  1.1630E+05  1.0000E+00  0.0000E+00  0.0000E+00  1.5000E+00
5.1781E+00  6.1815E+03  1.2200E+05  1.0000E+00  0.0000E+00  0.0000E+00  1.5000E+00
5.6322E+00  6.3043E+03  1.2760E+05  1.0000E+00  0.0000E+00  0.0000E+00  1.5000E+00
6.0869E+00  6.4602E+03  1.3480E+05  1.0000E+00  0.0000E+00  0.0000E+00  1.5000E+00
6.5247E+00  6.6292E+03  1.4310E+05  1.0000E+00  0.0000E+00  0.0000E+00  1.5000E+00
6.9430E+00  6.8068E+03  1.5250E+05  1.0000E+00  0.0000E+00  0.0000E+00  1.5000E+00
7.3598E+00  6.9150E+03  1.6220E+05  1.0000E+00  0.0000E+00  0.0000E+00  1.5000E+00
7.7921E+00  7.0523E+03  1.6840E+05  1.0000E+00  0.0000E+00  0.0000E+00  1.5000E+00
8.2158E+00  7.2667E+03  1.6960E+05  1.0000E+00  0.0000E+00  0.0000E+00  1.5000E+00
8.6062E+00  7.5327E+03  1.7250E+05  1.0000E+00  0.0000E+00  0.0000E+00  1.5000E+00
8.9522E+00  7.8364E+03  1.7440E+05  1.0000E+00  0.0000E+00  0.0000E+00  1.5000E+00
9.2566E+00  8.1437E+03  1.7670E+05  1.0000E+00  0.0000E+00  0.0000E+00  1.5000E+00
9.5241E+00  8.4563E+03  1.8340E+05  1.0000E+00  0.0000E+00  0.0000E+00  1.5000E+00
9.7935E+00  8.5553E+03  1.8580E+05  1.0000E+00  0.0000E+00  0.0000E+00  1.5000E+00
1.0092E+01  8.6386E+03  1.8860E+05  1.0000E+00  0.0000E+00  0.0000E+00  1.5000E+00
1.0425E+01  8.7473E+03  1.9150E+05  1.0000E+00  0.0000E+00  0.0000E+00  1.5000E+00
1.0783E+01  8.9019E+03  1.9480E+05  1.0000E+00  0.0000E+00  0.0000E+00  1.5000E+00
1.1158E+01  9.0635E+03  1.9820E+05  1.0000E+00  0.0000E+00  0.0000E+00  1.5000E+00
1.1566E+01  9.1374E+03  2.0140E+05  1.0000E+00  0.0000E+00  0.0000E+00  1.5000E+00
1.2059E+01  9.1299E+03  2.0790E+05  1.0000E+00  0.0000E+00  0.0000E+00  1.5000E+00
1.2665E+01  9.0994E+03  2.1900E+05  1.0000E+00  0.0000E+00  0.0000E+00  1.5000E+00
1.3457E+01  9.0004E+03  2.2790E+05  1.0000E+00  0.0000E+00  0.0000E+00  1.5000E+00
1.4550E+01  8.8622E+03  2.4390E+05  1.0000E+00  0.0000E+00  0.0000E+00  1.5000E+00
1.6013E+01  8.7729E+03  2.6770E+05  1.0000E+00  0.0000E+00  0.0000E+00  1.5000E+00
1.7569E+01  9.0784E+03  3.1830E+05  1.0000E+00  0.0000E+00  0.0000E+00  1.5000E+00
1.9066E+01  9.1400E+03  3.9000E+05  1.0000E+00  0.0000E+00  0.0000E+00  1.5000E+00
2.0688E+01  9.1051E+03  4.7050E+05  1.0000E+00  0.0000E+00  0.0000E+00  1.5000E+00
2.2329E+01  9.7429E+03  4.9400E+05  1.0000E+00  0.0000E+00  0.0000E+00  1.5000E+00
