8.6882E-03  3.8478E+03  2.1060E+02  1.0000E+00  0.0000E+00  0.0000E+00  1.5000E+00
9.9930E-03  3.8671E+03  2.3970E+02  1.0000E+00  0.0000E+00  0.0000E+00  1.5000E+00
1.1485E-02  3.8854E+03  2.7240E+02  1.0000E+00  0.0000E+00  0.0000E+00  1.5000E+00
1.3185E-02  3.9104E+03  3.1110E+02  1.0000E+00  0.0000E+00  0.0000E+00  1.5000E+00
1.5116E-02  3.9349E+03  3.5490E+02  1.0000E+00  0.0000E+00  0.0000E+00  1.5000E+00
1.7311E-02  3.9565E+03  4.0270E+02  1.0000E+00  0.0000E+00  0.0000E+00  1.5000E+00
1.9811E-02  3.9746E+03  4.5500E+02  1.0000E+00  0.0000E+00  0.0000E+00  1.5000E+00
2.2658E-02  3.9910E+03  5.1410E+02  1.0000E+00  0.0000E+00  0.0000E+00  1.5000E+00
2.5893E-02  4.0190E+03  5.8270E+02  1.0000E+00  0.0000E+00  0.0000E+00  1.5000E+00
2.9550E-02  4.0620E+03  6.6210E+02  1.0000E+00  0.0000E+00  0.0000E+00  1.5000E+00
3.3678E-02  4.1132E+03  7.5500E+02  1.0000E+00  0.0000E+00  0.0000E+00  1.5000E+00
3.8316E-02  4.1703E+03  8.6760E+02  1.0000E+00  0.0000E+00  0.0000E+00  1.5000E+00
4.3498E-02  4.2431E+03  1.0100E+03  1.0000E+00  0.0000E+00  0.0000E+00  1.5000E+00
4.9246E-02  4.3384E+03  1.1940E+03  1.0000E+00  0.0000E+00  0.0000E+00  1.5000E+00
5.5626E-02  4.4301E+03  1.4120E+03  1.0000E+00  0.0000E+00  0.0000E+00  1.5000E+00
6.2692E-02  4.4682E+03  1.6340E+03  1.0000E+00  0.0000E+00  0.0000E+00  1.5000E+00
7.0564E-02  4.4785E+03  1.8630E+03  1.0000E+00  0.0000E+00  0.0000E+00  1.5000E+00
7.9365E-02  4.4833E+03  2.1090E+03  1.0000E+00  0.0000E+00  0.0000E+00  1.5000E+00
8.9226E-02  4.4902E+03  2.3830E+03  1.0000E+00  0.0000E+00  0.0000E+00  1.5000E+00
1.0029E-01  4.4995E+03  2.6920E+03  1.0000E+00  0.0000E+00  0.0000E+00  1.5000E+00
1.1271E-01  4.5133E+03  3.0410E+03  1.0000E+00  0.0000E+00  0.0000E+00  1.5000E+00
1.2666E-01  4.5312E+03  3.4410E+03  1.0000E+00  0.0000E+00  0.0000E+00  1.5000E+00
1.4231E-01  4.5516E+03  3.8990E+03  1.0000E+00  0.0000E+00  0.0000E+00  1.5000E+00
1.5985E-01  4.5712E+03  4.4140E+03  1.0000E+00  0.0000E+00  0.0000E+00  1.5000E+00
1.7954E-01  4.5884E+03  4.9860E+03  1.0000E+00  0.0000E+00  0.0000E+00  1.5000E+00
2.0165E-01  4.6041E+03  5.6270E+03  1.0000E+00  0.0000E+00  0.0000E+00  1.5000E+00
2.2648E-01  4.6190E+03  6.3490E+03  1.0000E+00  0.0000E+00  0.0000E+00  1.5000E+00
2.5438E-01  4.6317E+03  7.1580E+03  1.0000E+00  0.0000E+00  0.0000E+00  1.5000E+00
2.8575E-01  4.6378E+03  8.0450E+03  1.0000E+00  0.0000E+00  0.0000E+00  1.5000E+00
3.2113E-01  4.6348E+03  8.9940E+03  1.0000E+00  0.0000E+00  0.0000E+00  1.5000E+00
3.6120E-01  4.6249E+03  1.0010E+04  1.0000E+00  0.0000E+00  0.0000E+00  1.5000E+00
4.0677E-01  4.6170E+03  1.1110E+04  1.0000E+00  0.0000E+00  0.0000E+00  1.5000E+00
4.5858E-01  4.6194E+03  1.2370E+04  1.0000E+00  0.0000E+00  0.0000E+00  1.5000E+00
5.1735E-01  4.6324E+03  1.3810E+04  1.0000E+00  0.0000E+00  0.0000E+00  1.5000E+00
5.8388E-01  4.6518E+03  1.5490E+04  1.0000E+00  0.0000E+00  0.0000E+00  1.5000E+00
6.5891E-01  4.6758E+03  1.7430E+04  1.0000E+00  0.0000E+00  0.0000E+00  1.5000E+00
7.4332E-01  4.7021E+03  1.9680E+04  1.0000E+00  0.0000E+00  0.0000E+00  1.5000E+00
8.3811E-01  4.7280E+03  2.2210E+04  1.0000E+00  0.0000E+00  0.0000E+00  1.5000E+00
9.4474E-01  4.7559E+03  2.5000E+04  1.0000E+00  0.0000E+00  0.0000E+00  1.5000E+00
1.0648E+00  4.7912E+03  2.8110E+04  1.0000E+00  0.0000E+00  0.0000E+00  1.5000E+00
1.2003E+00  4.8322E+03  3.1480E+04  1.0000E+00  0.0000E+00  0.0000E+00  1.5000E+00
1.3537E+00  4.8664E+03  3.5050E+04  1.0000E+00  0.0000E+00  0.0000E+00  1.5000E+00
1.5281E+00  4.9144E+03  3.8890E+04  1.0000E+00  0.0000E+00  0.0000E+00  1.5000E+00
1.7264E+00  4.9830E+03  4.3070E+04  1.0000E+00  0.0000E+00  0.0000E+00  1.5000E+00
1.9522E+00  5.0719E+03  4.7690E+04  1.0000E+00  0.0000E+00  0.0000E+00  1.5000E+00
2.2077E+00  5.1794E+03  5.2880E+04  1.0000E+00  0.0000E+00  0.0000E+00  1.5000E+00
2.4941E+00  5.3028E+03  5.8520E+04  1.0000E+00  0.0000E+00  0.0000E+00  1.5000E+00
2.8070E+00  5.4542E+03  6.4750E+04  1.0000E+00  0.0000E+00  0.0000E+00  1.5000E+00
3.1359E+00  5.6214E+03  7.0640E+04  1.0000E+00  0.0000E+00  0.0000E+00  1.5000E+00
3.4730E+00  5.7703E+03  7.5930E+04  1.0000E+00  0.0000E+00  0.0000E+00  1.5000E+00
3.8123E+00  5.9272E+03  7.9210E+04  1.0000E+00  0.0000E+00  0.0000E+00  1.5000E+00
4.1470E+00  6.1090E+03  8.1330E+04  1.0000E+00  0.0000E+00  0.0000E+00  1.5000E+00
4.4595E+00  6.3145E+03  8.4720E+04  1.0000E+00  0.0000E+00  0.0000E+00  1.5000E+00
4.7466E+00  6.5091E+03  8.8800E+04  1.0000E+00  0.0000E+00  0.0000E+00  1.5000E+00
5.0087E+00  6.6999E+03  9.4420E+04  1.0000E+00  0.0000E+00  0.0000E+00  1.5000E+00
5.2549E+00  6.8781E+03  1.0100E+05  1.0000E+00  0.0000E+00  0.0000E+00  1.5000E+00
5.4923E+00  7.0384E+03  1.0760E+05  1.0000E+00  0.0000E+00  0.0000E+00  1.5000E+00
5.7273E+00  7.1962E+03  1.1190E+05  1.0000E+00  0.0000E+00  0.0000E+00  1.5000E+00
5.9611E+00  7.3714E+03  1.1400E+05  1.0000E+00  0.0000E+00  0.0000E+00  1.5000E+00
6.1890E+00  7.5730E+03  1.1760E+05  1.0000E+00  0.0000E+00  0.0000E+00  1.5000E+00
6.4110E+00  7.7506E+03  1.2340E+05  1.0000E+00  0.0000E+00  0.0000E+00  1.5000E+00
6.6313E+00  7.9181E+03  1.3090E+05  1.0000E+00  0.0000E+00  0.0000E+00  1.5000E+00
6.8542E+00  8.0604E+03  1.3980E+05  1.0000E+00  0.0000E+00  0.0000E+00  1.5000E+00
7.0876E+00  8.1872E+03  1.4720E+05  1.0000E+00  0.0000E+00  0.0000E+00  1.5000E+00
7.3315E+00  8.3296E+03  1.5440E+05  1.0000E+00  0.0000E+00  0.0000E+00  1.5000E+00
7.5789E+00  8.5191E+03  1.6110E+05  1.0000E+00  0.0000E+00  0.0000E+00  1.5000E+00
7.8234E+00  8.7396E+03  1.6720E+05  1.0000E+00  0.0000E+00  0.0000E+00  1.5000E+00
8.0654E+00  8.9345E+03  1.7320E+05  1.0000E+00  0.0000E+00  0.0000E+00  1.5000E+00
8.3281E+00  8.9742E+03  1.7950E+05  1.0000E+00  0.0000E+00  0.0000E+00  1.5000E+00
8.6206E+00  9.1102E+03  1.8750E+05  1.0000E+00  0.0000E+00  0.0000E+00  1.5000E+00
8.9444E+00  9.1695E+03  1.9680E+05  1.0000E+00  0.0000E+00  0.0000E+00  1.5000E+00
9.2916E+00  9.3579E+03  2.0710E+05  1.0000E+00  0.0000E+00  0.0000E+00  1.5000E+00
9.6055E+00  9.7374E+03  2.1580E+05  1.0000E+00  0.0000E+00  0.0000E+00  1.5000E+00
9.8596E+00  1.0159E+04  2.2410E+05  1.0000E+00  0.0000E+00  0.0000E+00  1.5000E+00
1.0087E+01  1.0515E+04  2.3230E+05  1.0000E+00  0.0000E+00  0.0000E+00  1.5000E+00
1.0296E+01  1.0798E+04  2.4070E+05  1.0000E+00  0.0000E+00  0.0000E+00  1.5000E+00
1.0508E+01  1.0970E+04  2.4950E+05  1.0000E+00  0.0000E+00  0.0000E+00  1.5000E+00
1.0734E+01  1.1113E+04  2.5910E+05  1.0000E+00  0.0000E+00  0.0000E+00  1.5000E+00
1.0979E+01  1.1223E+04  2.6960E+05  1.0000E+00  0.0000E+00  0.0000E+00  1.5000E+00
1.1259E+01  1.1336E+04  2.8180E+05  1.0000E+00  0.0000E+00  0.0000E+00  1.5000E+00
1.1572E+01  1.1444E+04  2.9440E+05  1.0000E+00  0.0000E+00  0.0000E+00  1.5000E+00
