8.3105E-03  3.9953E+03  2.2720E+02  1.0000E+00  0.0000E+00  0.0000E+00  1.5000E+00
9.5641E-03  3.9834E+03  2.5520E+02  1.0000E+00  0.0000E+00  0.0000E+00  1.5000E+00
1.1004E-02  3.9750E+03  2.8650E+02  1.0000E+00  0.0000E+00  0.0000E+00  1.5000E+00
1.2656E-02  3.9749E+03  3.2260E+02  1.0000E+00  0.0000E+00  0.0000E+00  1.5000E+00
1.4545E-02  3.9819E+03  3.6470E+02  1.0000E+00  0.0000E+00  0.0000E+00  1.5000E+00
1.6698E-02  3.9939E+03  4.1340E+02  1.0000E+00  0.0000E+00  0.0000E+00  1.5000E+00
1.9148E-02  4.0034E+03  4.6810E+02  1.0000E+00  0.0000E+00  0.0000E+00  1.5000E+00
2.1937E-02  4.0088E+03  5.2900E+02  1.0000E+00  0.0000E+00  0.0000E+00  1.5000E+00
2.5107E-02  4.0177E+03  5.9820E+02  1.0000E+00  0.0000E+00  0.0000E+00  1.5000E+00
2.8706E-02  4.0286E+03  6.7820E+02  1.0000E+00  0.0000E+00  0.0000E+00  1.5000E+00
3.2774E-02  4.0422E+03  7.7100E+02  1.0000E+00  0.0000E+00  0.0000E+00  1.5000E+00
3.7363E-02  4.0657E+03  8.7960E+02  1.0000E+00  0.0000E+00  0.0000E+00  1.5000E+00
4.2488E-02  4.1094E+03  1.0130E+03  1.0000E+00  0.0000E+00  0.0000E+00  1.5000E+00
4.8162E-02  4.1880E+03  1.1900E+03  1.0000E+00  0.0000E+00  0.0000E+00  1.5000E+00
5.4341E-02  4.3091E+03  1.4360E+03  1.0000E+00  0.0000E+00  0.0000E+00  1.5000E+00
6.1015E-02  4.4299E+03  1.7490E+03  1.0000E+00  0.0000E+00  0.0000E+00  1.5000E+00
6.8279E-02  4.5173E+03  2.0990E+03  1.0000E+00  0.0000E+00  0.0000E+00  1.5000E+00
7.6216E-02  4.5711E+03  2.4760E+03  1.0000E+00  0.0000E+00  0.0000E+00  1.5000E+00
8.4926E-02  4.6033E+03  2.8820E+03  1.0000E+00  0.0000E+00  0.0000E+00  1.5000E+00
9.4535E-02  4.6189E+03  3.3140E+03  1.0000E+00  0.0000E+00  0.0000E+00  1.5000E+00
1.0520E-01  4.6164E+03  3.7590E+03  1.0000E+00  0.0000E+00  0.0000E+00  1.5000E+00
1.1713E-01  4.5995E+03  4.2150E+03  1.0000E+00  0.0000E+00  0.0000E+00  1.5000E+00
1.3055E-01  4.5810E+03  4.7020E+03  1.0000E+00  0.0000E+00  0.0000E+00  1.5000E+00
1.4569E-01  4.5730E+03  5.2580E+03  1.0000E+00  0.0000E+00  0.0000E+00  1.5000E+00
1.6274E-01  4.5764E+03  5.9030E+03  1.0000E+00  0.0000E+00  0.0000E+00  1.5000E+00
1.8195E-01  4.5837E+03  6.6330E+03  1.0000E+00  0.0000E+00  0.0000E+00  1.5000E+00
2.0363E-01  4.5869E+03  7.4270E+03  1.0000E+00  0.0000E+00  0.0000E+00  1.5000E+00
2.2819E-01  4.5814E+03  8.2650E+03  1.0000E+00  0.0000E+00  0.0000E+00  1.5000E+00
2.5615E-01  4.5676E+03  9.1450E+03  1.0000E+00  0.0000E+00  0.0000E+00  1.5000E+00
2.8812E-01  4.5495E+03  1.0090E+04  1.0000E+00  0.0000E+00  0.0000E+00  1.5000E+00
3.2480E-01  4.5320E+03  1.1120E+04  1.0000E+00  0.0000E+00  0.0000E+00  1.5000E+00
3.6690E-01  4.5180E+03  1.2280E+04  1.0000E+00  0.0000E+00  0.0000E+00  1.5000E+00
4.1524E-01  4.5085E+03  1.3570E+04  1.0000E+00  0.0000E+00  0.0000E+00  1.5000E+00
4.7072E-01  4.5009E+03  1.5000E+04  1.0000E+00  0.0000E+00  0.0000E+00  1.5000E+00
5.3440E-01  4.4980E+03  1.6600E+04  1.0000E+00  0.0000E+00  0.0000E+00  1.5000E+00
6.0743E-01  4.5007E+03  1.8370E+04  1.0000E+00  0.0000E+00  0.0000E+00  1.5000E+00
6.9111E-01  4.5072E+03  2.0350E+04  1.0000E+00  0.0000E+00  0.0000E+00  1.5000E+00
7.8693E-01  4.5168E+03  2.2560E+04  1.0000E+00  0.0000E+00  0.0000E+00  1.5000E+00
8.9617E-01  4.5379E+03  2.5090E+04  1.0000E+00  0.0000E+00  0.0000E+00  1.5000E+00
1.0201E+00  4.5734E+03  2.7940E+04  1.0000E+00  0.0000E+00  0.0000E+00  1.5000E+00
1.1599E+00  4.6298E+03  3.1200E+04  1.0000E+00  0.0000E+00  0.0000E+00  1.5000E+00
1.3170E+00  4.7023E+03  3.4900E+04  1.0000E+00  0.0000E+00  0.0000E+00  1.5000E+00
1.4930E+00  4.7938E+03  3.9130E+04  1.0000E+00  0.0000E+00  0.0000E+00  1.5000E+00
1.6907E+00  4.8970E+03  4.3680E+04  1.0000E+00  0.0000E+00  0.0000E+00  1.5000E+00
1.9138E+00  5.0108E+03  4.8730E+04  1.0000E+00  0.0000E+00  0.0000E+00  1.5000E+00
2.1655E+00  5.1181E+03  5.4170E+04  1.0000E+00  0.0000E+00  0.0000E+00  1.5000E+00
2.4508E+00  5.1959E+03  5.9690E+04  1.0000E+00  0.0000E+00  0.0000E+00  1.5000E+00
2.7732E+00  5.2944E+03  6.5970E+04  1.0000E+00  0.0000E+00  0.0000E+00  1.5000E+00
3.1284E+00  5.4381E+03  7.3870E+04  1.0000E+00  0.0000E+00  0.0000E+00  1.5000E+00
3.5073E+00  5.5752E+03  8.1950E+04  1.0000E+00  0.0000E+00  0.0000E+00  1.5000E+00
3.8829E+00  5.7720E+03  9.2440E+04  1.0000E+00  0.0000E+00  0.0000E+00  1.5000E+00
4.2606E+00  5.8815E+03  1.0020E+05  1.0000E+00  0.0000E+00  0.0000E+00  1.5000E+00
4.6580E+00  5.9865E+03  1.0530E+05  1.0000E+00  0.0000E+00  0.0000E+00  1.5000E+00
5.0667E+00  6.1336E+03  1.0970E+05  1.0000E+00  0.0000E+00  0.0000E+00  1.5000E+00
5.4553E+00  6.3551E+03  1.1850E+05  1.0000E+00  0.0000E+00  0.0000E+00  1.5000E+00
5.8179E+00  6.4852E+03  1.2380E+05  1.0000E+00  0.0000E+00  0.0000E+00  1.5000E+00
6.1915E+00  6.6072E+03  1.2750E+05  1.0000E+00  0.0000E+00  0.0000E+00  1.5000E+00
6.5694E+00  6.7736E+03  1.3090E+05  1.0000E+00  0.0000E+00  0.0000E+00  1.5000E+00
6.9282E+00  6.9845E+03  1.3650E+05  1.0000E+00  0.0000E+00  0.0000E+00  1.5000E+00
7.2631E+00  7.1786E+03  1.4290E+05  1.0000E+00  0.0000E+00  0.0000E+00  1.5000E+00
7.5920E+00  7.3351E+03  1.4630E+05  1.0000E+00  0.0000E+00  0.0000E+00  1.5000E+00
7.9180E+00  7.5287E+03  1.5010E+05  1.0000E+00  0.0000E+00  0.0000E+00  1.5000E+00
8.2291E+00  7.7566E+03  1.5540E+05  1.0000E+00  0.0000E+00  0.0000E+00  1.5000E+00
8.5291E+00  7.9502E+03  1.6070E+05  1.0000E+00  0.0000E+00  0.0000E+00  1.5000E+00
8.8186E+00  8.1559E+03  1.7360E+05  1.0000E+00  0.0000E+00  0.0000E+00  1.5000E+00
9.0731E+00  8.4543E+03  1.8680E+05  1.0000E+00  0.0000E+00  0.0000E+00  1.5000E+00
9.2927E+00  8.7904E+03  1.9680E+05  1.0000E+00  0.0000E+00  0.0000E+00  1.5000E+00
9.4927E+00  9.1469E+03  2.0470E+05  1.0000E+00  0.0000E+00  0.0000E+00  1.5000E+00
9.6782E+00  9.3522E+03  2.0660E+05  1.0000E+00  0.0000E+00  0.0000E+00  1.5000E+00
9.8661E+00  9.5308E+03  2.0770E+05  1.0000E+00  0.0000E+00  0.0000E+00  1.5000E+00
1.0079E+01  9.6016E+03  2.1090E+05  1.0000E+00  0.0000E+00  0.0000E+00  1.5000E+00
1.0320E+01  9.6410E+03  2.1470E+05  1.0000E+00  0.0000E+00  0.0000E+00  1.5000E+00
1.0608E+01  9.6464E+03  2.1920E+05  1.0000E+00  0.0000E+00  0.0000E+00  1.5000E+00
1.0961E+01  9.6639E+03  2.2520E+05  1.0000E+00  0.0000E+00  0.0000E+00  1.5000E+00
1.1369E+01  9.7698E+03  2.3610E+05  1.0000E+00  0.0000E+00  0.0000E+00  1.5000E+00
1.1805E+01  9.9398E+03  2.4890E+05  1.0000E+00  0.0000E+00  0.0000E+00  1.5000E+00
1.2242E+01  1.0183E+04  2.6250E+05  1.0000E+00  0.0000E+00  0.0000E+00  1.5000E+00
1.2664E+01  1.0448E+04  2.7030E+05  1.0000E+00  0.0000E+00  0.0000E+00  1.5000E+00
1.3079E+01  1.0687E+04  2.7520E+05  1.0000E+00  0.0000E+00  0.0000E+00  1.5000E+00
1.3532E+01  1.0721E+04  2.7500E+05  1.0000E+00  0.0000E+00  0.0000E+00  1.5000E+00
1.4130E+01  1.0552E+04  2.8070E+05  1.0000E+00  0.0000E+00  0.0000E+00  1.5000E+00
