9.6222E-03  3.6467E+03  2.0190E+02  1.0000E+00  0.0000E+00  0.0000E+00  1.5000E+00
1.0993E-02  3.7714E+03  2.3800E+02  1.0000E+00  0.0000E+00  0.0000E+00  1.5000E+00
1.2466E-02  3.9589E+03  2.9220E+02  1.0000E+00  0.0000E+00  0.0000E+00  1.5000E+00
1.4057E-02  4.1474E+03  3.6400E+02  1.0000E+00  0.0000E+00  0.0000E+00  1.5000E+00
1.5824E-02  4.2272E+03  4.3130E+02  1.0000E+00  0.0000E+00  0.0000E+00  1.5000E+00
1.7818E-02  4.2312E+03  4.8660E+02  1.0000E+00  0.0000E+00  0.0000E+00  1.5000E+00
2.0092E-02  4.2440E+03  5.4330E+02  1.0000E+00  0.0000E+00  0.0000E+00  1.5000E+00
2.2695E-02  4.2803E+03  6.1170E+02  1.0000E+00  0.0000E+00  0.0000E+00  1.5000E+00
2.5669E-02  4.3042E+03  6.8890E+02  1.0000E+00  0.0000E+00  0.0000E+00  1.5000E+00
2.9050E-02  4.3055E+03  7.7080E+02  1.0000E+00  0.0000E+00  0.0000E+00  1.5000E+00
3.2881E-02  4.3126E+03  8.6850E+02  1.0000E+00  0.0000E+00  0.0000E+00  1.5000E+00
3.7196E-02  4.3251E+03  9.8790E+02  1.0000E+00  0.0000E+00  0.0000E+00  1.5000E+00
4.2028E-02  4.3330E+03  1.1260E+03  1.0000E+00  0.0000E+00  0.0000E+00  1.5000E+00
4.7443E-02  4.3424E+03  1.2790E+03  1.0000E+00  0.0000E+00  0.0000E+00  1.5000E+00
5.3524E-02  4.3502E+03  1.4480E+03  1.0000E+00  0.0000E+00  0.0000E+00  1.5000E+00
6.0373E-02  4.3655E+03  1.6330E+03  1.0000E+00  0.0000E+00  0.0000E+00  1.5000E+00
6.8106E-02  4.3704E+03  1.8340E+03  1.0000E+00  0.0000E+00  0.0000E+00  1.5000E+00
7.6859E-02  4.3645E+03  2.0440E+03  1.0000E+00  0.0000E+00  0.0000E+00  1.5000E+00
8.6825E-02  4.3284E+03  2.2530E+03  1.0000E+00  0.0000E+00  0.0000E+00  1.5000E+00
9.8232E-02  4.2740E+03  2.4830E+03  1.0000E+00  0.0000E+00  0.0000E+00  1.5000E+00
1.1131E-01  4.2360E+03  2.7690E+03  1.0000E+00  0.0000E+00  0.0000E+00  1.5000E+00
1.2614E-01  4.2294E+03  3.1400E+03  1.0000E+00  0.0000E+00  0.0000E+00  1.5000E+00
1.4265E-01  4.2677E+03  3.6400E+03  1.0000E+00  0.0000E+00  0.0000E+00  1.5000E+00
1.6069E-01  4.3267E+03  4.2500E+03  1.0000E+00  0.0000E+00  0.0000E+00  1.5000E+00
1.8056E-01  4.3653E+03  4.8880E+03  1.0000E+00  0.0000E+00  0.0000E+00  1.5000E+00
2.0280E-01  4.3710E+03  5.5040E+03  1.0000E+00  0.0000E+00  0.0000E+00  1.5000E+00
2.2804E-01  4.3657E+03  6.1390E+03  1.0000E+00  0.0000E+00  0.0000E+00  1.5000E+00
2.5676E-01  4.3740E+03  6.8800E+03  1.0000E+00  0.0000E+00  0.0000E+00  1.5000E+00
2.8921E-01  4.3936E+03  7.7410E+03  1.0000E+00  0.0000E+00  0.0000E+00  1.5000E+00
3.2580E-01  4.4180E+03  8.7090E+03  1.0000E+00  0.0000E+00  0.0000E+00  1.5000E+00
3.6702E-01  4.4479E+03  9.8040E+03  1.0000E+00  0.0000E+00  0.0000E+00  1.5000E+00
4.1333E-01  4.4877E+03  1.1060E+04  1.0000E+00  0.0000E+00  0.0000E+00  1.5000E+00
4.6525E-01  4.5353E+03  1.2500E+04  1.0000E+00  0.0000E+00  0.0000E+00  1.5000E+00
5.2340E-01  4.5894E+03  1.4140E+04  1.0000E+00  0.0000E+00  0.0000E+00  1.5000E+00
5.8843E-01  4.6488E+03  1.6040E+04  1.0000E+00  0.0000E+00  0.0000E+00  1.5000E+00
6.6107E-01  4.7142E+03  1.8210E+04  1.0000E+00  0.0000E+00  0.0000E+00  1.5000E+00
7.4236E-01  4.7815E+03  2.0630E+04  1.0000E+00  0.0000E+00  0.0000E+00  1.5000E+00
8.3365E-01  4.8420E+03  2.3230E+04  1.0000E+00  0.0000E+00  0.0000E+00  1.5000E+00
9.3670E-01  4.8890E+03  2.5990E+04  1.0000E+00  0.0000E+00  0.0000E+00  1.5000E+00
1.0534E+00  4.9314E+03  2.8970E+04  1.0000E+00  0.0000E+00  0.0000E+00  1.5000E+00
1.1857E+00  4.9773E+03  3.2300E+04  1.0000E+00  0.0000E+00  0.0000E+00  1.5000E+00
1.3354E+00  5.0316E+03  3.6070E+04  1.0000E+00  0.0000E+00  0.0000E+00  1.5000E+00
1.5044E+00  5.0977E+03  4.0360E+04  1.0000E+00  0.0000E+00  0.0000E+00  1.5000E+00
1.6939E+00  5.1791E+03  4.5310E+04  1.0000E+00  0.0000E+00  0.0000E+00  1.5000E+00
1.9041E+00  5.2752E+03  5.1020E+04  1.0000E+00  0.0000E+00  0.0000E+00  1.5000E+00
2.1349E+00  5.3784E+03  5.7310E+04  1.0000E+00  0.0000E+00  0.0000E+00  1.5000E+00
2.3844E+00  5.4856E+03  6.3750E+04  1.0000E+00  0.0000E+00  0.0000E+00  1.5000E+00
2.6523E+00  5.5997E+03  7.0260E+04  1.0000E+00  0.0000E+00  0.0000E+00  1.5000E+00
2.9316E+00  5.7300E+03  7.6780E+04  1.0000E+00  0.0000E+00  0.0000E+00  1.5000E+00
3.2117E+00  5.8899E+03  8.3520E+04  1.0000E+00  0.0000E+00  0.0000E+00  1.5000E+00
3.4808E+00  6.0711E+03  9.0210E+04  1.0000E+00  0.0000E+00  0.0000E+00  1.5000E+00
3.7327E+00  6.2513E+03  9.6290E+04  1.0000E+00  0.0000E+00  0.0000E+00  1.5000E+00
3.9638E+00  6.4516E+03  1.0180E+05  1.0000E+00  0.0000E+00  0.0000E+00  1.5000E+00
4.1734E+00  6.6648E+03  1.0600E+05  1.0000E+00  0.0000E+00  0.0000E+00  1.5000E+00
4.3596E+00  6.9084E+03  1.1000E+05  1.0000E+00  0.0000E+00  0.0000E+00  1.5000E+00
4.5298E+00  7.1732E+03  1.1420E+05  1.0000E+00  0.0000E+00  0.0000E+00  1.5000E+00
4.6834E+00  7.3392E+03  1.1720E+05  1.0000E+00  0.0000E+00  0.0000E+00  1.5000E+00
4.8079E+00  7.6376E+03  1.1970E+05  1.0000E+00  0.0000E+00  0.0000E+00  1.5000E+00
4.8906E+00  8.1072E+03  1.2120E+05  1.0000E+00  0.0000E+00  0.0000E+00  1.5000E+00
4.9747E+00  8.5769E+03  1.2290E+05  1.0000E+00  0.0000E+00  0.0000E+00  1.5000E+00
5.0359E+00  8.9335E+03  1.2400E+05  1.0000E+00  0.0000E+00  0.0000E+00  1.5000E+00
5.0836E+00  9.2247E+03  1.2500E+05  1.0000E+00  0.0000E+00  0.0000E+00  1.5000E+00
5.1317E+00  9.5158E+03  1.2590E+05  1.0000E+00  0.0000E+00  0.0000E+00  1.5000E+00
5.1803E+00  9.8069E+03  1.2680E+05  1.0000E+00  0.0000E+00  0.0000E+00  1.5000E+00
5.2314E+00  1.0019E+04  1.2790E+05  1.0000E+00  0.0000E+00  0.0000E+00  1.5000E+00
5.2861E+00  1.0118E+04  1.2930E+05  1.0000E+00  0.0000E+00  0.0000E+00  1.5000E+00
5.3414E+00  1.0217E+04  1.3070E+05  1.0000E+00  0.0000E+00  0.0000E+00  1.5000E+00
5.3972E+00  1.0316E+04  1.3210E+05  1.0000E+00  0.0000E+00  0.0000E+00  1.5000E+00
5.4766E+00  1.0375E+04  1.3460E+05  1.0000E+00  0.0000E+00  0.0000E+00  1.5000E+00
5.5572E+00  1.0434E+04  1.3710E+05  1.0000E+00  0.0000E+00  0.0000E+00  1.5000E+00
5.6573E+00  1.0478E+04  1.4000E+05  1.0000E+00  0.0000E+00  0.0000E+00  1.5000E+00
5.7694E+00  1.0514E+04  1.4320E+05  1.0000E+00  0.0000E+00  0.0000E+00  1.5000E+00
5.9108E+00  1.0560E+04  1.4750E+05  1.0000E+00  0.0000E+00  0.0000E+00  1.5000E+00
6.0731E+00  1.0608E+04  1.5230E+05  1.0000E+00  0.0000E+00  0.0000E+00  1.5000E+00
6.2631E+00  1.0661E+04  1.5800E+05  1.0000E+00  0.0000E+00  0.0000E+00  1.5000E+00
6.4852E+00  1.0723E+04  1.6450E+05  1.0000E+00  0.0000E+00  0.0000E+00  1.5000E+00
6.7419E+00  1.0793E+04  1.7190E+05  1.0000E+00  0.0000E+00  0.0000E+00  1.5000E+00
7.0368E+00  1.0861E+04  1.8010E+05  1.0000E+00  0.0000E+00  0.0000E+00  1.5000E+00
7.3792E+00  1.0922E+04  1.8920E+05  1.0000E+00  0.0000E+00  0.0000E+00  1.5000E+00
7.7776E+00  1.0977E+04  1.9940E+05  1.0000E+00  0.0000E+00  0.0000E+00  1.5000E+00
8.2417E+00  1.1038E+04  2.1190E+05  1.0000E+00  0.0000E+00  0.0000E+00  1.5000E+00
