8.6491E-03  4.1232E+03  2.2450E+02  1.0000E+00  0.0000E+00  0.0000E+00  1.5000E+00
9.9413E-03  4.1546E+03  2.6100E+02  1.0000E+00  0.0000E+00  0.0000E+00  1.5000E+00
1.1403E-02  4.1804E+03  3.0180E+02  1.0000E+00  0.0000E+00  0.0000E+00  1.5000E+00
1.3053E-02  4.2097E+03  3.4840E+02  1.0000E+00  0.0000E+00  0.0000E+00  1.5000E+00
1.4921E-02  4.2316E+03  3.9940E+02  1.0000E+00  0.0000E+00  0.0000E+00  1.5000E+00
1.7035E-02  4.2538E+03  4.5470E+02  1.0000E+00  0.0000E+00  0.0000E+00  1.5000E+00
1.9431E-02  4.2701E+03  5.1670E+02  1.0000E+00  0.0000E+00  0.0000E+00  1.5000E+00
2.2138E-02  4.2789E+03  5.8650E+02  1.0000E+00  0.0000E+00  0.0000E+00  1.5000E+00
2.5198E-02  4.3110E+03  6.6800E+02  1.0000E+00  0.0000E+00  0.0000E+00  1.5000E+00
2.8668E-02  4.3655E+03  7.6410E+02  1.0000E+00  0.0000E+00  0.0000E+00  1.5000E+00
3.2604E-02  4.4395E+03  8.8320E+02  1.0000E+00  0.0000E+00  0.0000E+00  1.5000E+00
3.7041E-02  4.5348E+03  1.0340E+03  1.0000E+00  0.0000E+00  0.0000E+00  1.5000E+00
4.1993E-02  4.6521E+03  1.2190E+03  1.0000E+00  0.0000E+00  0.0000E+00  1.5000E+00
4.7454E-02  4.7443E+03  1.4270E+03  1.0000E+00  0.0000E+00  0.0000E+00  1.5000E+00
5.3448E-02  4.8021E+03  1.6420E+03  1.0000E+00  0.0000E+00  0.0000E+00  1.5000E+00
6.0092E-02  4.8429E+03  1.8510E+03  1.0000E+00  0.0000E+00  0.0000E+00  1.5000E+00
6.7613E-02  4.8284E+03  2.0600E+03  1.0000E+00  0.0000E+00  0.0000E+00  1.5000E+00
7.6234E-02  4.8084E+03  2.2770E+03  1.0000E+00  0.0000E+00  0.0000E+00  1.5000E+00
8.6079E-02  4.8062E+03  2.5340E+03  1.0000E+00  0.0000E+00  0.0000E+00  1.5000E+00
9.7184E-02  4.8173E+03  2.8640E+03  1.0000E+00  0.0000E+00  0.0000E+00  1.5000E+00
1.0958E-01  4.8302E+03  3.2520E+03  1.0000E+00  0.0000E+00  0.0000E+00  1.5000E+00
1.2344E-01  4.8380E+03  3.6820E+03  1.0000E+00  0.0000E+00  0.0000E+00  1.5000E+00
1.3894E-01  4.8484E+03  4.1640E+03  1.0000E+00  0.0000E+00  0.0000E+00  1.5000E+00
1.5627E-01  4.8665E+03  4.7180E+03  1.0000E+00  0.0000E+00  0.0000E+00  1.5000E+00
1.7559E-01  4.8891E+03  5.3530E+03  1.0000E+00  0.0000E+00  0.0000E+00  1.5000E+00
1.9717E-01  4.9025E+03  6.0450E+03  1.0000E+00  0.0000E+00  0.0000E+00  1.5000E+00
2.2139E-01  4.9071E+03  6.7900E+03  1.0000E+00  0.0000E+00  0.0000E+00  1.5000E+00
2.4868E-01  4.9082E+03  7.6050E+03  1.0000E+00  0.0000E+00  0.0000E+00  1.5000E+00
2.7945E-01  4.9072E+03  8.4970E+03  1.0000E+00  0.0000E+00  0.0000E+00  1.5000E+00
3.1416E-01  4.9117E+03  9.5220E+03  1.0000E+00  0.0000E+00  0.0000E+00  1.5000E+00
3.5328E-01  4.9168E+03  1.0670E+04  1.0000E+00  0.0000E+00  0.0000E+00  1.5000E+00
3.9731E-01  4.9237E+03  1.1950E+04  1.0000E+00  0.0000E+00  0.0000E+00  1.5000E+00
4.4696E-01  4.9289E+03  1.3370E+04  1.0000E+00  0.0000E+00  0.0000E+00  1.5000E+00
5.0307E-01  4.9243E+03  1.4870E+04  1.0000E+00  0.0000E+00  0.0000E+00  1.5000E+00
5.6675E-01  4.9184E+03  1.6520E+04  1.0000E+00  0.0000E+00  0.0000E+00  1.5000E+00
6.3915E-01  4.9056E+03  1.8250E+04  1.0000E+00  0.0000E+00  0.0000E+00  1.5000E+00
7.2159E-01  4.8971E+03  2.0180E+04  1.0000E+00  0.0000E+00  0.0000E+00  1.5000E+00
8.1572E-01  4.8891E+03  2.2270E+04  1.0000E+00  0.0000E+00  0.0000E+00  1.5000E+00
9.2300E-01  4.8920E+03  2.4620E+04  1.0000E+00  0.0000E+00  0.0000E+00  1.5000E+00
1.0453E+00  4.9037E+03  2.7290E+04  1.0000E+00  0.0000E+00  0.0000E+00  1.5000E+00
1.1845E+00  4.9239E+03  3.0330E+04  1.0000E+00  0.0000E+00  0.0000E+00  1.5000E+00
1.3422E+00  4.9632E+03  3.3930E+04  1.0000E+00  0.0000E+00  0.0000E+00  1.5000E+00
1.5196E+00  5.0270E+03  3.8290E+04  1.0000E+00  0.0000E+00  0.0000E+00  1.5000E+00
1.7174E+00  5.1117E+03  4.3500E+04  1.0000E+00  0.0000E+00  0.0000E+00  1.5000E+00
1.9366E+00  5.2110E+03  4.9470E+04  1.0000E+00  0.0000E+00  0.0000E+00  1.5000E+00
2.1768E+00  5.3081E+03  5.5970E+04  1.0000E+00  0.0000E+00  0.0000E+00  1.5000E+00
2.4402E+00  5.3986E+03  6.2940E+04  1.0000E+00  0.0000E+00  0.0000E+00  1.5000E+00
2.7268E+00  5.4868E+03  7.0260E+04  1.0000E+00  0.0000E+00  0.0000E+00  1.5000E+00
3.0364E+00  5.5895E+03  7.8300E+04  1.0000E+00  0.0000E+00  0.0000E+00  1.5000E+00
3.3618E+00  5.7011E+03  8.6740E+04  1.0000E+00  0.0000E+00  0.0000E+00  1.5000E+00
3.7027E+00  5.8062E+03  9.5660E+04  1.0000E+00  0.0000E+00  0.0000E+00  1.5000E+00
4.0563E+00  5.9161E+03  1.0540E+05  1.0000E+00  0.0000E+00  0.0000E+00  1.5000E+00
4.4176E+00  6.0304E+03  1.1550E+05  1.0000E+00  0.0000E+00  0.0000E+00  1.5000E+00
4.7780E+00  6.1773E+03  1.2580E+05  1.0000E+00  0.0000E+00  0.0000E+00  1.5000E+00
5.1251E+00  6.3405E+03  1.3600E+05  1.0000E+00  0.0000E+00  0.0000E+00  1.5000E+00
5.4715E+00  6.4497E+03  1.4560E+05  1.0000E+00  0.0000E+00  0.0000E+00  1.5000E+00
5.8168E+00  6.6051E+03  1.5500E+05  1.0000E+00  0.0000E+00  0.0000E+00  1.5000E+00
6.1339E+00  6.8425E+03  1.6310E+05  1.0000E+00  0.0000E+00  0.0000E+00  1.5000E+00
6.4255E+00  7.0713E+03  1.7000E+05  1.0000E+00  0.0000E+00  0.0000E+00  1.5000E+00
6.7050E+00  7.2092E+03  1.7750E+05  1.0000E+00  0.0000E+00  0.0000E+00  1.5000E+00
6.9895E+00  7.3542E+03  1.8470E+05  1.0000E+00  0.0000E+00  0.0000E+00  1.5000E+00
7.1816E+00  7.7329E+03  1.8990E+05  1.0000E+00  0.0000E+00  0.0000E+00  1.5000E+00
7.2948E+00  8.2976E+03  1.9350E+05  1.0000E+00  0.0000E+00  0.0000E+00  1.5000E+00
7.4097E+00  8.8623E+03  1.9710E+05  1.0000E+00  0.0000E+00  0.0000E+00  1.5000E+00
7.5055E+00  9.3285E+03  2.0000E+05  1.0000E+00  0.0000E+00  0.0000E+00  1.5000E+00
7.5664E+00  9.6267E+03  2.0140E+05  1.0000E+00  0.0000E+00  0.0000E+00  1.5000E+00
7.6278E+00  9.9249E+03  2.0290E+05  1.0000E+00  0.0000E+00  0.0000E+00  1.5000E+00
7.6896E+00  1.0223E+04  2.0430E+05  1.0000E+00  0.0000E+00  0.0000E+00  1.5000E+00
7.7520E+00  1.0521E+04  2.0580E+05  1.0000E+00  0.0000E+00  0.0000E+00  1.5000E+00
7.8191E+00  1.0740E+04  2.0740E+05  1.0000E+00  0.0000E+00  0.0000E+00  1.5000E+00
7.8930E+00  1.0845E+04  2.0940E+05  1.0000E+00  0.0000E+00  0.0000E+00  1.5000E+00
7.9676E+00  1.0950E+04  2.1140E+05  1.0000E+00  0.0000E+00  0.0000E+00  1.5000E+00
8.0429E+00  1.1055E+04  2.1330E+05  1.0000E+00  0.0000E+00  0.0000E+00  1.5000E+00
8.1465E+00  1.1102E+04  2.1590E+05  1.0000E+00  0.0000E+00  0.0000E+00  1.5000E+00
8.2628E+00  1.1126E+04  2.1880E+05  1.0000E+00  0.0000E+00  0.0000E+00  1.5000E+00
8.3977E+00  1.1148E+04  2.2200E+05  1.0000E+00  0.0000E+00  0.0000E+00  1.5000E+00
8.5681E+00  1.1168E+04  2.2590E+05  1.0000E+00  0.0000E+00  0.0000E+00  1.5000E+00
8.7755E+00  1.1191E+04  2.3020E+05  1.0000E+00  0.0000E+00  0.0000E+00  1.5000E+00
9.0230E+00  1.1216E+04  2.3500E+05  1.0000E+00  0.0000E+00  0.0000E+00  1.5000E+00
9.3224E+00  1.1245E+04  2.4090E+05  1.0000E+00  0.0000E+00  0.0000E+00  1.5000E+00
9.6814E+00  1.1283E+04  2.4820E+05  1.0000E+00  0.0000E+00  0.0000E+00  1.5000E+00
