8.5588E-03  4.1053E+03  2.4170E+02  1.0000E+00  0.0000E+00  0.0000E+00  1.5000E+00
9.7911E-03  4.1220E+03  2.7330E+02  1.0000E+00  0.0000E+00  0.0000E+00  1.5000E+00
1.1201E-02  4.1521E+03  3.1110E+02  1.0000E+00  0.0000E+00  0.0000E+00  1.5000E+00
1.2811E-02  4.1884E+03  3.5610E+02  1.0000E+00  0.0000E+00  0.0000E+00  1.5000E+00
1.4638E-02  4.2151E+03  4.0720E+02  1.0000E+00  0.0000E+00  0.0000E+00  1.5000E+00
1.6709E-02  4.2276E+03  4.6220E+02  1.0000E+00  0.0000E+00  0.0000E+00  1.5000E+00
1.9059E-02  4.2295E+03  5.1990E+02  1.0000E+00  0.0000E+00  0.0000E+00  1.5000E+00
2.1732E-02  4.2261E+03  5.8080E+02  1.0000E+00  0.0000E+00  0.0000E+00  1.5000E+00
2.4778E-02  4.2162E+03  6.4580E+02  1.0000E+00  0.0000E+00  0.0000E+00  1.5000E+00
2.8255E-02  4.2073E+03  7.1700E+02  1.0000E+00  0.0000E+00  0.0000E+00  1.5000E+00
3.2229E-02  4.2063E+03  7.9720E+02  1.0000E+00  0.0000E+00  0.0000E+00  1.5000E+00
3.6771E-02  4.2091E+03  8.8620E+02  1.0000E+00  0.0000E+00  0.0000E+00  1.5000E+00
4.1961E-02  4.2218E+03  9.8860E+02  1.0000E+00  0.0000E+00  0.0000E+00  1.5000E+00
4.7878E-02  4.2396E+03  1.1060E+03  1.0000E+00  0.0000E+00  0.0000E+00  1.5000E+00
5.4607E-02  4.2675E+03  1.2430E+03  1.0000E+00  0.0000E+00  0.0000E+00  1.5000E+00
6.2241E-02  4.3019E+03  1.4030E+03  1.0000E+00  0.0000E+00  0.0000E+00  1.5000E+00
7.0871E-02  4.3533E+03  1.5930E+03  1.0000E+00  0.0000E+00  0.0000E+00  1.5000E+00
8.0623E-02  4.4304E+03  1.8260E+03  1.0000E+00  0.0000E+00  0.0000E+00  1.5000E+00
9.1623E-02  4.5628E+03  2.1300E+03  1.0000E+00  0.0000E+00  0.0000E+00  1.5000E+00
1.0390E-01  4.7288E+03  2.5550E+03  1.0000E+00  0.0000E+00  0.0000E+00  1.5000E+00
1.1709E-01  4.8513E+03  3.0920E+03  1.0000E+00  0.0000E+00  0.0000E+00  1.5000E+00
1.3117E-01  4.9299E+03  3.6280E+03  1.0000E+00  0.0000E+00  0.0000E+00  1.5000E+00
1.4658E-01  4.9448E+03  4.1260E+03  1.0000E+00  0.0000E+00  0.0000E+00  1.5000E+00
1.6375E-01  4.9499E+03  4.7090E+03  1.0000E+00  0.0000E+00  0.0000E+00  1.5000E+00
1.8276E-01  4.9650E+03  5.4150E+03  1.0000E+00  0.0000E+00  0.0000E+00  1.5000E+00
2.0377E-01  4.9706E+03  6.2130E+03  1.0000E+00  0.0000E+00  0.0000E+00  1.5000E+00
2.2716E-01  4.9528E+03  7.0670E+03  1.0000E+00  0.0000E+00  0.0000E+00  1.5000E+00
2.5343E-01  4.9130E+03  7.9500E+03  1.0000E+00  0.0000E+00  0.0000E+00  1.5000E+00
2.8312E-01  4.8531E+03  8.8370E+03  1.0000E+00  0.0000E+00  0.0000E+00  1.5000E+00
3.1673E-01  4.7786E+03  9.7400E+03  1.0000E+00  0.0000E+00  0.0000E+00  1.5000E+00
3.5491E-01  4.6960E+03  1.0670E+04  1.0000E+00  0.0000E+00  0.0000E+00  1.5000E+00
3.9856E-01  4.6210E+03  1.1670E+04  1.0000E+00  0.0000E+00  0.0000E+00  1.5000E+00
4.4871E-01  4.5641E+03  1.2810E+04  1.0000E+00  0.0000E+00  0.0000E+00  1.5000E+00
5.0643E-01  4.5259E+03  1.4140E+04  1.0000E+00  0.0000E+00  0.0000E+00  1.5000E+00
5.7273E-01  4.5068E+03  1.5750E+04  1.0000E+00  0.0000E+00  0.0000E+00  1.5000E+00
6.4832E-01  4.5036E+03  1.7640E+04  1.0000E+00  0.0000E+00  0.0000E+00  1.5000E+00
7.3398E-01  4.5156E+03  1.9830E+04  1.0000E+00  0.0000E+00  0.0000E+00  1.5000E+00
8.3073E-01  4.5384E+03  2.2270E+04  1.0000E+00  0.0000E+00  0.0000E+00  1.5000E+00
9.3992E-01  4.5666E+03  2.4960E+04  1.0000E+00  0.0000E+00  0.0000E+00  1.5000E+00
1.0632E+00  4.6050E+03  2.7940E+04  1.0000E+00  0.0000E+00  0.0000E+00  1.5000E+00
1.2019E+00  4.6637E+03  3.1240E+04  1.0000E+00  0.0000E+00  0.0000E+00  1.5000E+00
1.3583E+00  4.7272E+03  3.4740E+04  1.0000E+00  0.0000E+00  0.0000E+00  1.5000E+00
1.5361E+00  4.7637E+03  3.8300E+04  1.0000E+00  0.0000E+00  0.0000E+00  1.5000E+00
1.7409E+00  4.7755E+03  4.1630E+04  1.0000E+00  0.0000E+00  0.0000E+00  1.5000E+00
1.9779E+00  4.8257E+03  4.5290E+04  1.0000E+00  0.0000E+00  0.0000E+00  1.5000E+00
2.2507E+00  4.9492E+03  4.9080E+04  1.0000E+00  0.0000E+00  0.0000E+00  1.5000E+00
2.5623E+00  5.1295E+03  5.4480E+04  1.0000E+00  0.0000E+00  0.0000E+00  1.5000E+00
2.8992E+00  5.4122E+03  6.3070E+04  1.0000E+00  0.0000E+00  0.0000E+00  1.5000E+00
3.2338E+00  5.6113E+03  7.1400E+04  1.0000E+00  0.0000E+00  0.0000E+00  1.5000E+00
3.5712E+00  5.7272E+03  7.9480E+04  1.0000E+00  0.0000E+00  0.0000E+00  1.5000E+00
3.9320E+00  5.7885E+03  8.7300E+04  1.0000E+00  0.0000E+00  0.0000E+00  1.5000E+00
4.3126E+00  5.9167E+03  9.5500E+04  1.0000E+00  0.0000E+00  0.0000E+00  1.5000E+00
4.6816E+00  6.1201E+03  1.0110E+05  1.0000E+00  0.0000E+00  0.0000E+00  1.5000E+00
5.0079E+00  6.3357E+03  1.0910E+05  1.0000E+00  0.0000E+00  0.0000E+00  1.5000E+00
5.2934E+00  6.5899E+03  1.1440E+05  1.0000E+00  0.0000E+00  0.0000E+00  1.5000E+00
5.5466E+00  6.8365E+03  1.1390E+05  1.0000E+00  0.0000E+00  0.0000E+00  1.5000E+00
5.7880E+00  7.0086E+03  1.1090E+05  1.0000E+00  0.0000E+00  0.0000E+00  1.5000E+00
6.0399E+00  7.1016E+03  1.1300E+05  1.0000E+00  0.0000E+00  0.0000E+00  1.5000E+00
6.3112E+00  7.1765E+03  1.2230E+05  1.0000E+00  0.0000E+00  0.0000E+00  1.5000E+00
6.5240E+00  7.6606E+03  1.3780E+05  1.0000E+00  0.0000E+00  0.0000E+00  1.5000E+00
6.6014E+00  8.1754E+03  1.4300E+05  1.0000E+00  0.0000E+00  0.0000E+00  1.5000E+00
6.6797E+00  8.6902E+03  1.4830E+05  1.0000E+00  0.0000E+00  0.0000E+00  1.5000E+00
6.7589E+00  9.2049E+03  1.5380E+05  1.0000E+00  0.0000E+00  0.0000E+00  1.5000E+00
6.8175E+00  9.5213E+03  1.5650E+05  1.0000E+00  0.0000E+00  0.0000E+00  1.5000E+00
6.8690E+00  9.7697E+03  1.5810E+05  1.0000E+00  0.0000E+00  0.0000E+00  1.5000E+00
6.9210E+00  1.0018E+04  1.5980E+05  1.0000E+00  0.0000E+00  0.0000E+00  1.5000E+00
6.9734E+00  1.0266E+04  1.6150E+05  1.0000E+00  0.0000E+00  0.0000E+00  1.5000E+00
7.0280E+00  1.0491E+04  1.6330E+05  1.0000E+00  0.0000E+00  0.0000E+00  1.5000E+00
7.0955E+00  1.0559E+04  1.6520E+05  1.0000E+00  0.0000E+00  0.0000E+00  1.5000E+00
7.1636E+00  1.0628E+04  1.6710E+05  1.0000E+00  0.0000E+00  0.0000E+00  1.5000E+00
7.2324E+00  1.0697E+04  1.6900E+05  1.0000E+00  0.0000E+00  0.0000E+00  1.5000E+00
7.3313E+00  1.0724E+04  1.7100E+05  1.0000E+00  0.0000E+00  0.0000E+00  1.5000E+00
7.4385E+00  1.0742E+04  1.7310E+05  1.0000E+00  0.0000E+00  0.0000E+00  1.5000E+00
7.5757E+00  1.0754E+04  1.7600E+05  1.0000E+00  0.0000E+00  0.0000E+00  1.5000E+00
7.7359E+00  1.0760E+04  1.7940E+05  1.0000E+00  0.0000E+00  0.0000E+00  1.5000E+00
7.9390E+00  1.0750E+04  1.8400E+05  1.0000E+00  0.0000E+00  0.0000E+00  1.5000E+00
8.1964E+00  1.0701E+04  1.8990E+05  1.0000E+00  0.0000E+00  0.0000E+00  1.5000E+00
8.5388E+00  1.0604E+04  1.9700E+05  1.0000E+00  0.0000E+00  0.0000E+00  1.5000E+00
8.9941E+00  1.0484E+04  2.0570E+05  1.0000E+00  0.0000E+00  0.0000E+00  1.5000E+00
9.6387E+00  1.0283E+04  2.1910E+05  1.0000E+00  0.0000E+00  0.0000E+00  1.5000E+00
1.0545E+01  1.0238E+04  2.3510E+05  1.0000E+00  0.0000E+00  0.0000E+00  1.5000E+00
