7.8776E-03  4.6406E+03  3.1240E+02  1.0000E+00  0.0000E+00  0.0000E+00  1.5000E+00
8.9687E-03  4.7267E+03  3.7440E+02  1.0000E+00  0.0000E+00  0.0000E+00  1.5000E+00
1.0140E-02  4.7822E+03  4.4070E+02  1.0000E+00  0.0000E+00  0.0000E+00  1.5000E+00
1.1427E-02  4.8053E+03  5.0680E+02  1.0000E+00  0.0000E+00  0.0000E+00  1.5000E+00
1.2895E-02  4.7940E+03  5.6810E+02  1.0000E+00  0.0000E+00  0.0000E+00  1.5000E+00
1.4602E-02  4.7893E+03  6.3320E+02  1.0000E+00  0.0000E+00  0.0000E+00  1.5000E+00
1.6570E-02  4.7924E+03  7.0580E+02  1.0000E+00  0.0000E+00  0.0000E+00  1.5000E+00
1.8830E-02  4.7977E+03  7.8520E+02  1.0000E+00  0.0000E+00  0.0000E+00  1.5000E+00
2.1426E-02  4.8001E+03  8.7310E+02  1.0000E+00  0.0000E+00  0.0000E+00  1.5000E+00
2.4402E-02  4.8048E+03  9.7410E+02  1.0000E+00  0.0000E+00  0.0000E+00  1.5000E+00
2.7790E-02  4.8160E+03  1.0920E+03  1.0000E+00  0.0000E+00  0.0000E+00  1.5000E+00
3.1630E-02  4.8298E+03  1.2260E+03  1.0000E+00  0.0000E+00  0.0000E+00  1.5000E+00
3.5993E-02  4.8299E+03  1.3710E+03  1.0000E+00  0.0000E+00  0.0000E+00  1.5000E+00
4.0981E-02  4.8192E+03  1.5290E+03  1.0000E+00  0.0000E+00  0.0000E+00  1.5000E+00
4.6701E-02  4.7988E+03  1.7010E+03  1.0000E+00  0.0000E+00  0.0000E+00  1.5000E+00
5.3244E-02  4.7739E+03  1.8960E+03  1.0000E+00  0.0000E+00  0.0000E+00  1.5000E+00
6.0697E-02  4.7499E+03  2.1080E+03  1.0000E+00  0.0000E+00  0.0000E+00  1.5000E+00
6.9196E-02  4.6965E+03  2.3130E+03  1.0000E+00  0.0000E+00  0.0000E+00  1.5000E+00
7.8858E-02  4.6161E+03  2.5220E+03  1.0000E+00  0.0000E+00  0.0000E+00  1.5000E+00
8.9766E-02  4.5187E+03  2.7520E+03  1.0000E+00  0.0000E+00  0.0000E+00  1.5000E+00
1.0206E-01  4.4332E+03  3.0250E+03  1.0000E+00  0.0000E+00  0.0000E+00  1.5000E+00
1.1595E-01  4.3797E+03  3.3600E+03  1.0000E+00  0.0000E+00  0.0000E+00  1.5000E+00
1.3172E-01  4.3568E+03  3.7490E+03  1.0000E+00  0.0000E+00  0.0000E+00  1.5000E+00
1.4960E-01  4.3529E+03  4.2110E+03  1.0000E+00  0.0000E+00  0.0000E+00  1.5000E+00
1.6978E-01  4.3652E+03  4.7550E+03  1.0000E+00  0.0000E+00  0.0000E+00  1.5000E+00
1.9250E-01  4.3755E+03  5.3650E+03  1.0000E+00  0.0000E+00  0.0000E+00  1.5000E+00
2.1818E-01  4.3698E+03  6.0240E+03  1.0000E+00  0.0000E+00  0.0000E+00  1.5000E+00
2.4738E-01  4.3514E+03  6.7390E+03  1.0000E+00  0.0000E+00  0.0000E+00  1.5000E+00
2.8066E-01  4.3416E+03  7.5450E+03  1.0000E+00  0.0000E+00  0.0000E+00  1.5000E+00
3.1850E-01  4.3436E+03  8.4780E+03  1.0000E+00  0.0000E+00  0.0000E+00  1.5000E+00
3.6139E-01  4.3502E+03  9.5320E+03  1.0000E+00  0.0000E+00  0.0000E+00  1.5000E+00
4.0995E-01  4.3636E+03  1.0710E+04  1.0000E+00  0.0000E+00  0.0000E+00  1.5000E+00
4.6491E-01  4.3796E+03  1.2000E+04  1.0000E+00  0.0000E+00  0.0000E+00  1.5000E+00
5.2714E-01  4.3994E+03  1.3430E+04  1.0000E+00  0.0000E+00  0.0000E+00  1.5000E+00
5.9766E-01  4.4235E+03  1.5010E+04  1.0000E+00  0.0000E+00  0.0000E+00  1.5000E+00
6.7727E-01  4.4626E+03  1.6790E+04  1.0000E+00  0.0000E+00  0.0000E+00  1.5000E+00
7.6672E-01  4.5179E+03  1.8830E+04  1.0000E+00  0.0000E+00  0.0000E+00  1.5000E+00
8.6669E-01  4.5875E+03  2.1210E+04  1.0000E+00  0.0000E+00  0.0000E+00  1.5000E+00
9.7822E-01  4.6689E+03  2.3950E+04  1.0000E+00  0.0000E+00  0.0000E+00  1.5000E+00
1.1024E+00  4.7694E+03  2.7190E+04  1.0000E+00  0.0000E+00  0.0000E+00  1.5000E+00
1.2407E+00  4.8789E+03  3.0900E+04  1.0000E+00  0.0000E+00  0.0000E+00  1.5000E+00
1.3948E+00  4.9965E+03  3.5170E+04  1.0000E+00  0.0000E+00  0.0000E+00  1.5000E+00
1.5661E+00  5.1157E+03  3.9910E+04  1.0000E+00  0.0000E+00  0.0000E+00  1.5000E+00
1.7557E+00  5.2300E+03  4.5070E+04  1.0000E+00  0.0000E+00  0.0000E+00  1.5000E+00
1.9642E+00  5.3317E+03  5.0480E+04  1.0000E+00  0.0000E+00  0.0000E+00  1.5000E+00
2.1926E+00  5.4256E+03  5.6340E+04  1.0000E+00  0.0000E+00  0.0000E+00  1.5000E+00
2.4402E+00  5.5161E+03  6.2430E+04  1.0000E+00  0.0000E+00  0.0000E+00  1.5000E+00
2.7100E+00  5.5922E+03  6.8680E+04  1.0000E+00  0.0000E+00  0.0000E+00  1.5000E+00
3.0041E+00  5.6683E+03  7.4990E+04  1.0000E+00  0.0000E+00  0.0000E+00  1.5000E+00
3.3216E+00  5.7638E+03  8.2060E+04  1.0000E+00  0.0000E+00  0.0000E+00  1.5000E+00
3.6473E+00  5.8918E+03  9.0290E+04  1.0000E+00  0.0000E+00  0.0000E+00  1.5000E+00
3.9685E+00  6.0413E+03  9.9820E+04  1.0000E+00  0.0000E+00  0.0000E+00  1.5000E+00
4.2790E+00  6.1943E+03  1.0920E+05  1.0000E+00  0.0000E+00  0.0000E+00  1.5000E+00
4.5772E+00  6.3549E+03  1.1720E+05  1.0000E+00  0.0000E+00  0.0000E+00  1.5000E+00
4.8767E+00  6.4615E+03  1.2350E+05  1.0000E+00  0.0000E+00  0.0000E+00  1.5000E+00
5.1641E+00  6.6829E+03  1.2800E+05  1.0000E+00  0.0000E+00  0.0000E+00  1.5000E+00
5.4228E+00  6.9097E+03  1.3280E+05  1.0000E+00  0.0000E+00  0.0000E+00  1.5000E+00
5.6698E+00  7.0853E+03  1.3730E+05  1.0000E+00  0.0000E+00  0.0000E+00  1.5000E+00
5.8724E+00  7.3753E+03  1.4100E+05  1.0000E+00  0.0000E+00  0.0000E+00  1.5000E+00
5.9928E+00  7.9423E+03  1.4340E+05  1.0000E+00  0.0000E+00  0.0000E+00  1.5000E+00
6.1156E+00  8.5093E+03  1.4580E+05  1.0000E+00  0.0000E+00  0.0000E+00  1.5000E+00
6.1745E+00  8.8458E+03  1.4650E+05  1.0000E+00  0.0000E+00  0.0000E+00  1.5000E+00
6.2333E+00  9.1806E+03  1.4720E+05  1.0000E+00  0.0000E+00  0.0000E+00  1.5000E+00
6.2928E+00  9.5153E+03  1.4790E+05  1.0000E+00  0.0000E+00  0.0000E+00  1.5000E+00
6.3528E+00  9.8500E+03  1.4860E+05  1.0000E+00  0.0000E+00  0.0000E+00  1.5000E+00
6.4136E+00  1.0008E+04  1.4930E+05  1.0000E+00  0.0000E+00  0.0000E+00  1.5000E+00
6.4751E+00  1.0136E+04  1.5010E+05  1.0000E+00  0.0000E+00  0.0000E+00  1.5000E+00
6.5372E+00  1.0265E+04  1.5080E+05  1.0000E+00  0.0000E+00  0.0000E+00  1.5000E+00
6.6073E+00  1.0371E+04  1.5170E+05  1.0000E+00  0.0000E+00  0.0000E+00  1.5000E+00
6.6946E+00  1.0430E+04  1.5300E+05  1.0000E+00  0.0000E+00  0.0000E+00  1.5000E+00
6.7830E+00  1.0489E+04  1.5440E+05  1.0000E+00  0.0000E+00  0.0000E+00  1.5000E+00
6.9015E+00  1.0527E+04  1.5620E+05  1.0000E+00  0.0000E+00  0.0000E+00  1.5000E+00
7.0311E+00  1.0562E+04  1.5820E+05  1.0000E+00  0.0000E+00  0.0000E+00  1.5000E+00
7.1934E+00  1.0592E+04  1.6100E+05  1.0000E+00  0.0000E+00  0.0000E+00  1.5000E+00
7.3880E+00  1.0620E+04  1.6420E+05  1.0000E+00  0.0000E+00  0.0000E+00  1.5000E+00
7.6196E+00  1.0652E+04  1.6820E+05  1.0000E+00  0.0000E+00  0.0000E+00  1.5000E+00
7.8931E+00  1.0702E+04  1.7410E+05  1.0000E+00  0.0000E+00  0.0000E+00  1.5000E+00
8.2110E+00  1.0792E+04  1.8370E+05  1.0000E+00  0.0000E+00  0.0000E+00  1.5000E+00
8.5622E+00  1.0920E+04  1.9700E+05  1.0000E+00  0.0000E+00  0.0000E+00  1.5000E+00
8.9406E+00  1.1066E+04  2.1280E+05  1.0000E+00  0.0000E+00  0.0000E+00  1.5000E+00
9.3497E+00  1.1201E+04  2.2970E+05  1.0000E+00  0.0000E+00  0.0000E+00  1.5000E+00
