8.5975E-03  4.0303E+03  2.1020E+02  1.0000E+00  0.0000E+00  0.0000E+00  1.5000E+00
9.9339E-03  4.0673E+03  2.3420E+02  1.0000E+00  0.0000E+00  0.0000E+00  1.5000E+00
1.1491E-02  4.1074E+03  2.6080E+02  1.0000E+00  0.0000E+00  0.0000E+00  1.5000E+00
1.3304E-02  4.1380E+03  2.9010E+02  1.0000E+00  0.0000E+00  0.0000E+00  1.5000E+00
1.5394E-02  4.1554E+03  3.2770E+02  1.0000E+00  0.0000E+00  0.0000E+00  1.5000E+00
1.7761E-02  4.1753E+03  3.7960E+02  1.0000E+00  0.0000E+00  0.0000E+00  1.5000E+00
2.0402E-02  4.1695E+03  4.4000E+02  1.0000E+00  0.0000E+00  0.0000E+00  1.5000E+00
2.3340E-02  4.1532E+03  5.0710E+02  1.0000E+00  0.0000E+00  0.0000E+00  1.5000E+00
2.6609E-02  4.1499E+03  5.8480E+02  1.0000E+00  0.0000E+00  0.0000E+00  1.5000E+00
3.0266E-02  4.1594E+03  6.7180E+02  1.0000E+00  0.0000E+00  0.0000E+00  1.5000E+00
3.4360E-02  4.1693E+03  7.6890E+02  1.0000E+00  0.0000E+00  0.0000E+00  1.5000E+00
3.8957E-02  4.1943E+03  8.8090E+02  1.0000E+00  0.0000E+00  0.0000E+00  1.5000E+00
4.4107E-02  4.2012E+03  1.0060E+03  1.0000E+00  0.0000E+00  0.0000E+00  1.5000E+00
4.9877E-02  4.2027E+03  1.1500E+03  1.0000E+00  0.0000E+00  0.0000E+00  1.5000E+00
5.6331E-02  4.2051E+03  1.3130E+03  1.0000E+00  0.0000E+00  0.0000E+00  1.5000E+00
6.3571E-02  4.2166E+03  1.4940E+03  1.0000E+00  0.0000E+00  0.0000E+00  1.5000E+00
7.1697E-02  4.2342E+03  1.6990E+03  1.0000E+00  0.0000E+00  0.0000E+00  1.5000E+00
8.0814E-02  4.2476E+03  1.9320E+03  1.0000E+00  0.0000E+00  0.0000E+00  1.5000E+00
9.1054E-02  4.2607E+03  2.1930E+03  1.0000E+00  0.0000E+00  0.0000E+00  1.5000E+00
1.0256E-01  4.2751E+03  2.4840E+03  1.0000E+00  0.0000E+00  0.0000E+00  1.5000E+00
1.1550E-01  4.2988E+03  2.8190E+03  1.0000E+00  0.0000E+00  0.0000E+00  1.5000E+00
1.2999E-01  4.3329E+03  3.2100E+03  1.0000E+00  0.0000E+00  0.0000E+00  1.5000E+00
1.4616E-01  4.3778E+03  3.6690E+03  1.0000E+00  0.0000E+00  0.0000E+00  1.5000E+00
1.6418E-01  4.4285E+03  4.2030E+03  1.0000E+00  0.0000E+00  0.0000E+00  1.5000E+00
1.8426E-01  4.4769E+03  4.8080E+03  1.0000E+00  0.0000E+00  0.0000E+00  1.5000E+00
2.0668E-01  4.5219E+03  5.4790E+03  1.0000E+00  0.0000E+00  0.0000E+00  1.5000E+00
2.3180E-01  4.5595E+03  6.2130E+03  1.0000E+00  0.0000E+00  0.0000E+00  1.5000E+00
2.5998E-01  4.5835E+03  7.0360E+03  1.0000E+00  0.0000E+00  0.0000E+00  1.5000E+00
2.9155E-01  4.6131E+03  7.9860E+03  1.0000E+00  0.0000E+00  0.0000E+00  1.5000E+00
3.2688E-01  4.6491E+03  9.0750E+03  1.0000E+00  0.0000E+00  0.0000E+00  1.5000E+00
3.6643E-01  4.6747E+03  1.0280E+04  1.0000E+00  0.0000E+00  0.0000E+00  1.5000E+00
4.1088E-01  4.6928E+03  1.1560E+04  1.0000E+00  0.0000E+00  0.0000E+00  1.5000E+00
4.6108E-01  4.7079E+03  1.2920E+04  1.0000E+00  0.0000E+00  0.0000E+00  1.5000E+00
5.1793E-01  4.7207E+03  1.4420E+04  1.0000E+00  0.0000E+00  0.0000E+00  1.5000E+00
5.8224E-01  4.7416E+03  1.6170E+04  1.0000E+00  0.0000E+00  0.0000E+00  1.5000E+00
6.5462E-01  4.7799E+03  1.8270E+04  1.0000E+00  0.0000E+00  0.0000E+00  1.5000E+00
7.3578E-01  4.8286E+03  2.0700E+04  1.0000E+00  0.0000E+00  0.0000E+00  1.5000E+00
8.2674E-01  4.8766E+03  2.3420E+04  1.0000E+00  0.0000E+00  0.0000E+00  1.5000E+00
9.2896E-01  4.9162E+03  2.6320E+04  1.0000E+00  0.0000E+00  0.0000E+00  1.5000E+00
1.0445E+00  4.9386E+03  2.9360E+04  1.0000E+00  0.0000E+00  0.0000E+00  1.5000E+00
1.1753E+00  4.9666E+03  3.2700E+04  1.0000E+00  0.0000E+00  0.0000E+00  1.5000E+00
1.3236E+00  4.9964E+03  3.6490E+04  1.0000E+00  0.0000E+00  0.0000E+00  1.5000E+00
1.4916E+00  5.0358E+03  4.0680E+04  1.0000E+00  0.0000E+00  0.0000E+00  1.5000E+00
1.6818E+00  5.0746E+03  4.5260E+04  1.0000E+00  0.0000E+00  0.0000E+00  1.5000E+00
1.8972E+00  5.1233E+03  5.0370E+04  1.0000E+00  0.0000E+00  0.0000E+00  1.5000E+00
2.1406E+00  5.1910E+03  5.6100E+04  1.0000E+00  0.0000E+00  0.0000E+00  1.5000E+00
2.4133E+00  5.2816E+03  6.2570E+04  1.0000E+00  0.0000E+00  0.0000E+00  1.5000E+00
2.7153E+00  5.3897E+03  6.9720E+04  1.0000E+00  0.0000E+00  0.0000E+00  1.5000E+00
3.0426E+00  5.5151E+03  7.7150E+04  1.0000E+00  0.0000E+00  0.0000E+00  1.5000E+00
3.3909E+00  5.6522E+03  8.4370E+04  1.0000E+00  0.0000E+00  0.0000E+00  1.5000E+00
3.7440E+00  5.8241E+03  9.1760E+04  1.0000E+00  0.0000E+00  0.0000E+00  1.5000E+00
4.0822E+00  6.0353E+03  9.9260E+04  1.0000E+00  0.0000E+00  0.0000E+00  1.5000E+00
4.3800E+00  6.2570E+03  1.0610E+05  1.0000E+00  0.0000E+00  0.0000E+00  1.5000E+00
4.6592E+00  6.4269E+03  1.1000E+05  1.0000E+00  0.0000E+00  0.0000E+00  1.5000E+00
4.9245E+00  6.6239E+03  1.1220E+05  1.0000E+00  0.0000E+00  0.0000E+00  1.5000E+00
5.1534E+00  6.9451E+03  1.1700E+05  1.0000E+00  0.0000E+00  0.0000E+00  1.5000E+00
5.3188E+00  7.2919E+03  1.2030E+05  1.0000E+00  0.0000E+00  0.0000E+00  1.5000E+00
5.4529E+00  7.6628E+03  1.2260E+05  1.0000E+00  0.0000E+00  0.0000E+00  1.5000E+00
5.5517E+00  8.0586E+03  1.2390E+05  1.0000E+00  0.0000E+00  0.0000E+00  1.5000E+00
5.6507E+00  8.4483E+03  1.2510E+05  1.0000E+00  0.0000E+00  0.0000E+00  1.5000E+00
5.7203E+00  8.7157E+03  1.2560E+05  1.0000E+00  0.0000E+00  0.0000E+00  1.5000E+00
5.7907E+00  8.9832E+03  1.2610E+05  1.0000E+00  0.0000E+00  0.0000E+00  1.5000E+00
5.8619E+00  9.2506E+03  1.2670E+05  1.0000E+00  0.0000E+00  0.0000E+00  1.5000E+00
5.9349E+00  9.3902E+03  1.2850E+05  1.0000E+00  0.0000E+00  0.0000E+00  1.5000E+00
6.0089E+00  9.5215E+03  1.3050E+05  1.0000E+00  0.0000E+00  0.0000E+00  1.5000E+00
6.0865E+00  9.6447E+03  1.3250E+05  1.0000E+00  0.0000E+00  0.0000E+00  1.5000E+00
6.1819E+00  9.7161E+03  1.3480E+05  1.0000E+00  0.0000E+00  0.0000E+00  1.5000E+00
6.2788E+00  9.7875E+03  1.3710E+05  1.0000E+00  0.0000E+00  0.0000E+00  1.5000E+00
6.3973E+00  9.9022E+03  1.4110E+05  1.0000E+00  0.0000E+00  0.0000E+00  1.5000E+00
6.5217E+00  1.0020E+04  1.4530E+05  1.0000E+00  0.0000E+00  0.0000E+00  1.5000E+00
6.6603E+00  1.0146E+04  1.4990E+05  1.0000E+00  0.0000E+00  0.0000E+00  1.5000E+00
6.8121E+00  1.0260E+04  1.5500E+05  1.0000E+00  0.0000E+00  0.0000E+00  1.5000E+00
6.9790E+00  1.0354E+04  1.6080E+05  1.0000E+00  0.0000E+00  0.0000E+00  1.5000E+00
7.1688E+00  1.0408E+04  1.6720E+05  1.0000E+00  0.0000E+00  0.0000E+00  1.5000E+00
7.3963E+00  1.0432E+04  1.7400E+05  1.0000E+00  0.0000E+00  0.0000E+00  1.5000E+00
7.6702E+00  1.0450E+04  1.8210E+05  1.0000E+00  0.0000E+00  0.0000E+00  1.5000E+00
8.0085E+00  1.0425E+04  1.9170E+05  1.0000E+00  0.0000E+00  0.0000E+00  1.5000E+00
8.4230E+00  1.0427E+04  2.0180E+05  1.0000E+00  0.0000E+00  0.0000E+00  1.5000E+00
8.9021E+00  1.0554E+04  2.1400E+05  1.0000E+00  0.0000E+00  0.0000E+00  1.5000E+00
9.4089E+00  1.0730E+04  2.2680E+05  1.0000E+00  0.0000E+00  0.0000E+00  1.5000E+00
9.9526E+00  1.0838E+04  2.3870E+05  1.0000E+00  0.0000E+00  0.0000E+00  1.5000E+00
