9.9923E-03  3.4441E+03  2.5140E+02  1.0000E+00  0.0000E+00  0.0000E+00  1.5000E+00
1.1467E-02  3.4683E+03  2.8480E+02  1.0000E+00  0.0000E+00  0.0000E+00  1.5000E+00
1.3138E-02  3.5043E+03  3.2190E+02  1.0000E+00  0.0000E+00  0.0000E+00  1.5000E+00
1.4996E-02  3.5614E+03  3.6590E+02  1.0000E+00  0.0000E+00  0.0000E+00  1.5000E+00
1.7036E-02  3.6146E+03  4.1810E+02  1.0000E+00  0.0000E+00  0.0000E+00  1.5000E+00
1.9230E-02  3.6930E+03  4.9530E+02  1.0000E+00  0.0000E+00  0.0000E+00  1.5000E+00
2.1508E-02  3.7995E+03  6.0300E+02  1.0000E+00  0.0000E+00  0.0000E+00  1.5000E+00
2.3875E-02  3.9032E+03  7.3170E+02  1.0000E+00  0.0000E+00  0.0000E+00  1.5000E+00
2.6399E-02  3.9766E+03  8.6130E+02  1.0000E+00  0.0000E+00  0.0000E+00  1.5000E+00
2.9206E-02  4.0144E+03  9.6720E+02  1.0000E+00  0.0000E+00  0.0000E+00  1.5000E+00
3.2453E-02  4.0049E+03  1.0520E+03  1.0000E+00  0.0000E+00  0.0000E+00  1.5000E+00
3.6252E-02  3.9867E+03  1.1380E+03  1.0000E+00  0.0000E+00  0.0000E+00  1.5000E+00
4.0702E-02  3.9821E+03  1.2430E+03  1.0000E+00  0.0000E+00  0.0000E+00  1.5000E+00
4.5861E-02  3.9878E+03  1.3740E+03  1.0000E+00  0.0000E+00  0.0000E+00  1.5000E+00
5.1811E-02  3.9837E+03  1.5260E+03  1.0000E+00  0.0000E+00  0.0000E+00  1.5000E+00
5.8700E-02  3.9667E+03  1.6940E+03  1.0000E+00  0.0000E+00  0.0000E+00  1.5000E+00
6.6700E-02  3.9513E+03  1.8840E+03  1.0000E+00  0.0000E+00  0.0000E+00  1.5000E+00
7.5937E-02  3.9549E+03  2.1010E+03  1.0000E+00  0.0000E+00  0.0000E+00  1.5000E+00
8.6555E-02  3.9531E+03  2.3450E+03  1.0000E+00  0.0000E+00  0.0000E+00  1.5000E+00
9.8780E-02  3.9461E+03  2.6350E+03  1.0000E+00  0.0000E+00  0.0000E+00  1.5000E+00
1.1272E-01  3.9544E+03  2.9900E+03  1.0000E+00  0.0000E+00  0.0000E+00  1.5000E+00
1.2827E-01  3.9917E+03  3.4380E+03  1.0000E+00  0.0000E+00  0.0000E+00  1.5000E+00
1.4509E-01  4.0597E+03  3.9990E+03  1.0000E+00  0.0000E+00  0.0000E+00  1.5000E+00
1.6300E-01  4.1409E+03  4.6580E+03  1.0000E+00  0.0000E+00  0.0000E+00  1.5000E+00
1.8228E-01  4.2165E+03  5.3730E+03  1.0000E+00  0.0000E+00  0.0000E+00  1.5000E+00
2.0342E-01  4.2773E+03  6.1110E+03  1.0000E+00  0.0000E+00  0.0000E+00  1.5000E+00
2.2701E-01  4.3193E+03  6.8440E+03  1.0000E+00  0.0000E+00  0.0000E+00  1.5000E+00
2.5372E-01  4.3494E+03  7.6020E+03  1.0000E+00  0.0000E+00  0.0000E+00  1.5000E+00
2.8419E-01  4.3676E+03  8.3930E+03  1.0000E+00  0.0000E+00  0.0000E+00  1.5000E+00
3.1909E-01  4.3824E+03  9.2660E+03  1.0000E+00  0.0000E+00  0.0000E+00  1.5000E+00
3.5904E-01  4.3978E+03  1.0240E+04  1.0000E+00  0.0000E+00  0.0000E+00  1.5000E+00
4.0463E-01  4.4203E+03  1.1370E+04  1.0000E+00  0.0000E+00  0.0000E+00  1.5000E+00
4.5638E-01  4.4585E+03  1.2680E+04  1.0000E+00  0.0000E+00  0.0000E+00  1.5000E+00
5.1485E-01  4.5019E+03  1.4150E+04  1.0000E+00  0.0000E+00  0.0000E+00  1.5000E+00
5.8061E-01  4.5597E+03  1.5910E+04  1.0000E+00  0.0000E+00  0.0000E+00  1.5000E+00
6.5445E-01  4.6226E+03  1.7900E+04  1.0000E+00  0.0000E+00  0.0000E+00  1.5000E+00
7.3728E-01  4.6924E+03  2.0180E+04  1.0000E+00  0.0000E+00  0.0000E+00  1.5000E+00
8.2987E-01  4.7821E+03  2.2930E+04  1.0000E+00  0.0000E+00  0.0000E+00  1.5000E+00
9.3316E-01  4.8788E+03  2.6120E+04  1.0000E+00  0.0000E+00  0.0000E+00  1.5000E+00
1.0484E+00  4.9716E+03  2.9670E+04  1.0000E+00  0.0000E+00  0.0000E+00  1.5000E+00
1.1776E+00  5.0446E+03  3.3370E+04  1.0000E+00  0.0000E+00  0.0000E+00  1.5000E+00
1.3228E+00  5.1100E+03  3.7290E+04  1.0000E+00  0.0000E+00  0.0000E+00  1.5000E+00
1.4863E+00  5.1799E+03  4.1580E+04  1.0000E+00  0.0000E+00  0.0000E+00  1.5000E+00
1.6692E+00  5.2626E+03  4.6360E+04  1.0000E+00  0.0000E+00  0.0000E+00  1.5000E+00
1.8714E+00  5.3628E+03  5.1730E+04  1.0000E+00  0.0000E+00  0.0000E+00  1.5000E+00
2.0909E+00  5.4791E+03  5.7670E+04  1.0000E+00  0.0000E+00  0.0000E+00  1.5000E+00
2.3208E+00  5.6073E+03  6.4000E+04  1.0000E+00  0.0000E+00  0.0000E+00  1.5000E+00
2.5583E+00  5.7378E+03  7.0510E+04  1.0000E+00  0.0000E+00  0.0000E+00  1.5000E+00
2.7989E+00  5.8754E+03  7.6990E+04  1.0000E+00  0.0000E+00  0.0000E+00  1.5000E+00
3.0367E+00  6.0251E+03  8.3340E+04  1.0000E+00  0.0000E+00  0.0000E+00  1.5000E+00
3.2659E+00  6.1832E+03  8.9460E+04  1.0000E+00  0.0000E+00  0.0000E+00  1.5000E+00
3.4820E+00  6.3654E+03  9.5230E+04  1.0000E+00  0.0000E+00  0.0000E+00  1.5000E+00
3.6783E+00  6.5654E+03  1.0070E+05  1.0000E+00  0.0000E+00  0.0000E+00  1.5000E+00
3.8530E+00  6.7971E+03  1.0540E+05  1.0000E+00  0.0000E+00  0.0000E+00  1.5000E+00
4.0165E+00  7.0219E+03  1.1000E+05  1.0000E+00  0.0000E+00  0.0000E+00  1.5000E+00
4.1667E+00  7.2060E+03  1.1440E+05  1.0000E+00  0.0000E+00  0.0000E+00  1.5000E+00
4.2754E+00  7.5499E+03  1.1710E+05  1.0000E+00  0.0000E+00  0.0000E+00  1.5000E+00
4.3621E+00  7.9762E+03  1.1900E+05  1.0000E+00  0.0000E+00  0.0000E+00  1.5000E+00
4.4506E+00  8.4025E+03  1.2080E+05  1.0000E+00  0.0000E+00  0.0000E+00  1.5000E+00
4.4959E+00  8.7299E+03  1.2160E+05  1.0000E+00  0.0000E+00  0.0000E+00  1.5000E+00
4.5395E+00  9.0525E+03  1.2240E+05  1.0000E+00  0.0000E+00  0.0000E+00  1.5000E+00
4.5834E+00  9.3751E+03  1.2330E+05  1.0000E+00  0.0000E+00  0.0000E+00  1.5000E+00
4.6278E+00  9.6977E+03  1.2410E+05  1.0000E+00  0.0000E+00  0.0000E+00  1.5000E+00
4.6732E+00  9.9592E+03  1.2490E+05  1.0000E+00  0.0000E+00  0.0000E+00  1.5000E+00
4.7206E+00  1.0076E+04  1.2590E+05  1.0000E+00  0.0000E+00  0.0000E+00  1.5000E+00
4.7685E+00  1.0192E+04  1.2690E+05  1.0000E+00  0.0000E+00  0.0000E+00  1.5000E+00
4.8169E+00  1.0309E+04  1.2790E+05  1.0000E+00  0.0000E+00  0.0000E+00  1.5000E+00
4.8754E+00  1.0400E+04  1.2930E+05  1.0000E+00  0.0000E+00  0.0000E+00  1.5000E+00
4.9454E+00  1.0463E+04  1.3140E+05  1.0000E+00  0.0000E+00  0.0000E+00  1.5000E+00
5.0164E+00  1.0526E+04  1.3340E+05  1.0000E+00  0.0000E+00  0.0000E+00  1.5000E+00
5.1133E+00  1.0558E+04  1.3620E+05  1.0000E+00  0.0000E+00  0.0000E+00  1.5000E+00
5.2167E+00  1.0589E+04  1.3910E+05  1.0000E+00  0.0000E+00  0.0000E+00  1.5000E+00
5.3499E+00  1.0631E+04  1.4310E+05  1.0000E+00  0.0000E+00  0.0000E+00  1.5000E+00
5.5044E+00  1.0670E+04  1.4770E+05  1.0000E+00  0.0000E+00  0.0000E+00  1.5000E+00
5.6863E+00  1.0713E+04  1.5300E+05  1.0000E+00  0.0000E+00  0.0000E+00  1.5000E+00
5.9008E+00  1.0762E+04  1.5930E+05  1.0000E+00  0.0000E+00  0.0000E+00  1.5000E+00
6.1519E+00  1.0818E+04  1.6670E+05  1.0000E+00  0.0000E+00  0.0000E+00  1.5000E+00
6.4426E+00  1.0880E+04  1.7540E+05  1.0000E+00  0.0000E+00  0.0000E+00  1.5000E+00
6.7805E+00  1.0952E+04  1.8590E+05  1.0000E+00  0.0000E+00  0.0000E+00  1.5000E+00
7.1652E+00  1.1028E+04  1.9750E+05  1.0000E+00  0.0000E+00  0.0000E+00  1.5000E+00
7.6080E+00  1.1103E+04  2.0980E+05  1.0000E+00  0.0000E+00  0.0000E+00  1.5000E+00
