7.9195E-03  4.0659E+03  2.2030E+02  1.0000E+00  0.0000E+00  0.0000E+00  1.5000E+00
9.2289E-03  4.1143E+03  2.4580E+02  1.0000E+00  0.0000E+00  0.0000E+00  1.5000E+00
1.0758E-02  4.1849E+03  2.7750E+02  1.0000E+00  0.0000E+00  0.0000E+00  1.5000E+00
1.2539E-02  4.1973E+03  3.0600E+02  1.0000E+00  0.0000E+00  0.0000E+00  1.5000E+00
1.4597E-02  4.1652E+03  3.3570E+02  1.0000E+00  0.0000E+00  0.0000E+00  1.5000E+00
1.6940E-02  4.1450E+03  3.7830E+02  1.0000E+00  0.0000E+00  0.0000E+00  1.5000E+00
1.9581E-02  4.1675E+03  4.3670E+02  1.0000E+00  0.0000E+00  0.0000E+00  1.5000E+00
2.2541E-02  4.2185E+03  5.1340E+02  1.0000E+00  0.0000E+00  0.0000E+00  1.5000E+00
2.5823E-02  4.2661E+03  6.0440E+02  1.0000E+00  0.0000E+00  0.0000E+00  1.5000E+00
2.9480E-02  4.3039E+03  7.0480E+02  1.0000E+00  0.0000E+00  0.0000E+00  1.5000E+00
3.3550E-02  4.3386E+03  8.1880E+02  1.0000E+00  0.0000E+00  0.0000E+00  1.5000E+00
3.8078E-02  4.3738E+03  9.5490E+02  1.0000E+00  0.0000E+00  0.0000E+00  1.5000E+00
4.3084E-02  4.4108E+03  1.1120E+03  1.0000E+00  0.0000E+00  0.0000E+00  1.5000E+00
4.8640E-02  4.4351E+03  1.2880E+03  1.0000E+00  0.0000E+00  0.0000E+00  1.5000E+00
5.4804E-02  4.4385E+03  1.4760E+03  1.0000E+00  0.0000E+00  0.0000E+00  1.5000E+00
6.1664E-02  4.4448E+03  1.6750E+03  1.0000E+00  0.0000E+00  0.0000E+00  1.5000E+00
6.9380E-02  4.4877E+03  1.9020E+03  1.0000E+00  0.0000E+00  0.0000E+00  1.5000E+00
7.8090E-02  4.5389E+03  2.1640E+03  1.0000E+00  0.0000E+00  0.0000E+00  1.5000E+00
8.7884E-02  4.5768E+03  2.4680E+03  1.0000E+00  0.0000E+00  0.0000E+00  1.5000E+00
9.8851E-02  4.6021E+03  2.8040E+03  1.0000E+00  0.0000E+00  0.0000E+00  1.5000E+00
1.1115E-01  4.6439E+03  3.1860E+03  1.0000E+00  0.0000E+00  0.0000E+00  1.5000E+00
1.2501E-01  4.6654E+03  3.5810E+03  1.0000E+00  0.0000E+00  0.0000E+00  1.5000E+00
1.4065E-01  4.6613E+03  3.9830E+03  1.0000E+00  0.0000E+00  0.0000E+00  1.5000E+00
1.5840E-01  4.6406E+03  4.3900E+03  1.0000E+00  0.0000E+00  0.0000E+00  1.5000E+00
1.7861E-01  4.6329E+03  4.8410E+03  1.0000E+00  0.0000E+00  0.0000E+00  1.5000E+00
2.0166E-01  4.6559E+03  5.3580E+03  1.0000E+00  0.0000E+00  0.0000E+00  1.5000E+00
2.2794E-01  4.7179E+03  6.0080E+03  1.0000E+00  0.0000E+00  0.0000E+00  1.5000E+00
2.5739E-01  4.8290E+03  6.9770E+03  1.0000E+00  0.0000E+00  0.0000E+00  1.5000E+00
2.8981E-01  4.9195E+03  8.1240E+03  1.0000E+00  0.0000E+00  0.0000E+00  1.5000E+00
3.2558E-01  4.9524E+03  9.2420E+03  1.0000E+00  0.0000E+00  0.0000E+00  1.5000E+00
3.6568E-01  4.9541E+03  1.0340E+04  1.0000E+00  0.0000E+00  0.0000E+00  1.5000E+00
4.1080E-01  4.9733E+03  1.1640E+04  1.0000E+00  0.0000E+00  0.0000E+00  1.5000E+00
4.6122E-01  5.0144E+03  1.3190E+04  1.0000E+00  0.0000E+00  0.0000E+00  1.5000E+00
5.1727E-01  5.0544E+03  1.4940E+04  1.0000E+00  0.0000E+00  0.0000E+00  1.5000E+00
5.7976E-01  5.0835E+03  1.6880E+04  1.0000E+00  0.0000E+00  0.0000E+00  1.5000E+00
6.4980E-01  5.0941E+03  1.8950E+04  1.0000E+00  0.0000E+00  0.0000E+00  1.5000E+00
7.2886E-01  5.1007E+03  2.1150E+04  1.0000E+00  0.0000E+00  0.0000E+00  1.5000E+00
8.1819E-01  5.1164E+03  2.3660E+04  1.0000E+00  0.0000E+00  0.0000E+00  1.5000E+00
9.1903E-01  5.1265E+03  2.6450E+04  1.0000E+00  0.0000E+00  0.0000E+00  1.5000E+00
1.0331E+00  5.1317E+03  2.9450E+04  1.0000E+00  0.0000E+00  0.0000E+00  1.5000E+00
1.1627E+00  5.1399E+03  3.2680E+04  1.0000E+00  0.0000E+00  0.0000E+00  1.5000E+00
1.3102E+00  5.1578E+03  3.6130E+04  1.0000E+00  0.0000E+00  0.0000E+00  1.5000E+00
1.4788E+00  5.1742E+03  3.9670E+04  1.0000E+00  0.0000E+00  0.0000E+00  1.5000E+00
1.6715E+00  5.1928E+03  4.3480E+04  1.0000E+00  0.0000E+00  0.0000E+00  1.5000E+00
1.8924E+00  5.2378E+03  4.7660E+04  1.0000E+00  0.0000E+00  0.0000E+00  1.5000E+00
2.1417E+00  5.3398E+03  5.2250E+04  1.0000E+00  0.0000E+00  0.0000E+00  1.5000E+00
2.4121E+00  5.5032E+03  5.7390E+04  1.0000E+00  0.0000E+00  0.0000E+00  1.5000E+00
2.6794E+00  5.7208E+03  6.3550E+04  1.0000E+00  0.0000E+00  0.0000E+00  1.5000E+00
2.9314E+00  5.9187E+03  7.0010E+04  1.0000E+00  0.0000E+00  0.0000E+00  1.5000E+00
3.1701E+00  6.0576E+03  7.5880E+04  1.0000E+00  0.0000E+00  0.0000E+00  1.5000E+00
3.3984E+00  6.1964E+03  8.6860E+04  1.0000E+00  0.0000E+00  0.0000E+00  1.5000E+00
3.6231E+00  6.3125E+03  9.6000E+04  1.0000E+00  0.0000E+00  0.0000E+00  1.5000E+00
3.8532E+00  6.4106E+03  1.0300E+05  1.0000E+00  0.0000E+00  0.0000E+00  1.5000E+00
4.0824E+00  6.5770E+03  1.0970E+05  1.0000E+00  0.0000E+00  0.0000E+00  1.5000E+00
4.2794E+00  6.8288E+03  1.1640E+05  1.0000E+00  0.0000E+00  0.0000E+00  1.5000E+00
4.4658E+00  7.0226E+03  1.2230E+05  1.0000E+00  0.0000E+00  0.0000E+00  1.5000E+00
4.6389E+00  7.2183E+03  1.2740E+05  1.0000E+00  0.0000E+00  0.0000E+00  1.5000E+00
4.7470E+00  7.6561E+03  1.3000E+05  1.0000E+00  0.0000E+00  0.0000E+00  1.5000E+00
4.8577E+00  8.0939E+03  1.3280E+05  1.0000E+00  0.0000E+00  0.0000E+00  1.5000E+00
4.9249E+00  8.4703E+03  1.3420E+05  1.0000E+00  0.0000E+00  0.0000E+00  1.5000E+00
4.9743E+00  8.8217E+03  1.3510E+05  1.0000E+00  0.0000E+00  0.0000E+00  1.5000E+00
5.0241E+00  9.1730E+03  1.3600E+05  1.0000E+00  0.0000E+00  0.0000E+00  1.5000E+00
5.0744E+00  9.5244E+03  1.3690E+05  1.0000E+00  0.0000E+00  0.0000E+00  1.5000E+00
5.1251E+00  9.8579E+03  1.3780E+05  1.0000E+00  0.0000E+00  0.0000E+00  1.5000E+00
5.1745E+00  1.0005E+04  1.3850E+05  1.0000E+00  0.0000E+00  0.0000E+00  1.5000E+00
5.2243E+00  1.0152E+04  1.3920E+05  1.0000E+00  0.0000E+00  0.0000E+00  1.5000E+00
5.2746E+00  1.0298E+04  1.3990E+05  1.0000E+00  0.0000E+00  0.0000E+00  1.5000E+00
5.3265E+00  1.0440E+04  1.4060E+05  1.0000E+00  0.0000E+00  0.0000E+00  1.5000E+00
5.3997E+00  1.0475E+04  1.4200E+05  1.0000E+00  0.0000E+00  0.0000E+00  1.5000E+00
5.4739E+00  1.0510E+04  1.4340E+05  1.0000E+00  0.0000E+00  0.0000E+00  1.5000E+00
5.5632E+00  1.0532E+04  1.4510E+05  1.0000E+00  0.0000E+00  0.0000E+00  1.5000E+00
5.6755E+00  1.0534E+04  1.4710E+05  1.0000E+00  0.0000E+00  0.0000E+00  1.5000E+00
5.8139E+00  1.0532E+04  1.4990E+05  1.0000E+00  0.0000E+00  0.0000E+00  1.5000E+00
5.9821E+00  1.0529E+04  1.5340E+05  1.0000E+00  0.0000E+00  0.0000E+00  1.5000E+00
6.1912E+00  1.0533E+04  1.5790E+05  1.0000E+00  0.0000E+00  0.0000E+00  1.5000E+00
6.4459E+00  1.0560E+04  1.6410E+05  1.0000E+00  0.0000E+00  0.0000E+00  1.5000E+00
6.7445E+00  1.0623E+04  1.7190E+05  1.0000E+00  0.0000E+00  0.0000E+00  1.5000E+00
7.0857E+00  1.0707E+04  1.8110E+05  1.0000E+00  0.0000E+00  0.0000E+00  1.5000E+00
7.4745E+00  1.0786E+04  1.9140E+05  1.0000E+00  0.0000E+00  0.0000E+00  1.5000E+00
7.9169E+00  1.0867E+04  2.0320E+05  1.0000E+00  0.0000E+00  0.0000E+00  1.5000E+00
8.4163E+00  1.0961E+04  2.1740E+05  1.0000E+00  0.0000E+00  0.0000E+00  1.5000E+00
