7.7790E-03  4.5739E+03  3.2080E+02  1.0000E+00  0.0000E+00  0.0000E+00  1.5000E+00
8.9213E-03  4.6143E+03  3.6310E+02  1.0000E+00  0.0000E+00  0.0000E+00  1.5000E+00
1.0214E-02  4.6516E+03  4.1110E+02  1.0000E+00  0.0000E+00  0.0000E+00  1.5000E+00
1.1673E-02  4.6837E+03  4.6560E+02  1.0000E+00  0.0000E+00  0.0000E+00  1.5000E+00
1.3316E-02  4.7132E+03  5.2710E+02  1.0000E+00  0.0000E+00  0.0000E+00  1.5000E+00
1.5163E-02  4.7466E+03  5.9680E+02  1.0000E+00  0.0000E+00  0.0000E+00  1.5000E+00
1.7236E-02  4.7733E+03  6.7380E+02  1.0000E+00  0.0000E+00  0.0000E+00  1.5000E+00
1.9572E-02  4.7935E+03  7.6020E+02  1.0000E+00  0.0000E+00  0.0000E+00  1.5000E+00
2.2211E-02  4.8082E+03  8.5580E+02  1.0000E+00  0.0000E+00  0.0000E+00  1.5000E+00
2.5188E-02  4.8326E+03  9.6300E+02  1.0000E+00  0.0000E+00  0.0000E+00  1.5000E+00
2.8528E-02  4.8629E+03  1.0810E+03  1.0000E+00  0.0000E+00  0.0000E+00  1.5000E+00
3.2271E-02  4.8928E+03  1.2130E+03  1.0000E+00  0.0000E+00  0.0000E+00  1.5000E+00
3.6467E-02  4.9195E+03  1.3580E+03  1.0000E+00  0.0000E+00  0.0000E+00  1.5000E+00
4.1179E-02  4.9454E+03  1.5170E+03  1.0000E+00  0.0000E+00  0.0000E+00  1.5000E+00
4.6483E-02  4.9677E+03  1.6930E+03  1.0000E+00  0.0000E+00  0.0000E+00  1.5000E+00
5.2506E-02  4.9753E+03  1.8840E+03  1.0000E+00  0.0000E+00  0.0000E+00  1.5000E+00
5.9450E-02  4.9582E+03  2.0970E+03  1.0000E+00  0.0000E+00  0.0000E+00  1.5000E+00
6.7531E-02  4.9262E+03  2.3390E+03  1.0000E+00  0.0000E+00  0.0000E+00  1.5000E+00
7.6883E-02  4.9016E+03  2.6150E+03  1.0000E+00  0.0000E+00  0.0000E+00  1.5000E+00
8.7593E-02  4.8811E+03  2.9280E+03  1.0000E+00  0.0000E+00  0.0000E+00  1.5000E+00
9.9774E-02  4.8660E+03  3.2790E+03  1.0000E+00  0.0000E+00  0.0000E+00  1.5000E+00
1.1360E-01  4.8459E+03  3.6580E+03  1.0000E+00  0.0000E+00  0.0000E+00  1.5000E+00
1.2930E-01  4.8140E+03  4.0670E+03  1.0000E+00  0.0000E+00  0.0000E+00  1.5000E+00
1.4709E-01  4.7783E+03  4.5130E+03  1.0000E+00  0.0000E+00  0.0000E+00  1.5000E+00
1.6722E-01  4.7399E+03  4.9980E+03  1.0000E+00  0.0000E+00  0.0000E+00  1.5000E+00
1.8996E-01  4.7116E+03  5.5440E+03  1.0000E+00  0.0000E+00  0.0000E+00  1.5000E+00
2.1565E-01  4.7002E+03  6.1750E+03  1.0000E+00  0.0000E+00  0.0000E+00  1.5000E+00
2.4463E-01  4.7051E+03  6.9120E+03  1.0000E+00  0.0000E+00  0.0000E+00  1.5000E+00
2.7726E-01  4.7246E+03  7.7760E+03  1.0000E+00  0.0000E+00  0.0000E+00  1.5000E+00
3.1399E-01  4.7524E+03  8.7630E+03  1.0000E+00  0.0000E+00  0.0000E+00  1.5000E+00
3.5532E-01  4.7782E+03  9.8570E+03  1.0000E+00  0.0000E+00  0.0000E+00  1.5000E+00
4.0187E-01  4.8001E+03  1.1070E+04  1.0000E+00  0.0000E+00  0.0000E+00  1.5000E+00
4.5434E-01  4.8216E+03  1.2430E+04  1.0000E+00  0.0000E+00  0.0000E+00  1.5000E+00
5.1339E-01  4.8461E+03  1.3980E+04  1.0000E+00  0.0000E+00  0.0000E+00  1.5000E+00
5.7972E-01  4.8721E+03  1.5780E+04  1.0000E+00  0.0000E+00  0.0000E+00  1.5000E+00
6.5413E-01  4.8930E+03  1.7810E+04  1.0000E+00  0.0000E+00  0.0000E+00  1.5000E+00
7.3768E-01  4.8904E+03  2.0000E+04  1.0000E+00  0.0000E+00  0.0000E+00  1.5000E+00
8.3172E-01  4.8575E+03  2.2430E+04  1.0000E+00  0.0000E+00  0.0000E+00  1.5000E+00
9.3768E-01  4.8225E+03  2.5120E+04  1.0000E+00  0.0000E+00  0.0000E+00  1.5000E+00
1.0577E+00  4.8279E+03  2.7970E+04  1.0000E+00  0.0000E+00  0.0000E+00  1.5000E+00
1.1940E+00  4.8700E+03  3.1080E+04  1.0000E+00  0.0000E+00  0.0000E+00  1.5000E+00
1.3495E+00  4.9252E+03  3.4360E+04  1.0000E+00  0.0000E+00  0.0000E+00  1.5000E+00
1.5267E+00  4.9654E+03  3.7960E+04  1.0000E+00  0.0000E+00  0.0000E+00  1.5000E+00
1.7297E+00  5.0156E+03  4.1690E+04  1.0000E+00  0.0000E+00  0.0000E+00  1.5000E+00
1.9614E+00  5.0856E+03  4.6150E+04  1.0000E+00  0.0000E+00  0.0000E+00  1.5000E+00
2.2238E+00  5.1758E+03  5.1000E+04  1.0000E+00  0.0000E+00  0.0000E+00  1.5000E+00
2.5230E+00  5.2886E+03  5.4970E+04  1.0000E+00  0.0000E+00  0.0000E+00  1.5000E+00
2.8522E+00  5.4355E+03  6.2160E+04  1.0000E+00  0.0000E+00  0.0000E+00  1.5000E+00
3.1926E+00  5.5857E+03  7.0470E+04  1.0000E+00  0.0000E+00  0.0000E+00  1.5000E+00
3.5367E+00  5.7353E+03  7.8230E+04  1.0000E+00  0.0000E+00  0.0000E+00  1.5000E+00
3.8855E+00  5.8604E+03  8.5880E+04  1.0000E+00  0.0000E+00  0.0000E+00  1.5000E+00
4.2451E+00  5.9499E+03  9.3600E+04  1.0000E+00  0.0000E+00  0.0000E+00  1.5000E+00
4.6303E+00  6.0232E+03  1.0090E+05  1.0000E+00  0.0000E+00  0.0000E+00  1.5000E+00
5.0448E+00  6.1057E+03  1.0860E+05  1.0000E+00  0.0000E+00  0.0000E+00  1.5000E+00
5.4772E+00  6.2209E+03  1.1770E+05  1.0000E+00  0.0000E+00  0.0000E+00  1.5000E+00
5.9080E+00  6.3538E+03  1.2750E+05  1.0000E+00  0.0000E+00  0.0000E+00  1.5000E+00
6.3286E+00  6.5154E+03  1.3910E+05  1.0000E+00  0.0000E+00  0.0000E+00  1.5000E+00
6.7335E+00  6.6643E+03  1.5040E+05  1.0000E+00  0.0000E+00  0.0000E+00  1.5000E+00
7.1375E+00  6.7793E+03  1.6250E+05  1.0000E+00  0.0000E+00  0.0000E+00  1.5000E+00
7.5516E+00  6.8973E+03  1.7480E+05  1.0000E+00  0.0000E+00  0.0000E+00  1.5000E+00
7.9782E+00  7.0202E+03  1.8510E+05  1.0000E+00  0.0000E+00  0.0000E+00  1.5000E+00
8.4081E+00  7.1868E+03  1.9310E+05  1.0000E+00  0.0000E+00  0.0000E+00  1.5000E+00
8.8290E+00  7.3801E+03  1.9890E+05  1.0000E+00  0.0000E+00  0.0000E+00  1.5000E+00
9.2317E+00  7.6010E+03  2.0510E+05  1.0000E+00  0.0000E+00  0.0000E+00  1.5000E+00
9.6064E+00  7.8630E+03  2.1130E+05  1.0000E+00  0.0000E+00  0.0000E+00  1.5000E+00
9.9447E+00  8.1383E+03  2.1640E+05  1.0000E+00  0.0000E+00  0.0000E+00  1.5000E+00
1.0273E+01  8.3303E+03  2.1960E+05  1.0000E+00  0.0000E+00  0.0000E+00  1.5000E+00
1.0612E+01  8.4815E+03  2.2380E+05  1.0000E+00  0.0000E+00  0.0000E+00  1.5000E+00
1.0971E+01  8.6104E+03  2.2980E+05  1.0000E+00  0.0000E+00  0.0000E+00  1.5000E+00
1.1354E+01  8.7467E+03  2.3800E+05  1.0000E+00  0.0000E+00  0.0000E+00  1.5000E+00
1.1754E+01  8.9251E+03  2.4830E+05  1.0000E+00  0.0000E+00  0.0000E+00  1.5000E+00
1.2153E+01  9.1449E+03  2.6050E+05  1.0000E+00  0.0000E+00  0.0000E+00  1.5000E+00
1.2545E+01  9.3692E+03  2.7430E+05  1.0000E+00  0.0000E+00  0.0000E+00  1.5000E+00
1.2939E+01  9.5396E+03  2.8900E+05  1.0000E+00  0.0000E+00  0.0000E+00  1.5000E+00
1.3362E+01  9.6461E+03  3.0360E+05  1.0000E+00  0.0000E+00  0.0000E+00  1.5000E+00
1.3839E+01  9.7071E+03  3.1550E+05  1.0000E+00  0.0000E+00  0.0000E+00  1.5000E+00
1.4392E+01  9.7584E+03  3.2480E+05  1.0000E+00  0.0000E+00  0.0000E+00  1.5000E+00
1.5038E+01  9.8233E+03  3.3130E+05  1.0000E+00  0.0000E+00  0.0000E+00  1.5000E+00
1.5787E+01  9.8736E+03  3.4030E+05  1.0000E+00  0.0000E+00  0.0000E+00  1.5000E+00
1.6708E+01  9.8320E+03  3.4030E+05  1.0000E+00  0.0000E+00  0.0000E+00  1.5000E+00
1.7841E+01  9.9411E+03  3.2250E+05  1.0000E+00  0.0000E+00  0.0000E+00  1.5000E+00
