9.9374E-03  4.1950E+03  2.6490E+02  1.0000E+00  0.0000E+00  0.0000E+00  1.5000E+00
1.1124E-02  4.2530E+03  3.0960E+02  1.0000E+00  0.0000E+00  0.0000E+00  1.5000E+00
1.2475E-02  4.2664E+03  3.4890E+02  1.0000E+00  0.0000E+00  0.0000E+00  1.5000E+00
1.4019E-02  4.3119E+03  4.0000E+02  1.0000E+00  0.0000E+00  0.0000E+00  1.5000E+00
1.5770E-02  4.3932E+03  4.7130E+02  1.0000E+00  0.0000E+00  0.0000E+00  1.5000E+00
1.7742E-02  4.4312E+03  5.4510E+02  1.0000E+00  0.0000E+00  0.0000E+00  1.5000E+00
1.9964E-02  4.4212E+03  6.1300E+02  1.0000E+00  0.0000E+00  0.0000E+00  1.5000E+00
2.2473E-02  4.4148E+03  6.8620E+02  1.0000E+00  0.0000E+00  0.0000E+00  1.5000E+00
2.5314E-02  4.4209E+03  7.7000E+02  1.0000E+00  0.0000E+00  0.0000E+00  1.5000E+00
2.8533E-02  4.4237E+03  8.6260E+02  1.0000E+00  0.0000E+00  0.0000E+00  1.5000E+00
3.2175E-02  4.4136E+03  9.6260E+02  1.0000E+00  0.0000E+00  0.0000E+00  1.5000E+00
3.6289E-02  4.3917E+03  1.0710E+03  1.0000E+00  0.0000E+00  0.0000E+00  1.5000E+00
4.0937E-02  4.3672E+03  1.1880E+03  1.0000E+00  0.0000E+00  0.0000E+00  1.5000E+00
4.6206E-02  4.3486E+03  1.3170E+03  1.0000E+00  0.0000E+00  0.0000E+00  1.5000E+00
5.2202E-02  4.3347E+03  1.4570E+03  1.0000E+00  0.0000E+00  0.0000E+00  1.5000E+00
5.9040E-02  4.3262E+03  1.6110E+03  1.0000E+00  0.0000E+00  0.0000E+00  1.5000E+00
6.6857E-02  4.3228E+03  1.7790E+03  1.0000E+00  0.0000E+00  0.0000E+00  1.5000E+00
7.5817E-02  4.3158E+03  1.9580E+03  1.0000E+00  0.0000E+00  0.0000E+00  1.5000E+00
8.6117E-02  4.2964E+03  2.1490E+03  1.0000E+00  0.0000E+00  0.0000E+00  1.5000E+00
9.7957E-02  4.2640E+03  2.3600E+03  1.0000E+00  0.0000E+00  0.0000E+00  1.5000E+00
1.1158E-01  4.2264E+03  2.6240E+03  1.0000E+00  0.0000E+00  0.0000E+00  1.5000E+00
1.2712E-01  4.2013E+03  2.9560E+03  1.0000E+00  0.0000E+00  0.0000E+00  1.5000E+00
1.4467E-01  4.1879E+03  3.3820E+03  1.0000E+00  0.0000E+00  0.0000E+00  1.5000E+00
1.6443E-01  4.1731E+03  3.8690E+03  1.0000E+00  0.0000E+00  0.0000E+00  1.5000E+00
1.8685E-01  4.1524E+03  4.3820E+03  1.0000E+00  0.0000E+00  0.0000E+00  1.5000E+00
2.1255E-01  4.1314E+03  4.9200E+03  1.0000E+00  0.0000E+00  0.0000E+00  1.5000E+00
2.4207E-01  4.1250E+03  5.5280E+03  1.0000E+00  0.0000E+00  0.0000E+00  1.5000E+00
2.7568E-01  4.1331E+03  6.2360E+03  1.0000E+00  0.0000E+00  0.0000E+00  1.5000E+00
3.1368E-01  4.1419E+03  7.0690E+03  1.0000E+00  0.0000E+00  0.0000E+00  1.5000E+00
3.5655E-01  4.1490E+03  8.0480E+03  1.0000E+00  0.0000E+00  0.0000E+00  1.5000E+00
4.0464E-01  4.1698E+03  9.1690E+03  1.0000E+00  0.0000E+00  0.0000E+00  1.5000E+00
4.5809E-01  4.2119E+03  1.0410E+04  1.0000E+00  0.0000E+00  0.0000E+00  1.5000E+00
5.1716E-01  4.2692E+03  1.1760E+04  1.0000E+00  0.0000E+00  0.0000E+00  1.5000E+00
5.8211E-01  4.3396E+03  1.3300E+04  1.0000E+00  0.0000E+00  0.0000E+00  1.5000E+00
6.5363E-01  4.4156E+03  1.5060E+04  1.0000E+00  0.0000E+00  0.0000E+00  1.5000E+00
7.3261E-01  4.4730E+03  1.7000E+04  1.0000E+00  0.0000E+00  0.0000E+00  1.5000E+00
8.2147E-01  4.4921E+03  1.8940E+04  1.0000E+00  0.0000E+00  0.0000E+00  1.5000E+00
9.2324E-01  4.4922E+03  2.0920E+04  1.0000E+00  0.0000E+00  0.0000E+00  1.5000E+00
1.0401E+00  4.5077E+03  2.3080E+04  1.0000E+00  0.0000E+00  0.0000E+00  1.5000E+00
1.1734E+00  4.5534E+03  2.5540E+04  1.0000E+00  0.0000E+00  0.0000E+00  1.5000E+00
1.3238E+00  4.6388E+03  2.8270E+04  1.0000E+00  0.0000E+00  0.0000E+00  1.5000E+00
1.4926E+00  4.7719E+03  3.1670E+04  1.0000E+00  0.0000E+00  0.0000E+00  1.5000E+00
1.6783E+00  4.9118E+03  3.6950E+04  1.0000E+00  0.0000E+00  0.0000E+00  1.5000E+00
1.8804E+00  4.9988E+03  4.3060E+04  1.0000E+00  0.0000E+00  0.0000E+00  1.5000E+00
2.1055E+00  5.0584E+03  4.8020E+04  1.0000E+00  0.0000E+00  0.0000E+00  1.5000E+00
2.3600E+00  5.1681E+03  5.3160E+04  1.0000E+00  0.0000E+00  0.0000E+00  1.5000E+00
2.6451E+00  5.3160E+03  5.8800E+04  1.0000E+00  0.0000E+00  0.0000E+00  1.5000E+00
2.9548E+00  5.4859E+03  6.3940E+04  1.0000E+00  0.0000E+00  0.0000E+00  1.5000E+00
3.2804E+00  5.6529E+03  6.8940E+04  1.0000E+00  0.0000E+00  0.0000E+00  1.5000E+00
3.6078E+00  5.8060E+03  7.7150E+04  1.0000E+00  0.0000E+00  0.0000E+00  1.5000E+00
3.9160E+00  5.9666E+03  8.8670E+04  1.0000E+00  0.0000E+00  0.0000E+00  1.5000E+00
4.2099E+00  6.1137E+03  9.9010E+04  1.0000E+00  0.0000E+00  0.0000E+00  1.5000E+00
4.5011E+00  6.2356E+03  1.0650E+05  1.0000E+00  0.0000E+00  0.0000E+00  1.5000E+00
4.7959E+00  6.3711E+03  1.1090E+05  1.0000E+00  0.0000E+00  0.0000E+00  1.5000E+00
5.0848E+00  6.5477E+03  1.1510E+05  1.0000E+00  0.0000E+00  0.0000E+00  1.5000E+00
5.3666E+00  6.6978E+03  1.1900E+05  1.0000E+00  0.0000E+00  0.0000E+00  1.5000E+00
5.6381E+00  6.9026E+03  1.2120E+05  1.0000E+00  0.0000E+00  0.0000E+00  1.5000E+00
5.8578E+00  7.2703E+03  1.2320E+05  1.0000E+00  0.0000E+00  0.0000E+00  1.5000E+00
6.0303E+00  7.6377E+03  1.2510E+05  1.0000E+00  0.0000E+00  0.0000E+00  1.5000E+00
6.1835E+00  7.9979E+03  1.2710E+05  1.0000E+00  0.0000E+00  0.0000E+00  1.5000E+00
6.3103E+00  8.2168E+03  1.2870E+05  1.0000E+00  0.0000E+00  0.0000E+00  1.5000E+00
6.4401E+00  8.4248E+03  1.3040E+05  1.0000E+00  0.0000E+00  0.0000E+00  1.5000E+00
6.5762E+00  8.5333E+03  1.3300E+05  1.0000E+00  0.0000E+00  0.0000E+00  1.5000E+00
6.7237E+00  8.6188E+03  1.3620E+05  1.0000E+00  0.0000E+00  0.0000E+00  1.5000E+00
6.8912E+00  8.6601E+03  1.4070E+05  1.0000E+00  0.0000E+00  0.0000E+00  1.5000E+00
7.0915E+00  8.7033E+03  1.4640E+05  1.0000E+00  0.0000E+00  0.0000E+00  1.5000E+00
7.3173E+00  8.7825E+03  1.5260E+05  1.0000E+00  0.0000E+00  0.0000E+00  1.5000E+00
7.5677E+00  8.8866E+03  1.5960E+05  1.0000E+00  0.0000E+00  0.0000E+00  1.5000E+00
7.8449E+00  8.9671E+03  1.6780E+05  1.0000E+00  0.0000E+00  0.0000E+00  1.5000E+00
8.1600E+00  9.0203E+03  1.7670E+05  1.0000E+00  0.0000E+00  0.0000E+00  1.5000E+00
8.5274E+00  9.0371E+03  1.8820E+05  1.0000E+00  0.0000E+00  0.0000E+00  1.5000E+00
8.9734E+00  9.0064E+03  2.0020E+05  1.0000E+00  0.0000E+00  0.0000E+00  1.5000E+00
9.5372E+00  8.9827E+03  2.1320E+05  1.0000E+00  0.0000E+00  0.0000E+00  1.5000E+00
1.0227E+01  8.9939E+03  2.3040E+05  1.0000E+00  0.0000E+00  0.0000E+00  1.5000E+00
1.0922E+01  9.3119E+03  2.5520E+05  1.0000E+00  0.0000E+00  0.0000E+00  1.5000E+00
1.1420E+01  9.9487E+03  2.6890E+05  1.0000E+00  0.0000E+00  0.0000E+00  1.5000E+00
1.1826E+01  1.0271E+04  2.7830E+05  1.0000E+00  0.0000E+00  0.0000E+00  1.5000E+00
1.2246E+01  1.0343E+04  2.9020E+05  1.0000E+00  0.0000E+00  0.0000E+00  1.5000E+00
1.2730E+01  1.0404E+04  3.0220E+05  1.0000E+00  0.0000E+00  0.0000E+00  1.5000E+00
1.3286E+01  1.0472E+04  3.2030E+05  1.0000E+00  0.0000E+00  0.0000E+00  1.5000E+00
1.3931E+01  1.0515E+04  3.4440E+05  1.0000E+00  0.0000E+00  0.0000E+00  1.5000E+00
