7.6744E-03  4.5195E+03  2.9850E+02  1.0000E+00  0.0000E+00  0.0000E+00  1.5000E+00
8.8629E-03  4.5913E+03  3.4740E+02  1.0000E+00  0.0000E+00  0.0000E+00  1.5000E+00
1.0176E-02  4.6616E+03  4.0610E+02  1.0000E+00  0.0000E+00  0.0000E+00  1.5000E+00
1.1609E-02  4.7240E+03  4.7450E+02  1.0000E+00  0.0000E+00  0.0000E+00  1.5000E+00
1.3169E-02  4.7788E+03  5.5080E+02  1.0000E+00  0.0000E+00  0.0000E+00  1.5000E+00
1.4880E-02  4.8182E+03  6.3130E+02  1.0000E+00  0.0000E+00  0.0000E+00  1.5000E+00
1.6781E-02  4.8446E+03  7.1500E+02  1.0000E+00  0.0000E+00  0.0000E+00  1.5000E+00
1.8921E-02  4.8624E+03  8.0380E+02  1.0000E+00  0.0000E+00  0.0000E+00  1.5000E+00
2.1338E-02  4.8822E+03  9.0170E+02  1.0000E+00  0.0000E+00  0.0000E+00  1.5000E+00
2.4068E-02  4.9009E+03  1.0110E+03  1.0000E+00  0.0000E+00  0.0000E+00  1.5000E+00
2.7153E-02  4.9189E+03  1.1330E+03  1.0000E+00  0.0000E+00  0.0000E+00  1.5000E+00
3.0643E-02  4.9353E+03  1.2680E+03  1.0000E+00  0.0000E+00  0.0000E+00  1.5000E+00
3.4592E-02  4.9491E+03  1.4240E+03  1.0000E+00  0.0000E+00  0.0000E+00  1.5000E+00
3.9060E-02  4.9579E+03  1.6050E+03  1.0000E+00  0.0000E+00  0.0000E+00  1.5000E+00
4.4138E-02  4.9566E+03  1.8090E+03  1.0000E+00  0.0000E+00  0.0000E+00  1.5000E+00
4.9958E-02  4.9445E+03  2.0280E+03  1.0000E+00  0.0000E+00  0.0000E+00  1.5000E+00
5.6704E-02  4.9186E+03  2.2460E+03  1.0000E+00  0.0000E+00  0.0000E+00  1.5000E+00
6.4597E-02  4.8799E+03  2.4630E+03  1.0000E+00  0.0000E+00  0.0000E+00  1.5000E+00
7.3832E-02  4.8426E+03  2.6880E+03  1.0000E+00  0.0000E+00  0.0000E+00  1.5000E+00
8.4537E-02  4.8121E+03  2.9450E+03  1.0000E+00  0.0000E+00  0.0000E+00  1.5000E+00
9.6817E-02  4.7538E+03  3.2420E+03  1.0000E+00  0.0000E+00  0.0000E+00  1.5000E+00
1.1074E-01  4.6775E+03  3.5740E+03  1.0000E+00  0.0000E+00  0.0000E+00  1.5000E+00
1.2640E-01  4.6237E+03  3.9510E+03  1.0000E+00  0.0000E+00  0.0000E+00  1.5000E+00
1.4408E-01  4.5957E+03  4.3790E+03  1.0000E+00  0.0000E+00  0.0000E+00  1.5000E+00
1.6406E-01  4.5760E+03  4.8750E+03  1.0000E+00  0.0000E+00  0.0000E+00  1.5000E+00
1.8660E-01  4.5460E+03  5.4410E+03  1.0000E+00  0.0000E+00  0.0000E+00  1.5000E+00
2.1200E-01  4.5185E+03  6.0770E+03  1.0000E+00  0.0000E+00  0.0000E+00  1.5000E+00
2.4076E-01  4.5093E+03  6.7900E+03  1.0000E+00  0.0000E+00  0.0000E+00  1.5000E+00
2.7332E-01  4.5192E+03  7.5960E+03  1.0000E+00  0.0000E+00  0.0000E+00  1.5000E+00
3.1021E-01  4.5296E+03  8.4970E+03  1.0000E+00  0.0000E+00  0.0000E+00  1.5000E+00
3.5194E-01  4.5241E+03  9.5310E+03  1.0000E+00  0.0000E+00  0.0000E+00  1.5000E+00
3.9911E-01  4.5291E+03  1.0710E+04  1.0000E+00  0.0000E+00  0.0000E+00  1.5000E+00
4.5235E-01  4.5487E+03  1.2030E+04  1.0000E+00  0.0000E+00  0.0000E+00  1.5000E+00
5.1248E-01  4.5679E+03  1.3500E+04  1.0000E+00  0.0000E+00  0.0000E+00  1.5000E+00
5.8043E-01  4.5863E+03  1.5150E+04  1.0000E+00  0.0000E+00  0.0000E+00  1.5000E+00
6.5735E-01  4.6037E+03  1.6920E+04  1.0000E+00  0.0000E+00  0.0000E+00  1.5000E+00
7.4448E-01  4.6322E+03  1.8910E+04  1.0000E+00  0.0000E+00  0.0000E+00  1.5000E+00
8.4304E-01  4.6738E+03  2.1170E+04  1.0000E+00  0.0000E+00  0.0000E+00  1.5000E+00
9.5417E-01  4.7353E+03  2.3790E+04  1.0000E+00  0.0000E+00  0.0000E+00  1.5000E+00
1.0790E+00  4.8172E+03  2.6860E+04  1.0000E+00  0.0000E+00  0.0000E+00  1.5000E+00
1.2185E+00  4.9223E+03  3.0590E+04  1.0000E+00  0.0000E+00  0.0000E+00  1.5000E+00
1.3733E+00  5.0382E+03  3.5000E+04  1.0000E+00  0.0000E+00  0.0000E+00  1.5000E+00
1.5446E+00  5.1359E+03  3.9920E+04  1.0000E+00  0.0000E+00  0.0000E+00  1.5000E+00
1.7338E+00  5.2235E+03  4.5200E+04  1.0000E+00  0.0000E+00  0.0000E+00  1.5000E+00
1.9428E+00  5.3045E+03  5.0850E+04  1.0000E+00  0.0000E+00  0.0000E+00  1.5000E+00
2.1739E+00  5.3686E+03  5.6820E+04  1.0000E+00  0.0000E+00  0.0000E+00  1.5000E+00
2.4307E+00  5.4264E+03  6.3100E+04  1.0000E+00  0.0000E+00  0.0000E+00  1.5000E+00
2.7155E+00  5.4966E+03  6.9690E+04  1.0000E+00  0.0000E+00  0.0000E+00  1.5000E+00
3.0311E+00  5.5596E+03  7.5980E+04  1.0000E+00  0.0000E+00  0.0000E+00  1.5000E+00
3.3783E+00  5.6589E+03  8.2390E+04  1.0000E+00  0.0000E+00  0.0000E+00  1.5000E+00
3.7436E+00  5.7953E+03  8.9290E+04  1.0000E+00  0.0000E+00  0.0000E+00  1.5000E+00
4.1134E+00  5.9311E+03  9.6590E+04  1.0000E+00  0.0000E+00  0.0000E+00  1.5000E+00
4.4826E+00  6.0706E+03  1.0460E+05  1.0000E+00  0.0000E+00  0.0000E+00  1.5000E+00
4.8427E+00  6.2417E+03  1.1350E+05  1.0000E+00  0.0000E+00  0.0000E+00  1.5000E+00
5.1674E+00  6.4537E+03  1.2100E+05  1.0000E+00  0.0000E+00  0.0000E+00  1.5000E+00
5.4658E+00  6.6483E+03  1.2820E+05  1.0000E+00  0.0000E+00  0.0000E+00  1.5000E+00
5.7495E+00  6.8208E+03  1.3400E+05  1.0000E+00  0.0000E+00  0.0000E+00  1.5000E+00
6.0317E+00  6.9526E+03  1.4000E+05  1.0000E+00  0.0000E+00  0.0000E+00  1.5000E+00
6.3300E+00  7.0459E+03  1.4430E+05  1.0000E+00  0.0000E+00  0.0000E+00  1.5000E+00
6.6382E+00  7.2089E+03  1.4910E+05  1.0000E+00  0.0000E+00  0.0000E+00  1.5000E+00
6.9466E+00  7.3735E+03  1.5330E+05  1.0000E+00  0.0000E+00  0.0000E+00  1.5000E+00
7.2603E+00  7.5213E+03  1.5770E+05  1.0000E+00  0.0000E+00  0.0000E+00  1.5000E+00
7.5907E+00  7.6305E+03  1.6250E+05  1.0000E+00  0.0000E+00  0.0000E+00  1.5000E+00
7.9437E+00  7.7519E+03  1.6880E+05  1.0000E+00  0.0000E+00  0.0000E+00  1.5000E+00
8.3284E+00  7.8240E+03  1.7500E+05  1.0000E+00  0.0000E+00  0.0000E+00  1.5000E+00
8.8640E+00  7.5098E+03  1.9030E+05  1.0000E+00  0.0000E+00  0.0000E+00  1.5000E+00
9.4936E+00  8.0468E+03  2.0860E+05  1.0000E+00  0.0000E+00  0.0000E+00  1.5000E+00
9.6853E+00  8.8579E+03  2.1600E+05  1.0000E+00  0.0000E+00  0.0000E+00  1.5000E+00
9.8631E+00  9.6573E+03  2.2310E+05  1.0000E+00  0.0000E+00  0.0000E+00  1.5000E+00
9.9770E+00  1.0048E+04  2.2620E+05  1.0000E+00  0.0000E+00  0.0000E+00  1.5000E+00
1.0079E+01  1.0359E+04  2.2840E+05  1.0000E+00  0.0000E+00  0.0000E+00  1.5000E+00
1.0182E+01  1.0669E+04  2.3060E+05  1.0000E+00  0.0000E+00  0.0000E+00  1.5000E+00
1.0288E+01  1.0875E+04  2.3330E+05  1.0000E+00  0.0000E+00  0.0000E+00  1.5000E+00
1.0397E+01  1.1016E+04  2.3630E+05  1.0000E+00  0.0000E+00  0.0000E+00  1.5000E+00
1.0507E+01  1.1158E+04  2.3930E+05  1.0000E+00  0.0000E+00  0.0000E+00  1.5000E+00
1.0649E+01  1.1203E+04  2.4440E+05  1.0000E+00  0.0000E+00  0.0000E+00  1.5000E+00
1.0801E+01  1.1226E+04  2.5010E+05  1.0000E+00  0.0000E+00  0.0000E+00  1.5000E+00
1.0994E+01  1.1276E+04  2.5640E+05  1.0000E+00  0.0000E+00  0.0000E+00  1.5000E+00
1.1213E+01  1.1336E+04  2.6330E+05  1.0000E+00  0.0000E+00  0.0000E+00  1.5000E+00
1.1471E+01  1.1405E+04  2.7080E+05  1.0000E+00  0.0000E+00  0.0000E+00  1.5000E+00
1.1778E+01  1.1459E+04  2.7950E+05  1.0000E+00  0.0000E+00  0.0000E+00  1.5000E+00
