8.5076E-03  4.0898E+03  2.4380E+02  1.0000E+00  0.0000E+00  0.0000E+00  1.5000E+00
9.7198E-03  4.0757E+03  2.7690E+02  1.0000E+00  0.0000E+00  0.0000E+00  1.5000E+00
1.1095E-02  4.0591E+03  3.1390E+02  1.0000E+00  0.0000E+00  0.0000E+00  1.5000E+00
1.2654E-02  4.0516E+03  3.5690E+02  1.0000E+00  0.0000E+00  0.0000E+00  1.5000E+00
1.4418E-02  4.0532E+03  4.0850E+02  1.0000E+00  0.0000E+00  0.0000E+00  1.5000E+00
1.6410E-02  4.0512E+03  4.6530E+02  1.0000E+00  0.0000E+00  0.0000E+00  1.5000E+00
1.8651E-02  4.0626E+03  5.3600E+02  1.0000E+00  0.0000E+00  0.0000E+00  1.5000E+00
2.1165E-02  4.0860E+03  6.1720E+02  1.0000E+00  0.0000E+00  0.0000E+00  1.5000E+00
2.3977E-02  4.1241E+03  7.1380E+02  1.0000E+00  0.0000E+00  0.0000E+00  1.5000E+00
2.7117E-02  4.1471E+03  8.2240E+02  1.0000E+00  0.0000E+00  0.0000E+00  1.5000E+00
3.0632E-02  4.1555E+03  9.4090E+02  1.0000E+00  0.0000E+00  0.0000E+00  1.5000E+00
3.4583E-02  4.1547E+03  1.0690E+03  1.0000E+00  0.0000E+00  0.0000E+00  1.5000E+00
3.9045E-02  4.1460E+03  1.2060E+03  1.0000E+00  0.0000E+00  0.0000E+00  1.5000E+00
4.4108E-02  4.1337E+03  1.3560E+03  1.0000E+00  0.0000E+00  0.0000E+00  1.5000E+00
4.9870E-02  4.1209E+03  1.5210E+03  1.0000E+00  0.0000E+00  0.0000E+00  1.5000E+00
5.6446E-02  4.1096E+03  1.7020E+03  1.0000E+00  0.0000E+00  0.0000E+00  1.5000E+00
6.3957E-02  4.1062E+03  1.9050E+03  1.0000E+00  0.0000E+00  0.0000E+00  1.5000E+00
7.2522E-02  4.1117E+03  2.1350E+03  1.0000E+00  0.0000E+00  0.0000E+00  1.5000E+00
8.2262E-02  4.1192E+03  2.3960E+03  1.0000E+00  0.0000E+00  0.0000E+00  1.5000E+00
9.3345E-02  4.1197E+03  2.6900E+03  1.0000E+00  0.0000E+00  0.0000E+00  1.5000E+00
1.0594E-01  4.1228E+03  3.0290E+03  1.0000E+00  0.0000E+00  0.0000E+00  1.5000E+00
1.2019E-01  4.1427E+03  3.4240E+03  1.0000E+00  0.0000E+00  0.0000E+00  1.5000E+00
1.3616E-01  4.1787E+03  3.8800E+03  1.0000E+00  0.0000E+00  0.0000E+00  1.5000E+00
1.5395E-01  4.2243E+03  4.4090E+03  1.0000E+00  0.0000E+00  0.0000E+00  1.5000E+00
1.7372E-01  4.2732E+03  5.0010E+03  1.0000E+00  0.0000E+00  0.0000E+00  1.5000E+00
1.9570E-01  4.3346E+03  5.6830E+03  1.0000E+00  0.0000E+00  0.0000E+00  1.5000E+00
2.2015E-01  4.4056E+03  6.4610E+03  1.0000E+00  0.0000E+00  0.0000E+00  1.5000E+00
2.4735E-01  4.4802E+03  7.3470E+03  1.0000E+00  0.0000E+00  0.0000E+00  1.5000E+00
2.7776E-01  4.5377E+03  8.3180E+03  1.0000E+00  0.0000E+00  0.0000E+00  1.5000E+00
3.1199E-01  4.5654E+03  9.3320E+03  1.0000E+00  0.0000E+00  0.0000E+00  1.5000E+00
3.5071E-01  4.5883E+03  1.0450E+04  1.0000E+00  0.0000E+00  0.0000E+00  1.5000E+00
3.9476E-01  4.5952E+03  1.1560E+04  1.0000E+00  0.0000E+00  0.0000E+00  1.5000E+00
4.4496E-01  4.6157E+03  1.2860E+04  1.0000E+00  0.0000E+00  0.0000E+00  1.5000E+00
5.0203E-01  4.6386E+03  1.4320E+04  1.0000E+00  0.0000E+00  0.0000E+00  1.5000E+00
5.6671E-01  4.6767E+03  1.6010E+04  1.0000E+00  0.0000E+00  0.0000E+00  1.5000E+00
6.3985E-01  4.7268E+03  1.7960E+04  1.0000E+00  0.0000E+00  0.0000E+00  1.5000E+00
7.2237E-01  4.7809E+03  2.0180E+04  1.0000E+00  0.0000E+00  0.0000E+00  1.5000E+00
8.1533E-01  4.8342E+03  2.2740E+04  1.0000E+00  0.0000E+00  0.0000E+00  1.5000E+00
9.1978E-01  4.8907E+03  2.5700E+04  1.0000E+00  0.0000E+00  0.0000E+00  1.5000E+00
1.0367E+00  4.9645E+03  2.9120E+04  1.0000E+00  0.0000E+00  0.0000E+00  1.5000E+00
1.1674E+00  5.0362E+03  3.2980E+04  1.0000E+00  0.0000E+00  0.0000E+00  1.5000E+00
1.3136E+00  5.1004E+03  3.7220E+04  1.0000E+00  0.0000E+00  0.0000E+00  1.5000E+00
1.4770E+00  5.1629E+03  4.1800E+04  1.0000E+00  0.0000E+00  0.0000E+00  1.5000E+00
1.6599E+00  5.2251E+03  4.6850E+04  1.0000E+00  0.0000E+00  0.0000E+00  1.5000E+00
1.8628E+00  5.3063E+03  5.2780E+04  1.0000E+00  0.0000E+00  0.0000E+00  1.5000E+00
2.0830E+00  5.4135E+03  5.9990E+04  1.0000E+00  0.0000E+00  0.0000E+00  1.5000E+00
2.3170E+00  5.5308E+03  6.8150E+04  1.0000E+00  0.0000E+00  0.0000E+00  1.5000E+00
2.5629E+00  5.6342E+03  7.6390E+04  1.0000E+00  0.0000E+00  0.0000E+00  1.5000E+00
2.8242E+00  5.7155E+03  8.4030E+04  1.0000E+00  0.0000E+00  0.0000E+00  1.5000E+00
3.1059E+00  5.8011E+03  9.1120E+04  1.0000E+00  0.0000E+00  0.0000E+00  1.5000E+00
3.4015E+00  5.9263E+03  9.7970E+04  1.0000E+00  0.0000E+00  0.0000E+00  1.5000E+00
3.6953E+00  6.0921E+03  1.0430E+05  1.0000E+00  0.0000E+00  0.0000E+00  1.5000E+00
3.9693E+00  6.2993E+03  1.1020E+05  1.0000E+00  0.0000E+00  0.0000E+00  1.5000E+00
4.2147E+00  6.5238E+03  1.1500E+05  1.0000E+00  0.0000E+00  0.0000E+00  1.5000E+00
4.4297E+00  6.7711E+03  1.1950E+05  1.0000E+00  0.0000E+00  0.0000E+00  1.5000E+00
4.6207E+00  7.0447E+03  1.2400E+05  1.0000E+00  0.0000E+00  0.0000E+00  1.5000E+00
4.7599E+00  7.3785E+03  1.2680E+05  1.0000E+00  0.0000E+00  0.0000E+00  1.5000E+00
4.8859E+00  7.7284E+03  1.2930E+05  1.0000E+00  0.0000E+00  0.0000E+00  1.5000E+00
4.9428E+00  8.1436E+03  1.3020E+05  1.0000E+00  0.0000E+00  0.0000E+00  1.5000E+00
5.0003E+00  8.5588E+03  1.3120E+05  1.0000E+00  0.0000E+00  0.0000E+00  1.5000E+00
5.0585E+00  8.9739E+03  1.3220E+05  1.0000E+00  0.0000E+00  0.0000E+00  1.5000E+00
5.1166E+00  9.3784E+03  1.3320E+05  1.0000E+00  0.0000E+00  0.0000E+00  1.5000E+00
5.1609E+00  9.5877E+03  1.3410E+05  1.0000E+00  0.0000E+00  0.0000E+00  1.5000E+00
5.2056E+00  9.7970E+03  1.3500E+05  1.0000E+00  0.0000E+00  0.0000E+00  1.5000E+00
5.2507E+00  1.0006E+04  1.3590E+05  1.0000E+00  0.0000E+00  0.0000E+00  1.5000E+00
5.2962E+00  1.0216E+04  1.3690E+05  1.0000E+00  0.0000E+00  0.0000E+00  1.5000E+00
5.3492E+00  1.0352E+04  1.3820E+05  1.0000E+00  0.0000E+00  0.0000E+00  1.5000E+00
5.4101E+00  1.0416E+04  1.3990E+05  1.0000E+00  0.0000E+00  0.0000E+00  1.5000E+00
5.4718E+00  1.0479E+04  1.4160E+05  1.0000E+00  0.0000E+00  0.0000E+00  1.5000E+00
5.5427E+00  1.0542E+04  1.4370E+05  1.0000E+00  0.0000E+00  0.0000E+00  1.5000E+00
5.6334E+00  1.0608E+04  1.4640E+05  1.0000E+00  0.0000E+00  0.0000E+00  1.5000E+00
5.7298E+00  1.0668E+04  1.4930E+05  1.0000E+00  0.0000E+00  0.0000E+00  1.5000E+00
5.8536E+00  1.0694E+04  1.5290E+05  1.0000E+00  0.0000E+00  0.0000E+00  1.5000E+00
5.9962E+00  1.0732E+04  1.5710E+05  1.0000E+00  0.0000E+00  0.0000E+00  1.5000E+00
6.1642E+00  1.0778E+04  1.6220E+05  1.0000E+00  0.0000E+00  0.0000E+00  1.5000E+00
6.3637E+00  1.0822E+04  1.6820E+05  1.0000E+00  0.0000E+00  0.0000E+00  1.5000E+00
6.5996E+00  1.0877E+04  1.7550E+05  1.0000E+00  0.0000E+00  0.0000E+00  1.5000E+00
6.8754E+00  1.0936E+04  1.8360E+05  1.0000E+00  0.0000E+00  0.0000E+00  1.5000E+00
7.1946E+00  1.0998E+04  1.9290E+05  1.0000E+00  0.0000E+00  0.0000E+00  1.5000E+00
7.5628E+00  1.1066E+04  2.0360E+05  1.0000E+00  0.0000E+00  0.0000E+00  1.5000E+00
7.9893E+00  1.1139E+04  2.1610E+05  1.0000E+00  0.0000E+00  0.0000E+00  1.5000E+00
