8.0009E-03  4.2758E+03  2.8660E+02  1.0000E+00  0.0000E+00  0.0000E+00  1.5000E+00
9.1607E-03  4.2929E+03  3.2620E+02  1.0000E+00  0.0000E+00  0.0000E+00  1.5000E+00
1.0480E-02  4.3067E+03  3.7000E+02  1.0000E+00  0.0000E+00  0.0000E+00  1.5000E+00
1.1978E-02  4.3150E+03  4.1820E+02  1.0000E+00  0.0000E+00  0.0000E+00  1.5000E+00
1.3680E-02  4.3173E+03  4.7060E+02  1.0000E+00  0.0000E+00  0.0000E+00  1.5000E+00
1.5610E-02  4.3145E+03  5.2780E+02  1.0000E+00  0.0000E+00  0.0000E+00  1.5000E+00
1.7799E-02  4.3075E+03  5.9020E+02  1.0000E+00  0.0000E+00  0.0000E+00  1.5000E+00
2.0282E-02  4.2981E+03  6.5920E+02  1.0000E+00  0.0000E+00  0.0000E+00  1.5000E+00
2.3098E-02  4.2862E+03  7.3530E+02  1.0000E+00  0.0000E+00  0.0000E+00  1.5000E+00
2.6292E-02  4.2719E+03  8.1950E+02  1.0000E+00  0.0000E+00  0.0000E+00  1.5000E+00
2.9917E-02  4.2559E+03  9.1270E+02  1.0000E+00  0.0000E+00  0.0000E+00  1.5000E+00
3.4037E-02  4.2410E+03  1.0160E+03  1.0000E+00  0.0000E+00  0.0000E+00  1.5000E+00
3.8724E-02  4.2311E+03  1.1310E+03  1.0000E+00  0.0000E+00  0.0000E+00  1.5000E+00
4.4065E-02  4.2291E+03  1.2600E+03  1.0000E+00  0.0000E+00  0.0000E+00  1.5000E+00
5.0153E-02  4.2302E+03  1.4050E+03  1.0000E+00  0.0000E+00  0.0000E+00  1.5000E+00
5.7085E-02  4.2319E+03  1.5690E+03  1.0000E+00  0.0000E+00  0.0000E+00  1.5000E+00
6.4964E-02  4.2367E+03  1.7570E+03  1.0000E+00  0.0000E+00  0.0000E+00  1.5000E+00
7.3908E-02  4.2488E+03  1.9690E+03  1.0000E+00  0.0000E+00  0.0000E+00  1.5000E+00
8.4056E-02  4.2616E+03  2.2060E+03  1.0000E+00  0.0000E+00  0.0000E+00  1.5000E+00
9.5565E-02  4.2725E+03  2.4740E+03  1.0000E+00  0.0000E+00  0.0000E+00  1.5000E+00
1.0860E-01  4.2824E+03  2.7800E+03  1.0000E+00  0.0000E+00  0.0000E+00  1.5000E+00
1.2333E-01  4.2964E+03  3.1290E+03  1.0000E+00  0.0000E+00  0.0000E+00  1.5000E+00
1.3997E-01  4.3204E+03  3.5230E+03  1.0000E+00  0.0000E+00  0.0000E+00  1.5000E+00
1.5872E-01  4.3578E+03  3.9660E+03  1.0000E+00  0.0000E+00  0.0000E+00  1.5000E+00
1.7988E-01  4.3910E+03  4.4600E+03  1.0000E+00  0.0000E+00  0.0000E+00  1.5000E+00
2.0377E-01  4.4121E+03  5.0150E+03  1.0000E+00  0.0000E+00  0.0000E+00  1.5000E+00
2.3076E-01  4.4245E+03  5.6270E+03  1.0000E+00  0.0000E+00  0.0000E+00  1.5000E+00
2.6127E-01  4.4409E+03  6.3200E+03  1.0000E+00  0.0000E+00  0.0000E+00  1.5000E+00
2.9569E-01  4.4656E+03  7.1100E+03  1.0000E+00  0.0000E+00  0.0000E+00  1.5000E+00
3.3450E-01  4.4966E+03  8.0030E+03  1.0000E+00  0.0000E+00  0.0000E+00  1.5000E+00
3.7823E-01  4.5292E+03  9.0050E+03  1.0000E+00  0.0000E+00  0.0000E+00  1.5000E+00
4.2754E-01  4.5569E+03  1.0120E+04  1.0000E+00  0.0000E+00  0.0000E+00  1.5000E+00
4.8325E-01  4.5730E+03  1.1340E+04  1.0000E+00  0.0000E+00  0.0000E+00  1.5000E+00
5.4628E-01  4.5820E+03  1.2690E+04  1.0000E+00  0.0000E+00  0.0000E+00  1.5000E+00
6.1764E-01  4.5957E+03  1.4210E+04  1.0000E+00  0.0000E+00  0.0000E+00  1.5000E+00
6.9832E-01  4.6171E+03  1.5940E+04  1.0000E+00  0.0000E+00  0.0000E+00  1.5000E+00
7.8948E-01  4.6475E+03  1.7870E+04  1.0000E+00  0.0000E+00  0.0000E+00  1.5000E+00
8.9250E-01  4.6733E+03  2.0000E+04  1.0000E+00  0.0000E+00  0.0000E+00  1.5000E+00
1.0092E+00  4.6752E+03  2.2260E+04  1.0000E+00  0.0000E+00  0.0000E+00  1.5000E+00
1.1424E+00  4.7345E+03  2.4830E+04  1.0000E+00  0.0000E+00  0.0000E+00  1.5000E+00
1.2914E+00  4.8734E+03  2.8200E+04  1.0000E+00  0.0000E+00  0.0000E+00  1.5000E+00
1.4579E+00  4.9820E+03  3.1790E+04  1.0000E+00  0.0000E+00  0.0000E+00  1.5000E+00
1.6478E+00  5.0250E+03  3.4470E+04  1.0000E+00  0.0000E+00  0.0000E+00  1.5000E+00
1.8708E+00  5.0184E+03  3.6390E+04  1.0000E+00  0.0000E+00  0.0000E+00  1.5000E+00
2.1298E+00  5.1262E+03  4.0500E+04  1.0000E+00  0.0000E+00  0.0000E+00  1.5000E+00
2.4112E+00  5.2940E+03  4.7210E+04  1.0000E+00  0.0000E+00  0.0000E+00  1.5000E+00
2.7054E+00  5.4116E+03  5.5330E+04  1.0000E+00  0.0000E+00  0.0000E+00  1.5000E+00
3.0175E+00  5.4797E+03  6.3590E+04  1.0000E+00  0.0000E+00  0.0000E+00  1.5000E+00
3.3571E+00  5.5365E+03  7.1460E+04  1.0000E+00  0.0000E+00  0.0000E+00  1.5000E+00
3.7202E+00  5.6435E+03  8.0190E+04  1.0000E+00  0.0000E+00  0.0000E+00  1.5000E+00
4.0897E+00  5.7910E+03  9.0540E+04  1.0000E+00  0.0000E+00  0.0000E+00  1.5000E+00
4.4506E+00  5.9323E+03  1.0140E+05  1.0000E+00  0.0000E+00  0.0000E+00  1.5000E+00
4.8156E+00  6.0349E+03  1.1200E+05  1.0000E+00  0.0000E+00  0.0000E+00  1.5000E+00
5.2021E+00  6.0991E+03  1.2210E+05  1.0000E+00  0.0000E+00  0.0000E+00  1.5000E+00
5.6204E+00  6.1739E+03  1.3170E+05  1.0000E+00  0.0000E+00  0.0000E+00  1.5000E+00
6.0694E+00  6.2564E+03  1.4060E+05  1.0000E+00  0.0000E+00  0.0000E+00  1.5000E+00
6.5434E+00  6.3644E+03  1.4970E+05  1.0000E+00  0.0000E+00  0.0000E+00  1.5000E+00
7.0407E+00  6.4552E+03  1.5920E+05  1.0000E+00  0.0000E+00  0.0000E+00  1.5000E+00
7.5697E+00  6.5469E+03  1.6740E+05  1.0000E+00  0.0000E+00  0.0000E+00  1.5000E+00
8.1228E+00  6.6821E+03  1.7440E+05  1.0000E+00  0.0000E+00  0.0000E+00  1.5000E+00
8.6707E+00  6.8576E+03  1.7890E+05  1.0000E+00  0.0000E+00  0.0000E+00  1.5000E+00
9.1918E+00  7.0778E+03  1.8550E+05  1.0000E+00  0.0000E+00  0.0000E+00  1.5000E+00
9.6554E+00  7.3442E+03  1.9790E+05  1.0000E+00  0.0000E+00  0.0000E+00  1.5000E+00
1.0097E+01  7.4675E+03  2.1120E+05  1.0000E+00  0.0000E+00  0.0000E+00  1.5000E+00
1.0479E+01  7.8606E+03  2.1890E+05  1.0000E+00  0.0000E+00  0.0000E+00  1.5000E+00
1.0716E+01  8.4045E+03  2.2310E+05  1.0000E+00  0.0000E+00  0.0000E+00  1.5000E+00
1.0900E+01  8.9928E+03  2.2610E+05  1.0000E+00  0.0000E+00  0.0000E+00  1.5000E+00
1.1048E+01  9.4387E+03  2.2770E+05  1.0000E+00  0.0000E+00  0.0000E+00  1.5000E+00
1.1163E+01  9.7542E+03  2.2790E+05  1.0000E+00  0.0000E+00  0.0000E+00  1.5000E+00
1.1279E+01  1.0070E+04  2.2810E+05  1.0000E+00  0.0000E+00  0.0000E+00  1.5000E+00
1.1397E+01  1.0303E+04  2.2800E+05  1.0000E+00  0.0000E+00  0.0000E+00  1.5000E+00
1.1518E+01  1.0438E+04  2.2760E+05  1.0000E+00  0.0000E+00  0.0000E+00  1.5000E+00
1.1640E+01  1.0574E+04  2.2710E+05  1.0000E+00  0.0000E+00  0.0000E+00  1.5000E+00
1.1797E+01  1.0600E+04  2.2700E+05  1.0000E+00  0.0000E+00  0.0000E+00  1.5000E+00
1.1965E+01  1.0599E+04  2.2700E+05  1.0000E+00  0.0000E+00  0.0000E+00  1.5000E+00
1.2208E+01  1.0488E+04  2.2680E+05  1.0000E+00  0.0000E+00  0.0000E+00  1.5000E+00
1.2531E+01  1.0332E+04  2.2760E+05  1.0000E+00  0.0000E+00  0.0000E+00  1.5000E+00
1.2997E+01  1.0157E+04  2.3260E+05  1.0000E+00  0.0000E+00  0.0000E+00  1.5000E+00
1.3664E+01  1.0038E+04  2.4070E+05  1.0000E+00  0.0000E+00  0.0000E+00  1.5000E+00
1.4430E+01  1.0278E+04  2.6380E+05  1.0000E+00  0.0000E+00  0.0000E+00  1.5000E+00
1.5123E+01  1.0692E+04  2.8670E+05  1.0000E+00  0.0000E+00  0.0000E+00  1.5000E+00
