8.0363E-03  3.8368E+03  2.2880E+02  1.0000E+00  0.0000E+00  0.0000E+00  1.5000E+00
9.2943E-03  3.8342E+03  2.5140E+02  1.0000E+00  0.0000E+00  0.0000E+00  1.5000E+00
1.0767E-02  3.8500E+03  2.7630E+02  1.0000E+00  0.0000E+00  0.0000E+00  1.5000E+00
1.2472E-02  3.8913E+03  3.0890E+02  1.0000E+00  0.0000E+00  0.0000E+00  1.5000E+00
1.4420E-02  3.9143E+03  3.5010E+02  1.0000E+00  0.0000E+00  0.0000E+00  1.5000E+00
1.6643E-02  3.9219E+03  3.9660E+02  1.0000E+00  0.0000E+00  0.0000E+00  1.5000E+00
1.9162E-02  3.9694E+03  4.5460E+02  1.0000E+00  0.0000E+00  0.0000E+00  1.5000E+00
2.1979E-02  4.0420E+03  5.2810E+02  1.0000E+00  0.0000E+00  0.0000E+00  1.5000E+00
2.5120E-02  4.1007E+03  6.1370E+02  1.0000E+00  0.0000E+00  0.0000E+00  1.5000E+00
2.8633E-02  4.1317E+03  7.0350E+02  1.0000E+00  0.0000E+00  0.0000E+00  1.5000E+00
3.2596E-02  4.1480E+03  7.9770E+02  1.0000E+00  0.0000E+00  0.0000E+00  1.5000E+00
3.7090E-02  4.1469E+03  8.9430E+02  1.0000E+00  0.0000E+00  0.0000E+00  1.5000E+00
4.2217E-02  4.1421E+03  9.9640E+02  1.0000E+00  0.0000E+00  0.0000E+00  1.5000E+00
4.8065E-02  4.1430E+03  1.1150E+03  1.0000E+00  0.0000E+00  0.0000E+00  1.5000E+00
5.4722E-02  4.1353E+03  1.2500E+03  1.0000E+00  0.0000E+00  0.0000E+00  1.5000E+00
6.2304E-02  4.1127E+03  1.4040E+03  1.0000E+00  0.0000E+00  0.0000E+00  1.5000E+00
7.0966E-02  4.0807E+03  1.5780E+03  1.0000E+00  0.0000E+00  0.0000E+00  1.5000E+00
8.0870E-02  4.0555E+03  1.7870E+03  1.0000E+00  0.0000E+00  0.0000E+00  1.5000E+00
9.2103E-02  4.0492E+03  2.0460E+03  1.0000E+00  0.0000E+00  0.0000E+00  1.5000E+00
1.0463E-01  4.0695E+03  2.3740E+03  1.0000E+00  0.0000E+00  0.0000E+00  1.5000E+00
1.1832E-01  4.1217E+03  2.7850E+03  1.0000E+00  0.0000E+00  0.0000E+00  1.5000E+00
1.3315E-01  4.1873E+03  3.2630E+03  1.0000E+00  0.0000E+00  0.0000E+00  1.5000E+00
1.4932E-01  4.2371E+03  3.7600E+03  1.0000E+00  0.0000E+00  0.0000E+00  1.5000E+00
1.6730E-01  4.2643E+03  4.2630E+03  1.0000E+00  0.0000E+00  0.0000E+00  1.5000E+00
1.8749E-01  4.2914E+03  4.8200E+03  1.0000E+00  0.0000E+00  0.0000E+00  1.5000E+00
2.1012E-01  4.3271E+03  5.4610E+03  1.0000E+00  0.0000E+00  0.0000E+00  1.5000E+00
2.3544E-01  4.3651E+03  6.1860E+03  1.0000E+00  0.0000E+00  0.0000E+00  1.5000E+00
2.6382E-01  4.4015E+03  6.9840E+03  1.0000E+00  0.0000E+00  0.0000E+00  1.5000E+00
2.9575E-01  4.4361E+03  7.8560E+03  1.0000E+00  0.0000E+00  0.0000E+00  1.5000E+00
3.3174E-01  4.4693E+03  8.8130E+03  1.0000E+00  0.0000E+00  0.0000E+00  1.5000E+00
3.7236E-01  4.5043E+03  9.8880E+03  1.0000E+00  0.0000E+00  0.0000E+00  1.5000E+00
4.1822E-01  4.5395E+03  1.1100E+04  1.0000E+00  0.0000E+00  0.0000E+00  1.5000E+00
4.7006E-01  4.5674E+03  1.2410E+04  1.0000E+00  0.0000E+00  0.0000E+00  1.5000E+00
5.2886E-01  4.5876E+03  1.3810E+04  1.0000E+00  0.0000E+00  0.0000E+00  1.5000E+00
5.9585E-01  4.6033E+03  1.5310E+04  1.0000E+00  0.0000E+00  0.0000E+00  1.5000E+00
6.7222E-01  4.6241E+03  1.7020E+04  1.0000E+00  0.0000E+00  0.0000E+00  1.5000E+00
7.5874E-01  4.6595E+03  1.9070E+04  1.0000E+00  0.0000E+00  0.0000E+00  1.5000E+00
8.5595E-01  4.7149E+03  2.1580E+04  1.0000E+00  0.0000E+00  0.0000E+00  1.5000E+00
9.6474E-01  4.7770E+03  2.4470E+04  1.0000E+00  0.0000E+00  0.0000E+00  1.5000E+00
1.0865E+00  4.8350E+03  2.7640E+04  1.0000E+00  0.0000E+00  0.0000E+00  1.5000E+00
1.2235E+00  4.8881E+03  3.1050E+04  1.0000E+00  0.0000E+00  0.0000E+00  1.5000E+00
1.3779E+00  4.9501E+03  3.4890E+04  1.0000E+00  0.0000E+00  0.0000E+00  1.5000E+00
1.5513E+00  5.0309E+03  3.9360E+04  1.0000E+00  0.0000E+00  0.0000E+00  1.5000E+00
1.7453E+00  5.1235E+03  4.4390E+04  1.0000E+00  0.0000E+00  0.0000E+00  1.5000E+00
1.9615E+00  5.2205E+03  4.9780E+04  1.0000E+00  0.0000E+00  0.0000E+00  1.5000E+00
2.2018E+00  5.3213E+03  5.5430E+04  1.0000E+00  0.0000E+00  0.0000E+00  1.5000E+00
2.4650E+00  5.4433E+03  6.1460E+04  1.0000E+00  0.0000E+00  0.0000E+00  1.5000E+00
2.7440E+00  5.5897E+03  6.7840E+04  1.0000E+00  0.0000E+00  0.0000E+00  1.5000E+00
3.0273E+00  5.7555E+03  7.4380E+04  1.0000E+00  0.0000E+00  0.0000E+00  1.5000E+00
3.3025E+00  5.9399E+03  8.0830E+04  1.0000E+00  0.0000E+00  0.0000E+00  1.5000E+00
3.5546E+00  6.1359E+03  8.6980E+04  1.0000E+00  0.0000E+00  0.0000E+00  1.5000E+00
3.7851E+00  6.3388E+03  9.2530E+04  1.0000E+00  0.0000E+00  0.0000E+00  1.5000E+00
3.9927E+00  6.5619E+03  9.7700E+04  1.0000E+00  0.0000E+00  0.0000E+00  1.5000E+00
4.1781E+00  6.7811E+03  1.0180E+05  1.0000E+00  0.0000E+00  0.0000E+00  1.5000E+00
4.3375E+00  7.0175E+03  1.0660E+05  1.0000E+00  0.0000E+00  0.0000E+00  1.5000E+00
4.4797E+00  7.2913E+03  1.1040E+05  1.0000E+00  0.0000E+00  0.0000E+00  1.5000E+00
4.5962E+00  7.6191E+03  1.1250E+05  1.0000E+00  0.0000E+00  0.0000E+00  1.5000E+00
4.6891E+00  7.9750E+03  1.1410E+05  1.0000E+00  0.0000E+00  0.0000E+00  1.5000E+00
4.7434E+00  8.3730E+03  1.1500E+05  1.0000E+00  0.0000E+00  0.0000E+00  1.5000E+00
4.7984E+00  8.7709E+03  1.1590E+05  1.0000E+00  0.0000E+00  0.0000E+00  1.5000E+00
4.8540E+00  9.1689E+03  1.1670E+05  1.0000E+00  0.0000E+00  0.0000E+00  1.5000E+00
4.9023E+00  9.4507E+03  1.1740E+05  1.0000E+00  0.0000E+00  0.0000E+00  1.5000E+00
4.9458E+00  9.6564E+03  1.1800E+05  1.0000E+00  0.0000E+00  0.0000E+00  1.5000E+00
4.9897E+00  9.8621E+03  1.1850E+05  1.0000E+00  0.0000E+00  0.0000E+00  1.5000E+00
5.0340E+00  1.0068E+04  1.1910E+05  1.0000E+00  0.0000E+00  0.0000E+00  1.5000E+00
5.0843E+00  1.0210E+04  1.2000E+05  1.0000E+00  0.0000E+00  0.0000E+00  1.5000E+00
5.1414E+00  1.0282E+04  1.2140E+05  1.0000E+00  0.0000E+00  0.0000E+00  1.5000E+00
5.1992E+00  1.0354E+04  1.2280E+05  1.0000E+00  0.0000E+00  0.0000E+00  1.5000E+00
5.2695E+00  1.0411E+04  1.2460E+05  1.0000E+00  0.0000E+00  0.0000E+00  1.5000E+00
5.3536E+00  1.0454E+04  1.2690E+05  1.0000E+00  0.0000E+00  0.0000E+00  1.5000E+00
5.4504E+00  1.0494E+04  1.2980E+05  1.0000E+00  0.0000E+00  0.0000E+00  1.5000E+00
5.5652E+00  1.0531E+04  1.3340E+05  1.0000E+00  0.0000E+00  0.0000E+00  1.5000E+00
5.7056E+00  1.0573E+04  1.3800E+05  1.0000E+00  0.0000E+00  0.0000E+00  1.5000E+00
5.8684E+00  1.0623E+04  1.4370E+05  1.0000E+00  0.0000E+00  0.0000E+00  1.5000E+00
6.0583E+00  1.0680E+04  1.5060E+05  1.0000E+00  0.0000E+00  0.0000E+00  1.5000E+00
6.2783E+00  1.0745E+04  1.5890E+05  1.0000E+00  0.0000E+00  0.0000E+00  1.5000E+00
6.5313E+00  1.0814E+04  1.6820E+05  1.0000E+00  0.0000E+00  0.0000E+00  1.5000E+00
6.8208E+00  1.0884E+04  1.7810E+05  1.0000E+00  0.0000E+00  0.0000E+00  1.5000E+00
7.1573E+00  1.0955E+04  1.8840E+05  1.0000E+00  0.0000E+00  0.0000E+00  1.5000E+00
7.5406E+00  1.1027E+04  1.9940E+05  1.0000E+00  0.0000E+00  0.0000E+00  1.5000E+00
7.9825E+00  1.1104E+04  2.1180E+05  1.0000E+00  0.0000E+00  0.0000E+00  1.5000E+00
