9.0440E-03  3.5100E+03  2.3610E+02  1.0000E+00  0.0000E+00  0.0000E+00  1.5000E+00
1.0458E-02  3.5596E+03  2.6940E+02  1.0000E+00  0.0000E+00  0.0000E+00  1.5000E+00
1.2032E-02  3.6178E+03  3.0540E+02  1.0000E+00  0.0000E+00  0.0000E+00  1.5000E+00
1.3773E-02  3.6791E+03  3.4500E+02  1.0000E+00  0.0000E+00  0.0000E+00  1.5000E+00
1.5719E-02  3.7365E+03  3.8830E+02  1.0000E+00  0.0000E+00  0.0000E+00  1.5000E+00
1.7907E-02  3.7838E+03  4.3580E+02  1.0000E+00  0.0000E+00  0.0000E+00  1.5000E+00
2.0385E-02  3.8200E+03  4.8890E+02  1.0000E+00  0.0000E+00  0.0000E+00  1.5000E+00
2.3202E-02  3.8495E+03  5.4780E+02  1.0000E+00  0.0000E+00  0.0000E+00  1.5000E+00
2.6401E-02  3.8847E+03  6.1560E+02  1.0000E+00  0.0000E+00  0.0000E+00  1.5000E+00
3.0023E-02  3.9218E+03  6.9270E+02  1.0000E+00  0.0000E+00  0.0000E+00  1.5000E+00
3.4115E-02  3.9618E+03  7.8140E+02  1.0000E+00  0.0000E+00  0.0000E+00  1.5000E+00
3.8728E-02  4.0060E+03  8.8390E+02  1.0000E+00  0.0000E+00  0.0000E+00  1.5000E+00
4.3902E-02  4.0565E+03  1.0040E+03  1.0000E+00  0.0000E+00  0.0000E+00  1.5000E+00
4.9698E-02  4.1139E+03  1.1460E+03  1.0000E+00  0.0000E+00  0.0000E+00  1.5000E+00
5.6159E-02  4.1778E+03  1.3160E+03  1.0000E+00  0.0000E+00  0.0000E+00  1.5000E+00
6.3357E-02  4.2436E+03  1.5130E+03  1.0000E+00  0.0000E+00  0.0000E+00  1.5000E+00
7.1398E-02  4.3078E+03  1.7370E+03  1.0000E+00  0.0000E+00  0.0000E+00  1.5000E+00
8.0399E-02  4.3692E+03  1.9890E+03  1.0000E+00  0.0000E+00  0.0000E+00  1.5000E+00
9.0507E-02  4.4276E+03  2.2720E+03  1.0000E+00  0.0000E+00  0.0000E+00  1.5000E+00
1.0188E-01  4.4866E+03  2.5920E+03  1.0000E+00  0.0000E+00  0.0000E+00  1.5000E+00
1.1469E-01  4.5447E+03  2.9500E+03  1.0000E+00  0.0000E+00  0.0000E+00  1.5000E+00
1.2913E-01  4.6016E+03  3.3510E+03  1.0000E+00  0.0000E+00  0.0000E+00  1.5000E+00
1.4543E-01  4.6633E+03  3.8000E+03  1.0000E+00  0.0000E+00  0.0000E+00  1.5000E+00
1.6384E-01  4.7296E+03  4.3080E+03  1.0000E+00  0.0000E+00  0.0000E+00  1.5000E+00
1.8457E-01  4.7971E+03  4.8860E+03  1.0000E+00  0.0000E+00  0.0000E+00  1.5000E+00
2.0780E-01  4.8697E+03  5.5520E+03  1.0000E+00  0.0000E+00  0.0000E+00  1.5000E+00
2.3362E-01  4.9442E+03  6.3120E+03  1.0000E+00  0.0000E+00  0.0000E+00  1.5000E+00
2.6215E-01  5.0162E+03  7.1700E+03  1.0000E+00  0.0000E+00  0.0000E+00  1.5000E+00
2.9343E-01  5.0857E+03  8.1410E+03  1.0000E+00  0.0000E+00  0.0000E+00  1.5000E+00
3.2747E-01  5.1479E+03  9.2410E+03  1.0000E+00  0.0000E+00  0.0000E+00  1.5000E+00
3.6464E-01  5.2004E+03  1.0460E+04  1.0000E+00  0.0000E+00  0.0000E+00  1.5000E+00
4.0543E-01  5.2436E+03  1.1780E+04  1.0000E+00  0.0000E+00  0.0000E+00  1.5000E+00
4.5051E-01  5.2809E+03  1.3180E+04  1.0000E+00  0.0000E+00  0.0000E+00  1.5000E+00
5.0113E-01  5.2983E+03  1.4610E+04  1.0000E+00  0.0000E+00  0.0000E+00  1.5000E+00
5.5911E-01  5.2917E+03  1.6150E+04  1.0000E+00  0.0000E+00  0.0000E+00  1.5000E+00
6.2635E-01  5.2725E+03  1.7860E+04  1.0000E+00  0.0000E+00  0.0000E+00  1.5000E+00
7.0451E-01  5.2617E+03  1.9820E+04  1.0000E+00  0.0000E+00  0.0000E+00  1.5000E+00
7.9406E-01  5.2626E+03  2.2050E+04  1.0000E+00  0.0000E+00  0.0000E+00  1.5000E+00
8.9605E-01  5.2681E+03  2.4570E+04  1.0000E+00  0.0000E+00  0.0000E+00  1.5000E+00
1.0120E+00  5.2708E+03  2.7410E+04  1.0000E+00  0.0000E+00  0.0000E+00  1.5000E+00
1.1438E+00  5.2738E+03  3.0580E+04  1.0000E+00  0.0000E+00  0.0000E+00  1.5000E+00
1.2934E+00  5.2842E+03  3.4090E+04  1.0000E+00  0.0000E+00  0.0000E+00  1.5000E+00
1.4631E+00  5.2967E+03  3.7850E+04  1.0000E+00  0.0000E+00  0.0000E+00  1.5000E+00
1.6558E+00  5.3173E+03  4.2010E+04  1.0000E+00  0.0000E+00  0.0000E+00  1.5000E+00
1.8722E+00  5.3677E+03  4.6830E+04  1.0000E+00  0.0000E+00  0.0000E+00  1.5000E+00
2.1103E+00  5.4461E+03  5.2370E+04  1.0000E+00  0.0000E+00  0.0000E+00  1.5000E+00
2.3681E+00  5.5374E+03  5.8560E+04  1.0000E+00  0.0000E+00  0.0000E+00  1.5000E+00
2.6435E+00  5.6152E+03  6.5400E+04  1.0000E+00  0.0000E+00  0.0000E+00  1.5000E+00
2.9381E+00  5.6953E+03  7.3570E+04  1.0000E+00  0.0000E+00  0.0000E+00  1.5000E+00
3.2526E+00  5.7523E+03  8.2930E+04  1.0000E+00  0.0000E+00  0.0000E+00  1.5000E+00
3.5953E+00  5.7970E+03  9.2710E+04  1.0000E+00  0.0000E+00  0.0000E+00  1.5000E+00
3.9719E+00  5.8347E+03  1.0340E+05  1.0000E+00  0.0000E+00  0.0000E+00  1.5000E+00
4.4050E+00  5.8163E+03  1.1470E+05  1.0000E+00  0.0000E+00  0.0000E+00  1.5000E+00
4.8927E+00  5.9262E+03  1.2170E+05  1.0000E+00  0.0000E+00  0.0000E+00  1.5000E+00
5.3684E+00  6.1811E+03  1.2520E+05  1.0000E+00  0.0000E+00  0.0000E+00  1.5000E+00
5.8016E+00  6.3568E+03  1.2670E+05  1.0000E+00  0.0000E+00  0.0000E+00  1.5000E+00
6.2222E+00  6.5465E+03  1.3120E+05  1.0000E+00  0.0000E+00  0.0000E+00  1.5000E+00
6.6091E+00  6.7609E+03  1.3790E+05  1.0000E+00  0.0000E+00  0.0000E+00  1.5000E+00
6.9489E+00  7.0245E+03  1.4500E+05  1.0000E+00  0.0000E+00  0.0000E+00  1.5000E+00
7.2585E+00  7.1982E+03  1.5480E+05  1.0000E+00  0.0000E+00  0.0000E+00  1.5000E+00
7.5171E+00  7.5310E+03  1.6380E+05  1.0000E+00  0.0000E+00  0.0000E+00  1.5000E+00
7.6915E+00  7.9793E+03  1.6940E+05  1.0000E+00  0.0000E+00  0.0000E+00  1.5000E+00
7.8014E+00  8.5037E+03  1.7230E+05  1.0000E+00  0.0000E+00  0.0000E+00  1.5000E+00
7.9128E+00  9.0282E+03  1.7520E+05  1.0000E+00  0.0000E+00  0.0000E+00  1.5000E+00
7.9986E+00  9.3678E+03  1.7640E+05  1.0000E+00  0.0000E+00  0.0000E+00  1.5000E+00
8.0728E+00  9.6230E+03  1.7680E+05  1.0000E+00  0.0000E+00  0.0000E+00  1.5000E+00
8.1476E+00  9.8782E+03  1.7720E+05  1.0000E+00  0.0000E+00  0.0000E+00  1.5000E+00
8.2232E+00  1.0133E+04  1.7760E+05  1.0000E+00  0.0000E+00  0.0000E+00  1.5000E+00
8.3139E+00  1.0201E+04  1.7860E+05  1.0000E+00  0.0000E+00  0.0000E+00  1.5000E+00
8.4059E+00  1.0265E+04  1.7960E+05  1.0000E+00  0.0000E+00  0.0000E+00  1.5000E+00
8.5058E+00  1.0320E+04  1.8080E+05  1.0000E+00  0.0000E+00  0.0000E+00  1.5000E+00
8.6427E+00  1.0325E+04  1.8290E+05  1.0000E+00  0.0000E+00  0.0000E+00  1.5000E+00
8.7951E+00  1.0333E+04  1.8540E+05  1.0000E+00  0.0000E+00  0.0000E+00  1.5000E+00
8.9863E+00  1.0347E+04  1.8890E+05  1.0000E+00  0.0000E+00  0.0000E+00  1.5000E+00
9.2218E+00  1.0373E+04  1.9390E+05  1.0000E+00  0.0000E+00  0.0000E+00  1.5000E+00
9.5005E+00  1.0407E+04  2.0080E+05  1.0000E+00  0.0000E+00  0.0000E+00  1.5000E+00
9.8288E+00  1.0452E+04  2.1010E+05  1.0000E+00  0.0000E+00  0.0000E+00  1.5000E+00
1.0214E+01  1.0515E+04  2.2180E+05  1.0000E+00  0.0000E+00  0.0000E+00  1.5000E+00
1.0655E+01  1.0590E+04  2.3340E+05  1.0000E+00  0.0000E+00  0.0000E+00  1.5000E+00
1.1158E+01  1.0661E+04  2.4700E+05  1.0000E+00  0.0000E+00  0.0000E+00  1.5000E+00
1.1760E+01  1.0624E+04  2.6170E+05  1.0000E+00  0.0000E+00  0.0000E+00  1.5000E+00
