8.5959E-03  4.3912E+03  3.0060E+02  1.0000E+00  0.0000E+00  0.0000E+00  1.5000E+00
9.7616E-03  4.4128E+03  3.4520E+02  1.0000E+00  0.0000E+00  0.0000E+00  1.5000E+00
1.1081E-02  4.4259E+03  3.9340E+02  1.0000E+00  0.0000E+00  0.0000E+00  1.5000E+00
1.2575E-02  4.4325E+03  4.4500E+02  1.0000E+00  0.0000E+00  0.0000E+00  1.5000E+00
1.4268E-02  4.4270E+03  4.9940E+02  1.0000E+00  0.0000E+00  0.0000E+00  1.5000E+00
1.6188E-02  4.4095E+03  5.5630E+02  1.0000E+00  0.0000E+00  0.0000E+00  1.5000E+00
1.8366E-02  4.3865E+03  6.1650E+02  1.0000E+00  0.0000E+00  0.0000E+00  1.5000E+00
2.0837E-02  4.3633E+03  6.8200E+02  1.0000E+00  0.0000E+00  0.0000E+00  1.5000E+00
2.3644E-02  4.3406E+03  7.5430E+02  1.0000E+00  0.0000E+00  0.0000E+00  1.5000E+00
2.6830E-02  4.3183E+03  8.3560E+02  1.0000E+00  0.0000E+00  0.0000E+00  1.5000E+00
3.0446E-02  4.2951E+03  9.2640E+02  1.0000E+00  0.0000E+00  0.0000E+00  1.5000E+00
3.4551E-02  4.2750E+03  1.0300E+03  1.0000E+00  0.0000E+00  0.0000E+00  1.5000E+00
3.9211E-02  4.2583E+03  1.1480E+03  1.0000E+00  0.0000E+00  0.0000E+00  1.5000E+00
4.4495E-02  4.2484E+03  1.2850E+03  1.0000E+00  0.0000E+00  0.0000E+00  1.5000E+00
5.0478E-02  4.2426E+03  1.4440E+03  1.0000E+00  0.0000E+00  0.0000E+00  1.5000E+00
5.7241E-02  4.2432E+03  1.6280E+03  1.0000E+00  0.0000E+00  0.0000E+00  1.5000E+00
6.4867E-02  4.2519E+03  1.8430E+03  1.0000E+00  0.0000E+00  0.0000E+00  1.5000E+00
7.3438E-02  4.2693E+03  2.0940E+03  1.0000E+00  0.0000E+00  0.0000E+00  1.5000E+00
8.3038E-02  4.2938E+03  2.3860E+03  1.0000E+00  0.0000E+00  0.0000E+00  1.5000E+00
9.3789E-02  4.3176E+03  2.7120E+03  1.0000E+00  0.0000E+00  0.0000E+00  1.5000E+00
1.0587E-01  4.3348E+03  3.0650E+03  1.0000E+00  0.0000E+00  0.0000E+00  1.5000E+00
1.1951E-01  4.3447E+03  3.4430E+03  1.0000E+00  0.0000E+00  0.0000E+00  1.5000E+00
1.3495E-01  4.3524E+03  3.8540E+03  1.0000E+00  0.0000E+00  0.0000E+00  1.5000E+00
1.5246E-01  4.3647E+03  4.3130E+03  1.0000E+00  0.0000E+00  0.0000E+00  1.5000E+00
1.7229E-01  4.3868E+03  4.8380E+03  1.0000E+00  0.0000E+00  0.0000E+00  1.5000E+00
1.9469E-01  4.4153E+03  5.4380E+03  1.0000E+00  0.0000E+00  0.0000E+00  1.5000E+00
2.1997E-01  4.4464E+03  6.1210E+03  1.0000E+00  0.0000E+00  0.0000E+00  1.5000E+00
2.4845E-01  4.4778E+03  6.8920E+03  1.0000E+00  0.0000E+00  0.0000E+00  1.5000E+00
2.8053E-01  4.5105E+03  7.7610E+03  1.0000E+00  0.0000E+00  0.0000E+00  1.5000E+00
3.1669E-01  4.5437E+03  8.7300E+03  1.0000E+00  0.0000E+00  0.0000E+00  1.5000E+00
3.5747E-01  4.5752E+03  9.8120E+03  1.0000E+00  0.0000E+00  0.0000E+00  1.5000E+00
4.0351E-01  4.6042E+03  1.1010E+04  1.0000E+00  0.0000E+00  0.0000E+00  1.5000E+00
4.5552E-01  4.6329E+03  1.2350E+04  1.0000E+00  0.0000E+00  0.0000E+00  1.5000E+00
5.1425E-01  4.6556E+03  1.3860E+04  1.0000E+00  0.0000E+00  0.0000E+00  1.5000E+00
5.8049E-01  4.6786E+03  1.5590E+04  1.0000E+00  0.0000E+00  0.0000E+00  1.5000E+00
6.5500E-01  4.7194E+03  1.7590E+04  1.0000E+00  0.0000E+00  0.0000E+00  1.5000E+00
7.3867E-01  4.7704E+03  1.9900E+04  1.0000E+00  0.0000E+00  0.0000E+00  1.5000E+00
8.3256E-01  4.8198E+03  2.2480E+04  1.0000E+00  0.0000E+00  0.0000E+00  1.5000E+00
9.3780E-01  4.8726E+03  2.5440E+04  1.0000E+00  0.0000E+00  0.0000E+00  1.5000E+00
1.0558E+00  4.9282E+03  2.8780E+04  1.0000E+00  0.0000E+00  0.0000E+00  1.5000E+00
1.1881E+00  4.9824E+03  3.2480E+04  1.0000E+00  0.0000E+00  0.0000E+00  1.5000E+00
1.3363E+00  5.0387E+03  3.6660E+04  1.0000E+00  0.0000E+00  0.0000E+00  1.5000E+00
1.5025E+00  5.0939E+03  4.1310E+04  1.0000E+00  0.0000E+00  0.0000E+00  1.5000E+00
1.6887E+00  5.1446E+03  4.6470E+04  1.0000E+00  0.0000E+00  0.0000E+00  1.5000E+00
1.8970E+00  5.2006E+03  5.2220E+04  1.0000E+00  0.0000E+00  0.0000E+00  1.5000E+00
2.1304E+00  5.2603E+03  5.8340E+04  1.0000E+00  0.0000E+00  0.0000E+00  1.5000E+00
2.3928E+00  5.3143E+03  6.4420E+04  1.0000E+00  0.0000E+00  0.0000E+00  1.5000E+00
2.6898E+00  5.3696E+03  7.0480E+04  1.0000E+00  0.0000E+00  0.0000E+00  1.5000E+00
3.0234E+00  5.4589E+03  7.6700E+04  1.0000E+00  0.0000E+00  0.0000E+00  1.5000E+00
3.3978E+00  5.5265E+03  8.2700E+04  1.0000E+00  0.0000E+00  0.0000E+00  1.5000E+00
3.8186E+00  5.5998E+03  8.8970E+04  1.0000E+00  0.0000E+00  0.0000E+00  1.5000E+00
4.2781E+00  5.7050E+03  9.7250E+04  1.0000E+00  0.0000E+00  0.0000E+00  1.5000E+00
4.7500E+00  5.8520E+03  1.0780E+05  1.0000E+00  0.0000E+00  0.0000E+00  1.5000E+00
5.2186E+00  5.9954E+03  1.1960E+05  1.0000E+00  0.0000E+00  0.0000E+00  1.5000E+00
5.6842E+00  6.1139E+03  1.3070E+05  1.0000E+00  0.0000E+00  0.0000E+00  1.5000E+00
6.1506E+00  6.2546E+03  1.4200E+05  1.0000E+00  0.0000E+00  0.0000E+00  1.5000E+00
6.6125E+00  6.3915E+03  1.5270E+05  1.0000E+00  0.0000E+00  0.0000E+00  1.5000E+00
7.0678E+00  6.5326E+03  1.6330E+05  1.0000E+00  0.0000E+00  0.0000E+00  1.5000E+00
7.5182E+00  6.6807E+03  1.7450E+05  1.0000E+00  0.0000E+00  0.0000E+00  1.5000E+00
7.9658E+00  6.8235E+03  1.8520E+05  1.0000E+00  0.0000E+00  0.0000E+00  1.5000E+00
8.4187E+00  6.9552E+03  1.9470E+05  1.0000E+00  0.0000E+00  0.0000E+00  1.5000E+00
8.8855E+00  7.0811E+03  2.0340E+05  1.0000E+00  0.0000E+00  0.0000E+00  1.5000E+00
9.3698E+00  7.2114E+03  2.1110E+05  1.0000E+00  0.0000E+00  0.0000E+00  1.5000E+00
9.8728E+00  7.3456E+03  2.1840E+05  1.0000E+00  0.0000E+00  0.0000E+00  1.5000E+00
1.0400E+01  7.4688E+03  2.2470E+05  1.0000E+00  0.0000E+00  0.0000E+00  1.5000E+00
1.0963E+01  7.5813E+03  2.3020E+05  1.0000E+00  0.0000E+00  0.0000E+00  1.5000E+00
1.1564E+01  7.7158E+03  2.3620E+05  1.0000E+00  0.0000E+00  0.0000E+00  1.5000E+00
1.2174E+01  7.9141E+03  2.4220E+05  1.0000E+00  0.0000E+00  0.0000E+00  1.5000E+00
1.2780E+01  8.1116E+03  2.4580E+05  1.0000E+00  0.0000E+00  0.0000E+00  1.5000E+00
1.3389E+01  8.2926E+03  2.5050E+05  1.0000E+00  0.0000E+00  0.0000E+00  1.5000E+00
1.4017E+01  8.4478E+03  2.5720E+05  1.0000E+00  0.0000E+00  0.0000E+00  1.5000E+00
1.4680E+01  8.5844E+03  2.6720E+05  1.0000E+00  0.0000E+00  0.0000E+00  1.5000E+00
1.5400E+01  8.6613E+03  2.8950E+05  1.0000E+00  0.0000E+00  0.0000E+00  1.5000E+00
1.6184E+01  8.7617E+03  3.2230E+05  1.0000E+00  0.0000E+00  0.0000E+00  1.5000E+00
1.7052E+01  8.8038E+03  3.5410E+05  1.0000E+00  0.0000E+00  0.0000E+00  1.5000E+00
1.8051E+01  8.8817E+03  3.7160E+05  1.0000E+00  0.0000E+00  0.0000E+00  1.5000E+00
1.9123E+01  9.0584E+03  3.6700E+05  1.0000E+00  0.0000E+00  0.0000E+00  1.5000E+00
2.0320E+01  9.1162E+03  3.6490E+05  1.0000E+00  0.0000E+00  0.0000E+00  1.5000E+00
2.1608E+01  9.3851E+03  3.6890E+05  1.0000E+00  0.0000E+00  0.0000E+00  1.5000E+00
2.3061E+01  9.0516E+03  4.1430E+05  1.0000E+00  0.0000E+00  0.0000E+00  1.5000E+00
2.4180E+01  1.0228E+04  5.0950E+05  1.0000E+00  0.0000E+00  0.0000E+00  1.5000E+00
