8.3093E-03  4.2426E+03  2.4150E+02  1.0000E+00  0.0000E+00  0.0000E+00  1.5000E+00
9.6056E-03  4.2742E+03  2.7420E+02  1.0000E+00  0.0000E+00  0.0000E+00  1.5000E+00
1.1094E-02  4.3121E+03  3.1300E+02  1.0000E+00  0.0000E+00  0.0000E+00  1.5000E+00
1.2792E-02  4.3583E+03  3.5960E+02  1.0000E+00  0.0000E+00  0.0000E+00  1.5000E+00
1.4725E-02  4.4037E+03  4.1530E+02  1.0000E+00  0.0000E+00  0.0000E+00  1.5000E+00
1.6905E-02  4.4449E+03  4.8080E+02  1.0000E+00  0.0000E+00  0.0000E+00  1.5000E+00
1.9354E-02  4.4905E+03  5.5710E+02  1.0000E+00  0.0000E+00  0.0000E+00  1.5000E+00
2.2103E-02  4.5307E+03  6.4370E+02  1.0000E+00  0.0000E+00  0.0000E+00  1.5000E+00
2.5182E-02  4.5664E+03  7.3860E+02  1.0000E+00  0.0000E+00  0.0000E+00  1.5000E+00
2.8639E-02  4.5956E+03  8.4080E+02  1.0000E+00  0.0000E+00  0.0000E+00  1.5000E+00
3.2537E-02  4.6196E+03  9.5100E+02  1.0000E+00  0.0000E+00  0.0000E+00  1.5000E+00
3.6937E-02  4.6326E+03  1.0700E+03  1.0000E+00  0.0000E+00  0.0000E+00  1.5000E+00
4.1897E-02  4.6452E+03  1.2080E+03  1.0000E+00  0.0000E+00  0.0000E+00  1.5000E+00
4.7476E-02  4.6666E+03  1.3670E+03  1.0000E+00  0.0000E+00  0.0000E+00  1.5000E+00
5.3750E-02  4.6964E+03  1.5470E+03  1.0000E+00  0.0000E+00  0.0000E+00  1.5000E+00
6.0793E-02  4.7279E+03  1.7500E+03  1.0000E+00  0.0000E+00  0.0000E+00  1.5000E+00
6.8688E-02  4.7618E+03  1.9810E+03  1.0000E+00  0.0000E+00  0.0000E+00  1.5000E+00
7.7532E-02  4.7999E+03  2.2410E+03  1.0000E+00  0.0000E+00  0.0000E+00  1.5000E+00
8.7438E-02  4.8363E+03  2.5240E+03  1.0000E+00  0.0000E+00  0.0000E+00  1.5000E+00
9.8530E-02  4.8750E+03  2.8360E+03  1.0000E+00  0.0000E+00  0.0000E+00  1.5000E+00
1.1094E-01  4.9146E+03  3.1870E+03  1.0000E+00  0.0000E+00  0.0000E+00  1.5000E+00
1.2478E-01  4.9598E+03  3.5890E+03  1.0000E+00  0.0000E+00  0.0000E+00  1.5000E+00
1.4009E-01  5.0095E+03  4.0420E+03  1.0000E+00  0.0000E+00  0.0000E+00  1.5000E+00
1.5692E-01  5.0627E+03  4.5580E+03  1.0000E+00  0.0000E+00  0.0000E+00  1.5000E+00
1.7543E-01  5.1065E+03  5.1340E+03  1.0000E+00  0.0000E+00  0.0000E+00  1.5000E+00
1.9585E-01  5.1451E+03  5.7790E+03  1.0000E+00  0.0000E+00  0.0000E+00  1.5000E+00
2.1842E-01  5.1813E+03  6.4870E+03  1.0000E+00  0.0000E+00  0.0000E+00  1.5000E+00
2.4339E-01  5.2166E+03  7.2690E+03  1.0000E+00  0.0000E+00  0.0000E+00  1.5000E+00
2.7121E-01  5.2420E+03  8.1310E+03  1.0000E+00  0.0000E+00  0.0000E+00  1.5000E+00
3.0249E-01  5.2552E+03  9.1010E+03  1.0000E+00  0.0000E+00  0.0000E+00  1.5000E+00
3.3788E-01  5.2655E+03  1.0210E+04  1.0000E+00  0.0000E+00  0.0000E+00  1.5000E+00
3.7790E-01  5.2793E+03  1.1450E+04  1.0000E+00  0.0000E+00  0.0000E+00  1.5000E+00
4.2284E-01  5.3010E+03  1.2860E+04  1.0000E+00  0.0000E+00  0.0000E+00  1.5000E+00
4.7317E-01  5.3221E+03  1.4420E+04  1.0000E+00  0.0000E+00  0.0000E+00  1.5000E+00
5.2955E-01  5.3463E+03  1.6170E+04  1.0000E+00  0.0000E+00  0.0000E+00  1.5000E+00
5.9248E-01  5.3763E+03  1.8090E+04  1.0000E+00  0.0000E+00  0.0000E+00  1.5000E+00
6.6249E-01  5.4092E+03  2.0210E+04  1.0000E+00  0.0000E+00  0.0000E+00  1.5000E+00
7.4056E-01  5.4397E+03  2.2570E+04  1.0000E+00  0.0000E+00  0.0000E+00  1.5000E+00
8.2734E-01  5.4760E+03  2.5190E+04  1.0000E+00  0.0000E+00  0.0000E+00  1.5000E+00
9.2361E-01  5.5109E+03  2.8050E+04  1.0000E+00  0.0000E+00  0.0000E+00  1.5000E+00
1.0311E+00  5.5391E+03  3.1210E+04  1.0000E+00  0.0000E+00  0.0000E+00  1.5000E+00
1.1518E+00  5.5620E+03  3.4710E+04  1.0000E+00  0.0000E+00  0.0000E+00  1.5000E+00
1.2876E+00  5.5897E+03  3.8550E+04  1.0000E+00  0.0000E+00  0.0000E+00  1.5000E+00
1.4394E+00  5.6255E+03  4.2680E+04  1.0000E+00  0.0000E+00  0.0000E+00  1.5000E+00
1.6097E+00  5.6513E+03  4.6970E+04  1.0000E+00  0.0000E+00  0.0000E+00  1.5000E+00
1.8042E+00  5.6672E+03  5.1510E+04  1.0000E+00  0.0000E+00  0.0000E+00  1.5000E+00
2.0274E+00  5.6784E+03  5.6460E+04  1.0000E+00  0.0000E+00  0.0000E+00  1.5000E+00
2.2857E+00  5.6884E+03  6.1720E+04  1.0000E+00  0.0000E+00  0.0000E+00  1.5000E+00
2.5778E+00  5.7424E+03  6.7360E+04  1.0000E+00  0.0000E+00  0.0000E+00  1.5000E+00
2.8960E+00  5.8090E+03  7.3030E+04  1.0000E+00  0.0000E+00  0.0000E+00  1.5000E+00
3.2516E+00  5.8388E+03  7.9180E+04  1.0000E+00  0.0000E+00  0.0000E+00  1.5000E+00
3.6558E+00  5.8686E+03  8.7270E+04  1.0000E+00  0.0000E+00  0.0000E+00  1.5000E+00
4.0917E+00  5.9618E+03  9.8400E+04  1.0000E+00  0.0000E+00  0.0000E+00  1.5000E+00
4.5301E+00  6.0661E+03  1.1080E+05  1.0000E+00  0.0000E+00  0.0000E+00  1.5000E+00
4.9800E+00  6.1714E+03  1.2140E+05  1.0000E+00  0.0000E+00  0.0000E+00  1.5000E+00
5.4524E+00  6.2498E+03  1.2970E+05  1.0000E+00  0.0000E+00  0.0000E+00  1.5000E+00
5.9647E+00  6.3203E+03  1.3830E+05  1.0000E+00  0.0000E+00  0.0000E+00  1.5000E+00
6.5201E+00  6.4085E+03  1.4580E+05  1.0000E+00  0.0000E+00  0.0000E+00  1.5000E+00
7.0919E+00  6.5575E+03  1.5310E+05  1.0000E+00  0.0000E+00  0.0000E+00  1.5000E+00
7.6153E+00  6.8303E+03  1.5960E+05  1.0000E+00  0.0000E+00  0.0000E+00  1.5000E+00
8.0664E+00  7.0882E+03  1.6330E+05  1.0000E+00  0.0000E+00  0.0000E+00  1.5000E+00
8.4658E+00  7.3208E+03  1.7250E+05  1.0000E+00  0.0000E+00  0.0000E+00  1.5000E+00
8.8355E+00  7.5455E+03  1.8060E+05  1.0000E+00  0.0000E+00  0.0000E+00  1.5000E+00
9.1795E+00  7.7845E+03  1.8950E+05  1.0000E+00  0.0000E+00  0.0000E+00  1.5000E+00
9.5105E+00  7.9653E+03  1.9610E+05  1.0000E+00  0.0000E+00  0.0000E+00  1.5000E+00
9.7885E+00  8.3375E+03  2.0610E+05  1.0000E+00  0.0000E+00  0.0000E+00  1.5000E+00
1.0009E+01  8.7683E+03  2.1340E+05  1.0000E+00  0.0000E+00  0.0000E+00  1.5000E+00
1.0175E+01  9.2377E+03  2.1740E+05  1.0000E+00  0.0000E+00  0.0000E+00  1.5000E+00
1.0330E+01  9.6508E+03  2.2100E+05  1.0000E+00  0.0000E+00  0.0000E+00  1.5000E+00
1.0451E+01  9.9375E+03  2.2340E+05  1.0000E+00  0.0000E+00  0.0000E+00  1.5000E+00
1.0574E+01  1.0224E+04  2.2580E+05  1.0000E+00  0.0000E+00  0.0000E+00  1.5000E+00
1.0708E+01  1.0375E+04  2.2700E+05  1.0000E+00  0.0000E+00  0.0000E+00  1.5000E+00
1.0852E+01  1.0413E+04  2.2710E+05  1.0000E+00  0.0000E+00  0.0000E+00  1.5000E+00
1.1018E+01  1.0423E+04  2.2840E+05  1.0000E+00  0.0000E+00  0.0000E+00  1.5000E+00
1.1231E+01  1.0374E+04  2.3220E+05  1.0000E+00  0.0000E+00  0.0000E+00  1.5000E+00
1.1506E+01  1.0353E+04  2.3710E+05  1.0000E+00  0.0000E+00  0.0000E+00  1.5000E+00
1.1839E+01  1.0397E+04  2.4240E+05  1.0000E+00  0.0000E+00  0.0000E+00  1.5000E+00
1.2224E+01  1.0486E+04  2.4860E+05  1.0000E+00  0.0000E+00  0.0000E+00  1.5000E+00
1.2646E+01  1.0653E+04  2.5950E+05  1.0000E+00  0.0000E+00  0.0000E+00  1.5000E+00
1.3066E+01  1.0941E+04  2.7050E+05  1.0000E+00  0.0000E+00  0.0000E+00  1.5000E+00
1.3466E+01  1.1241E+04  2.8160E+05  1.0000E+00  0.0000E+00  0.0000E+00  1.5000E+00
