8.2638E-03  3.8754E+03  2.0910E+02  1.0000E+00  0.0000E+00  0.0000E+00  1.5000E+00
9.5700E-03  3.9085E+03  2.3860E+02  1.0000E+00  0.0000E+00  0.0000E+00  1.5000E+00
1.1059E-02  3.9515E+03  2.7410E+02  1.0000E+00  0.0000E+00  0.0000E+00  1.5000E+00
1.2744E-02  4.0082E+03  3.1630E+02  1.0000E+00  0.0000E+00  0.0000E+00  1.5000E+00
1.4651E-02  4.0700E+03  3.6580E+02  1.0000E+00  0.0000E+00  0.0000E+00  1.5000E+00
1.6808E-02  4.1520E+03  4.2580E+02  1.0000E+00  0.0000E+00  0.0000E+00  1.5000E+00
1.9233E-02  4.2998E+03  5.1920E+02  1.0000E+00  0.0000E+00  0.0000E+00  1.5000E+00
2.1911E-02  4.5227E+03  6.7270E+02  1.0000E+00  0.0000E+00  0.0000E+00  1.5000E+00
2.4792E-02  4.6301E+03  8.3580E+02  1.0000E+00  0.0000E+00  0.0000E+00  1.5000E+00
2.7945E-02  4.5667E+03  9.4100E+02  1.0000E+00  0.0000E+00  0.0000E+00  1.5000E+00
3.1497E-02  4.4757E+03  1.0180E+03  1.0000E+00  0.0000E+00  0.0000E+00  1.5000E+00
3.5519E-02  4.4539E+03  1.1260E+03  1.0000E+00  0.0000E+00  0.0000E+00  1.5000E+00
4.0065E-02  4.4629E+03  1.2670E+03  1.0000E+00  0.0000E+00  0.0000E+00  1.5000E+00
4.5200E-02  4.4508E+03  1.4100E+03  1.0000E+00  0.0000E+00  0.0000E+00  1.5000E+00
5.1025E-02  4.4228E+03  1.5510E+03  1.0000E+00  0.0000E+00  0.0000E+00  1.5000E+00
5.7649E-02  4.4029E+03  1.7110E+03  1.0000E+00  0.0000E+00  0.0000E+00  1.5000E+00
6.5183E-02  4.3947E+03  1.8980E+03  1.0000E+00  0.0000E+00  0.0000E+00  1.5000E+00
7.3753E-02  4.3885E+03  2.1050E+03  1.0000E+00  0.0000E+00  0.0000E+00  1.5000E+00
8.3521E-02  4.3778E+03  2.3290E+03  1.0000E+00  0.0000E+00  0.0000E+00  1.5000E+00
9.4656E-02  4.3737E+03  2.5830E+03  1.0000E+00  0.0000E+00  0.0000E+00  1.5000E+00
1.0734E-01  4.3838E+03  2.8740E+03  1.0000E+00  0.0000E+00  0.0000E+00  1.5000E+00
1.2177E-01  4.4033E+03  3.2000E+03  1.0000E+00  0.0000E+00  0.0000E+00  1.5000E+00
1.3820E-01  4.4240E+03  3.5700E+03  1.0000E+00  0.0000E+00  0.0000E+00  1.5000E+00
1.5684E-01  4.4460E+03  3.9980E+03  1.0000E+00  0.0000E+00  0.0000E+00  1.5000E+00
1.7790E-01  4.4694E+03  4.5010E+03  1.0000E+00  0.0000E+00  0.0000E+00  1.5000E+00
2.0160E-01  4.5028E+03  5.1010E+03  1.0000E+00  0.0000E+00  0.0000E+00  1.5000E+00
2.2816E-01  4.5431E+03  5.8080E+03  1.0000E+00  0.0000E+00  0.0000E+00  1.5000E+00
2.5778E-01  4.5896E+03  6.6430E+03  1.0000E+00  0.0000E+00  0.0000E+00  1.5000E+00
2.9080E-01  4.6443E+03  7.6240E+03  1.0000E+00  0.0000E+00  0.0000E+00  1.5000E+00
3.2748E-01  4.7155E+03  8.7870E+03  1.0000E+00  0.0000E+00  0.0000E+00  1.5000E+00
3.6814E-01  4.8019E+03  1.0160E+04  1.0000E+00  0.0000E+00  0.0000E+00  1.5000E+00
4.1308E-01  4.9049E+03  1.1800E+04  1.0000E+00  0.0000E+00  0.0000E+00  1.5000E+00
4.6247E-01  5.0056E+03  1.3670E+04  1.0000E+00  0.0000E+00  0.0000E+00  1.5000E+00
5.1666E-01  5.0557E+03  1.5630E+04  1.0000E+00  0.0000E+00  0.0000E+00  1.5000E+00
5.7716E-01  5.0471E+03  1.7580E+04  1.0000E+00  0.0000E+00  0.0000E+00  1.5000E+00
6.4555E-01  5.0253E+03  1.9600E+04  1.0000E+00  0.0000E+00  0.0000E+00  1.5000E+00
7.2317E-01  5.0201E+03  2.1780E+04  1.0000E+00  0.0000E+00  0.0000E+00  1.5000E+00
8.1133E-01  5.0252E+03  2.4160E+04  1.0000E+00  0.0000E+00  0.0000E+00  1.5000E+00
9.1165E-01  5.0209E+03  2.6810E+04  1.0000E+00  0.0000E+00  0.0000E+00  1.5000E+00
1.0256E+00  4.9991E+03  2.9790E+04  1.0000E+00  0.0000E+00  0.0000E+00  1.5000E+00
1.1552E+00  4.9900E+03  3.3030E+04  1.0000E+00  0.0000E+00  0.0000E+00  1.5000E+00
1.3030E+00  5.0056E+03  3.6420E+04  1.0000E+00  0.0000E+00  0.0000E+00  1.5000E+00
1.4721E+00  5.0389E+03  4.0140E+04  1.0000E+00  0.0000E+00  0.0000E+00  1.5000E+00
1.6650E+00  5.0888E+03  4.4280E+04  1.0000E+00  0.0000E+00  0.0000E+00  1.5000E+00
1.8847E+00  5.1682E+03  4.8770E+04  1.0000E+00  0.0000E+00  0.0000E+00  1.5000E+00
2.1333E+00  5.2767E+03  5.3520E+04  1.0000E+00  0.0000E+00  0.0000E+00  1.5000E+00
2.4101E+00  5.4085E+03  5.8410E+04  1.0000E+00  0.0000E+00  0.0000E+00  1.5000E+00
2.7090E+00  5.5525E+03  6.3360E+04  1.0000E+00  0.0000E+00  0.0000E+00  1.5000E+00
3.0188E+00  5.7124E+03  6.8940E+04  1.0000E+00  0.0000E+00  0.0000E+00  1.5000E+00
3.3241E+00  5.8847E+03  7.4770E+04  1.0000E+00  0.0000E+00  0.0000E+00  1.5000E+00
3.6174E+00  6.0464E+03  7.9910E+04  1.0000E+00  0.0000E+00  0.0000E+00  1.5000E+00
3.9000E+00  6.2189E+03  8.4160E+04  1.0000E+00  0.0000E+00  0.0000E+00  1.5000E+00
4.1684E+00  6.4029E+03  8.7820E+04  1.0000E+00  0.0000E+00  0.0000E+00  1.5000E+00
4.4179E+00  6.5885E+03  9.1840E+04  1.0000E+00  0.0000E+00  0.0000E+00  1.5000E+00
4.6529E+00  6.7704E+03  9.5940E+04  1.0000E+00  0.0000E+00  0.0000E+00  1.5000E+00
4.8760E+00  6.9587E+03  1.0030E+05  1.0000E+00  0.0000E+00  0.0000E+00  1.5000E+00
5.0888E+00  7.1448E+03  1.0460E+05  1.0000E+00  0.0000E+00  0.0000E+00  1.5000E+00
5.2928E+00  7.3356E+03  1.0940E+05  1.0000E+00  0.0000E+00  0.0000E+00  1.5000E+00
5.4872E+00  7.5267E+03  1.1400E+05  1.0000E+00  0.0000E+00  0.0000E+00  1.5000E+00
5.6711E+00  7.7487E+03  1.1890E+05  1.0000E+00  0.0000E+00  0.0000E+00  1.5000E+00
5.8427E+00  7.9974E+03  1.2370E+05  1.0000E+00  0.0000E+00  0.0000E+00  1.5000E+00
6.0029E+00  8.2670E+03  1.2840E+05  1.0000E+00  0.0000E+00  0.0000E+00  1.5000E+00
6.1332E+00  8.5784E+03  1.3160E+05  1.0000E+00  0.0000E+00  0.0000E+00  1.5000E+00
6.2622E+00  8.8816E+03  1.3470E+05  1.0000E+00  0.0000E+00  0.0000E+00  1.5000E+00
6.3774E+00  9.0997E+03  1.3630E+05  1.0000E+00  0.0000E+00  0.0000E+00  1.5000E+00
6.4956E+00  9.3037E+03  1.3780E+05  1.0000E+00  0.0000E+00  0.0000E+00  1.5000E+00
6.6214E+00  9.4147E+03  1.3930E+05  1.0000E+00  0.0000E+00  0.0000E+00  1.5000E+00
6.7574E+00  9.5115E+03  1.4090E+05  1.0000E+00  0.0000E+00  0.0000E+00  1.5000E+00
6.9107E+00  9.5824E+03  1.4260E+05  1.0000E+00  0.0000E+00  0.0000E+00  1.5000E+00
7.0961E+00  9.6010E+03  1.4650E+05  1.0000E+00  0.0000E+00  0.0000E+00  1.5000E+00
7.3175E+00  9.6070E+03  1.5090E+05  1.0000E+00  0.0000E+00  0.0000E+00  1.5000E+00
7.5857E+00  9.6197E+03  1.5480E+05  1.0000E+00  0.0000E+00  0.0000E+00  1.5000E+00
7.9040E+00  9.6704E+03  1.6470E+05  1.0000E+00  0.0000E+00  0.0000E+00  1.5000E+00
8.2760E+00  9.7060E+03  1.8040E+05  1.0000E+00  0.0000E+00  0.0000E+00  1.5000E+00
8.6977E+00  9.7910E+03  1.9480E+05  1.0000E+00  0.0000E+00  0.0000E+00  1.5000E+00
9.1418E+00  9.9846E+03  2.0780E+05  1.0000E+00  0.0000E+00  0.0000E+00  1.5000E+00
9.6030E+00  1.0123E+04  2.1790E+05  1.0000E+00  0.0000E+00  0.0000E+00  1.5000E+00
1.0131E+01  1.0137E+04  2.2820E+05  1.0000E+00  0.0000E+00  0.0000E+00  1.5000E+00
1.0773E+01  1.0132E+04  2.4540E+05  1.0000E+00  0.0000E+00  0.0000E+00  1.5000E+00
1.1520E+01  1.0243E+04  2.7010E+05  1.0000E+00  0.0000E+00  0.0000E+00  1.5000E+00
1.2201E+01  1.0779E+04  2.9240E+05  1.0000E+00  0.0000E+00  0.0000E+00  1.5000E+00
