8.7485E-03  3.5739E+03  1.8760E+02  1.0000E+00  0.0000E+00  0.0000E+00  1.5000E+00
1.0338E-02  3.5175E+03  2.0660E+02  1.0000E+00  0.0000E+00  0.0000E+00  1.5000E+00
1.2289E-02  3.4681E+03  2.3240E+02  1.0000E+00  0.0000E+00  0.0000E+00  1.5000E+00
1.4634E-02  3.4482E+03  2.6720E+02  1.0000E+00  0.0000E+00  0.0000E+00  1.5000E+00
1.7353E-02  3.4578E+03  3.1060E+02  1.0000E+00  0.0000E+00  0.0000E+00  1.5000E+00
2.0417E-02  3.4857E+03  3.6220E+02  1.0000E+00  0.0000E+00  0.0000E+00  1.5000E+00
2.3802E-02  3.5268E+03  4.2360E+02  1.0000E+00  0.0000E+00  0.0000E+00  1.5000E+00
2.7440E-02  3.5979E+03  5.0110E+02  1.0000E+00  0.0000E+00  0.0000E+00  1.5000E+00
3.1177E-02  3.7184E+03  6.0690E+02  1.0000E+00  0.0000E+00  0.0000E+00  1.5000E+00
3.4933E-02  3.8423E+03  7.3420E+02  1.0000E+00  0.0000E+00  0.0000E+00  1.5000E+00
3.8912E-02  3.9023E+03  8.5540E+02  1.0000E+00  0.0000E+00  0.0000E+00  1.5000E+00
4.3379E-02  3.8942E+03  9.6000E+02  1.0000E+00  0.0000E+00  0.0000E+00  1.5000E+00
4.8607E-02  3.8657E+03  1.0620E+03  1.0000E+00  0.0000E+00  0.0000E+00  1.5000E+00
5.4652E-02  3.8716E+03  1.1910E+03  1.0000E+00  0.0000E+00  0.0000E+00  1.5000E+00
6.1515E-02  3.8905E+03  1.3450E+03  1.0000E+00  0.0000E+00  0.0000E+00  1.5000E+00
6.9272E-02  3.9068E+03  1.5240E+03  1.0000E+00  0.0000E+00  0.0000E+00  1.5000E+00
7.7963E-02  3.9400E+03  1.7360E+03  1.0000E+00  0.0000E+00  0.0000E+00  1.5000E+00
8.7596E-02  3.9856E+03  1.9830E+03  1.0000E+00  0.0000E+00  0.0000E+00  1.5000E+00
9.8230E-02  4.0235E+03  2.2660E+03  1.0000E+00  0.0000E+00  0.0000E+00  1.5000E+00
1.1001E-01  4.0642E+03  2.5920E+03  1.0000E+00  0.0000E+00  0.0000E+00  1.5000E+00
1.2309E-01  4.0954E+03  2.9530E+03  1.0000E+00  0.0000E+00  0.0000E+00  1.5000E+00
1.3772E-01  4.1114E+03  3.3510E+03  1.0000E+00  0.0000E+00  0.0000E+00  1.5000E+00
1.5429E-01  4.1308E+03  3.7430E+03  1.0000E+00  0.0000E+00  0.0000E+00  1.5000E+00
1.7303E-01  4.1683E+03  4.1710E+03  1.0000E+00  0.0000E+00  0.0000E+00  1.5000E+00
1.9411E-01  4.2397E+03  4.6430E+03  1.0000E+00  0.0000E+00  0.0000E+00  1.5000E+00
2.1756E-01  4.3958E+03  5.2150E+03  1.0000E+00  0.0000E+00  0.0000E+00  1.5000E+00
2.4364E-01  4.6113E+03  5.9940E+03  1.0000E+00  0.0000E+00  0.0000E+00  1.5000E+00
2.7280E-01  4.8249E+03  7.0380E+03  1.0000E+00  0.0000E+00  0.0000E+00  1.5000E+00
3.0464E-01  5.0109E+03  8.3130E+03  1.0000E+00  0.0000E+00  0.0000E+00  1.5000E+00
3.3892E-01  5.0673E+03  9.5410E+03  1.0000E+00  0.0000E+00  0.0000E+00  1.5000E+00
3.7745E-01  4.9887E+03  1.0690E+04  1.0000E+00  0.0000E+00  0.0000E+00  1.5000E+00
4.2146E-01  4.9244E+03  1.1890E+04  1.0000E+00  0.0000E+00  0.0000E+00  1.5000E+00
4.7128E-01  4.9191E+03  1.3310E+04  1.0000E+00  0.0000E+00  0.0000E+00  1.5000E+00
5.2764E-01  4.8940E+03  1.4810E+04  1.0000E+00  0.0000E+00  0.0000E+00  1.5000E+00
5.9105E-01  4.8868E+03  1.6670E+04  1.0000E+00  0.0000E+00  0.0000E+00  1.5000E+00
6.6236E-01  4.8934E+03  1.8680E+04  1.0000E+00  0.0000E+00  0.0000E+00  1.5000E+00
7.4295E-01  4.9000E+03  2.0810E+04  1.0000E+00  0.0000E+00  0.0000E+00  1.5000E+00
8.3450E-01  4.9069E+03  2.3100E+04  1.0000E+00  0.0000E+00  0.0000E+00  1.5000E+00
9.3865E-01  4.9179E+03  2.5570E+04  1.0000E+00  0.0000E+00  0.0000E+00  1.5000E+00
1.0573E+00  4.9362E+03  2.8320E+04  1.0000E+00  0.0000E+00  0.0000E+00  1.5000E+00
1.1925E+00  4.9655E+03  3.1380E+04  1.0000E+00  0.0000E+00  0.0000E+00  1.5000E+00
1.3462E+00  5.0087E+03  3.4820E+04  1.0000E+00  0.0000E+00  0.0000E+00  1.5000E+00
1.5208E+00  5.0707E+03  3.8750E+04  1.0000E+00  0.0000E+00  0.0000E+00  1.5000E+00
1.7180E+00  5.1464E+03  4.3140E+04  1.0000E+00  0.0000E+00  0.0000E+00  1.5000E+00
1.9395E+00  5.2327E+03  4.8040E+04  1.0000E+00  0.0000E+00  0.0000E+00  1.5000E+00
2.1860E+00  5.3297E+03  5.3500E+04  1.0000E+00  0.0000E+00  0.0000E+00  1.5000E+00
2.4573E+00  5.4302E+03  5.9240E+04  1.0000E+00  0.0000E+00  0.0000E+00  1.5000E+00
2.7525E+00  5.5325E+03  6.5220E+04  1.0000E+00  0.0000E+00  0.0000E+00  1.5000E+00
3.0638E+00  5.6639E+03  7.2230E+04  1.0000E+00  0.0000E+00  0.0000E+00  1.5000E+00
3.3834E+00  5.7873E+03  7.9540E+04  1.0000E+00  0.0000E+00  0.0000E+00  1.5000E+00
3.7060E+00  5.9474E+03  8.3400E+04  1.0000E+00  0.0000E+00  0.0000E+00  1.5000E+00
4.0192E+00  6.1482E+03  8.3480E+04  1.0000E+00  0.0000E+00  0.0000E+00  1.5000E+00
4.3182E+00  6.3361E+03  8.3550E+04  1.0000E+00  0.0000E+00  0.0000E+00  1.5000E+00
4.6074E+00  6.5001E+03  8.4250E+04  1.0000E+00  0.0000E+00  0.0000E+00  1.5000E+00
4.8968E+00  6.6418E+03  8.4680E+04  1.0000E+00  0.0000E+00  0.0000E+00  1.5000E+00
5.1854E+00  6.7885E+03  9.0570E+04  1.0000E+00  0.0000E+00  0.0000E+00  1.5000E+00
5.4591E+00  6.9772E+03  1.0090E+05  1.0000E+00  0.0000E+00  0.0000E+00  1.5000E+00
5.7044E+00  7.2013E+03  1.1090E+05  1.0000E+00  0.0000E+00  0.0000E+00  1.5000E+00
5.9276E+00  7.4155E+03  1.1770E+05  1.0000E+00  0.0000E+00  0.0000E+00  1.5000E+00
6.1355E+00  7.6393E+03  1.2260E+05  1.0000E+00  0.0000E+00  0.0000E+00  1.5000E+00
6.3266E+00  7.9011E+03  1.2630E+05  1.0000E+00  0.0000E+00  0.0000E+00  1.5000E+00
6.4999E+00  8.2109E+03  1.2910E+05  1.0000E+00  0.0000E+00  0.0000E+00  1.5000E+00
6.6442E+00  8.5099E+03  1.2980E+05  1.0000E+00  0.0000E+00  0.0000E+00  1.5000E+00
6.7849E+00  8.7829E+03  1.3030E+05  1.0000E+00  0.0000E+00  0.0000E+00  1.5000E+00
6.9172E+00  8.9929E+03  1.3050E+05  1.0000E+00  0.0000E+00  0.0000E+00  1.5000E+00
7.0558E+00  9.1423E+03  1.3220E+05  1.0000E+00  0.0000E+00  0.0000E+00  1.5000E+00
7.2007E+00  9.2477E+03  1.3490E+05  1.0000E+00  0.0000E+00  0.0000E+00  1.5000E+00
7.3679E+00  9.3240E+03  1.3970E+05  1.0000E+00  0.0000E+00  0.0000E+00  1.5000E+00
7.5600E+00  9.3622E+03  1.4370E+05  1.0000E+00  0.0000E+00  0.0000E+00  1.5000E+00
7.7774E+00  9.4545E+03  1.5010E+05  1.0000E+00  0.0000E+00  0.0000E+00  1.5000E+00
7.9988E+00  9.6998E+03  1.5890E+05  1.0000E+00  0.0000E+00  0.0000E+00  1.5000E+00
8.2022E+00  1.0035E+04  1.6640E+05  1.0000E+00  0.0000E+00  0.0000E+00  1.5000E+00
8.3866E+00  1.0360E+04  1.7140E+05  1.0000E+00  0.0000E+00  0.0000E+00  1.5000E+00
8.5730E+00  1.0470E+04  1.7310E+05  1.0000E+00  0.0000E+00  0.0000E+00  1.5000E+00
8.7959E+00  1.0412E+04  1.7510E+05  1.0000E+00  0.0000E+00  0.0000E+00  1.5000E+00
9.0972E+00  1.0217E+04  1.7730E+05  1.0000E+00  0.0000E+00  0.0000E+00  1.5000E+00
9.5046E+00  1.0287E+04  1.8390E+05  1.0000E+00  0.0000E+00  0.0000E+00  1.5000E+00
9.9492E+00  1.0422E+04  1.9330E+05  1.0000E+00  0.0000E+00  0.0000E+00  1.5000E+00
1.0448E+01  1.0481E+04  2.1010E+05  1.0000E+00  0.0000E+00  0.0000E+00  1.5000E+00
1.0993E+01  1.0670E+04  2.3300E+05  1.0000E+00  0.0000E+00  0.0000E+00  1.5000E+00
1.1521E+01  1.0933E+04  2.5650E+05  1.0000E+00  0.0000E+00  0.0000E+00  1.5000E+00
