7.8313E-03  4.1735E+03  2.3850E+02  1.0000E+00  0.0000E+00  0.0000E+00  1.5000E+00
9.0998E-03  4.1421E+03  2.6560E+02  1.0000E+00  0.0000E+00  0.0000E+00  1.5000E+00
1.0552E-02  4.2239E+03  3.0700E+02  1.0000E+00  0.0000E+00  0.0000E+00  1.5000E+00
1.2252E-02  4.3397E+03  3.4650E+02  1.0000E+00  0.0000E+00  0.0000E+00  1.5000E+00
1.4275E-02  4.5709E+03  3.9240E+02  1.0000E+00  0.0000E+00  0.0000E+00  1.5000E+00
1.6656E-02  4.6010E+03  3.9360E+02  1.0000E+00  0.0000E+00  0.0000E+00  1.5000E+00
1.9676E-02  4.0318E+03  3.4220E+02  1.0000E+00  0.0000E+00  0.0000E+00  1.5000E+00
2.3095E-02  3.8924E+03  4.0580E+02  1.0000E+00  0.0000E+00  0.0000E+00  1.5000E+00
2.6913E-02  3.8316E+03  4.8630E+02  1.0000E+00  0.0000E+00  0.0000E+00  1.5000E+00
3.1155E-02  3.8342E+03  5.8570E+02  1.0000E+00  0.0000E+00  0.0000E+00  1.5000E+00
3.5792E-02  3.8632E+03  6.9570E+02  1.0000E+00  0.0000E+00  0.0000E+00  1.5000E+00
4.0936E-02  3.8733E+03  8.0250E+02  1.0000E+00  0.0000E+00  0.0000E+00  1.5000E+00
4.6748E-02  3.8796E+03  9.1510E+02  1.0000E+00  0.0000E+00  0.0000E+00  1.5000E+00
5.3261E-02  3.9048E+03  1.0580E+03  1.0000E+00  0.0000E+00  0.0000E+00  1.5000E+00
6.0477E-02  3.9354E+03  1.2280E+03  1.0000E+00  0.0000E+00  0.0000E+00  1.5000E+00
6.8455E-02  3.9588E+03  1.4130E+03  1.0000E+00  0.0000E+00  0.0000E+00  1.5000E+00
7.7411E-02  3.9672E+03  1.6080E+03  1.0000E+00  0.0000E+00  0.0000E+00  1.5000E+00
8.7605E-02  3.9624E+03  1.8120E+03  1.0000E+00  0.0000E+00  0.0000E+00  1.5000E+00
9.9279E-02  3.9573E+03  2.0350E+03  1.0000E+00  0.0000E+00  0.0000E+00  1.5000E+00
1.1265E-01  3.9595E+03  2.2900E+03  1.0000E+00  0.0000E+00  0.0000E+00  1.5000E+00
1.2783E-01  3.9751E+03  2.5910E+03  1.0000E+00  0.0000E+00  0.0000E+00  1.5000E+00
1.4477E-01  4.0143E+03  2.9600E+03  1.0000E+00  0.0000E+00  0.0000E+00  1.5000E+00
1.6319E-01  4.0873E+03  3.4330E+03  1.0000E+00  0.0000E+00  0.0000E+00  1.5000E+00
1.8280E-01  4.1934E+03  4.0350E+03  1.0000E+00  0.0000E+00  0.0000E+00  1.5000E+00
2.0367E-01  4.3115E+03  4.7470E+03  1.0000E+00  0.0000E+00  0.0000E+00  1.5000E+00
2.2615E-01  4.4145E+03  5.5140E+03  1.0000E+00  0.0000E+00  0.0000E+00  1.5000E+00
2.5094E-01  4.4945E+03  6.3200E+03  1.0000E+00  0.0000E+00  0.0000E+00  1.5000E+00
2.7859E-01  4.5588E+03  7.1930E+03  1.0000E+00  0.0000E+00  0.0000E+00  1.5000E+00
3.0957E-01  4.6141E+03  8.1570E+03  1.0000E+00  0.0000E+00  0.0000E+00  1.5000E+00
3.4441E-01  4.6586E+03  9.2010E+03  1.0000E+00  0.0000E+00  0.0000E+00  1.5000E+00
3.8375E-01  4.6920E+03  1.0320E+04  1.0000E+00  0.0000E+00  0.0000E+00  1.5000E+00
4.2824E-01  4.7262E+03  1.1580E+04  1.0000E+00  0.0000E+00  0.0000E+00  1.5000E+00
4.7836E-01  4.7695E+03  1.3060E+04  1.0000E+00  0.0000E+00  0.0000E+00  1.5000E+00
5.3468E-01  4.8158E+03  1.4760E+04  1.0000E+00  0.0000E+00  0.0000E+00  1.5000E+00
5.9804E-01  4.8518E+03  1.6600E+04  1.0000E+00  0.0000E+00  0.0000E+00  1.5000E+00
6.6977E-01  4.8674E+03  1.8470E+04  1.0000E+00  0.0000E+00  0.0000E+00  1.5000E+00
7.5129E-01  4.8729E+03  2.0440E+04  1.0000E+00  0.0000E+00  0.0000E+00  1.5000E+00
8.4416E-01  4.8813E+03  2.2610E+04  1.0000E+00  0.0000E+00  0.0000E+00  1.5000E+00
9.5005E-01  4.9036E+03  2.5100E+04  1.0000E+00  0.0000E+00  0.0000E+00  1.5000E+00
1.0702E+00  4.9391E+03  2.8000E+04  1.0000E+00  0.0000E+00  0.0000E+00  1.5000E+00
1.2059E+00  4.9852E+03  3.1370E+04  1.0000E+00  0.0000E+00  0.0000E+00  1.5000E+00
1.3590E+00  5.0411E+03  3.5200E+04  1.0000E+00  0.0000E+00  0.0000E+00  1.5000E+00
1.5312E+00  5.1018E+03  3.9400E+04  1.0000E+00  0.0000E+00  0.0000E+00  1.5000E+00
1.7247E+00  5.1729E+03  4.4070E+04  1.0000E+00  0.0000E+00  0.0000E+00  1.5000E+00
1.9415E+00  5.2463E+03  4.9170E+04  1.0000E+00  0.0000E+00  0.0000E+00  1.5000E+00
2.1837E+00  5.3199E+03  5.4710E+04  1.0000E+00  0.0000E+00  0.0000E+00  1.5000E+00
2.4525E+00  5.4020E+03  6.0600E+04  1.0000E+00  0.0000E+00  0.0000E+00  1.5000E+00
2.7489E+00  5.4897E+03  6.6780E+04  1.0000E+00  0.0000E+00  0.0000E+00  1.5000E+00
3.0668E+00  5.6086E+03  7.3900E+04  1.0000E+00  0.0000E+00  0.0000E+00  1.5000E+00
3.3962E+00  5.7456E+03  8.2120E+04  1.0000E+00  0.0000E+00  0.0000E+00  1.5000E+00
3.7265E+00  5.8854E+03  9.1030E+04  1.0000E+00  0.0000E+00  0.0000E+00  1.5000E+00
4.0498E+00  6.0368E+03  1.0010E+05  1.0000E+00  0.0000E+00  0.0000E+00  1.5000E+00
4.3574E+00  6.2121E+03  1.0920E+05  1.0000E+00  0.0000E+00  0.0000E+00  1.5000E+00
4.6442E+00  6.3852E+03  1.1800E+05  1.0000E+00  0.0000E+00  0.0000E+00  1.5000E+00
4.9056E+00  6.6006E+03  1.2630E+05  1.0000E+00  0.0000E+00  0.0000E+00  1.5000E+00
5.1529E+00  6.7467E+03  1.3350E+05  1.0000E+00  0.0000E+00  0.0000E+00  1.5000E+00
5.3700E+00  7.0087E+03  1.3990E+05  1.0000E+00  0.0000E+00  0.0000E+00  1.5000E+00
5.5720E+00  7.2987E+03  1.4560E+05  1.0000E+00  0.0000E+00  0.0000E+00  1.5000E+00
5.7511E+00  7.4738E+03  1.4960E+05  1.0000E+00  0.0000E+00  0.0000E+00  1.5000E+00
5.8934E+00  7.7765E+03  1.5280E+05  1.0000E+00  0.0000E+00  0.0000E+00  1.5000E+00
5.9842E+00  8.2421E+03  1.5500E+05  1.0000E+00  0.0000E+00  0.0000E+00  1.5000E+00
6.0764E+00  8.7076E+03  1.5720E+05  1.0000E+00  0.0000E+00  0.0000E+00  1.5000E+00
6.1588E+00  9.1282E+03  1.5900E+05  1.0000E+00  0.0000E+00  0.0000E+00  1.5000E+00
6.2107E+00  9.4240E+03  1.6000E+05  1.0000E+00  0.0000E+00  0.0000E+00  1.5000E+00
6.2630E+00  9.7199E+03  1.6100E+05  1.0000E+00  0.0000E+00  0.0000E+00  1.5000E+00
6.3158E+00  1.0016E+04  1.6200E+05  1.0000E+00  0.0000E+00  0.0000E+00  1.5000E+00
6.3690E+00  1.0312E+04  1.6300E+05  1.0000E+00  0.0000E+00  0.0000E+00  1.5000E+00
6.4275E+00  1.0494E+04  1.6430E+05  1.0000E+00  0.0000E+00  0.0000E+00  1.5000E+00
6.4909E+00  1.0580E+04  1.6580E+05  1.0000E+00  0.0000E+00  0.0000E+00  1.5000E+00
6.5548E+00  1.0665E+04  1.6730E+05  1.0000E+00  0.0000E+00  0.0000E+00  1.5000E+00
6.6194E+00  1.0751E+04  1.6880E+05  1.0000E+00  0.0000E+00  0.0000E+00  1.5000E+00
6.7157E+00  1.0802E+04  1.7110E+05  1.0000E+00  0.0000E+00  0.0000E+00  1.5000E+00
6.8135E+00  1.0852E+04  1.7350E+05  1.0000E+00  0.0000E+00  0.0000E+00  1.5000E+00
6.9376E+00  1.0884E+04  1.7660E+05  1.0000E+00  0.0000E+00  0.0000E+00  1.5000E+00
7.0764E+00  1.0906E+04  1.8030E+05  1.0000E+00  0.0000E+00  0.0000E+00  1.5000E+00
7.2567E+00  1.0941E+04  1.8500E+05  1.0000E+00  0.0000E+00  0.0000E+00  1.5000E+00
7.4666E+00  1.0979E+04  1.9070E+05  1.0000E+00  0.0000E+00  0.0000E+00  1.5000E+00
7.7148E+00  1.1023E+04  1.9760E+05  1.0000E+00  0.0000E+00  0.0000E+00  1.5000E+00
8.0069E+00  1.1074E+04  2.0590E+05  1.0000E+00  0.0000E+00  0.0000E+00  1.5000E+00
8.3479E+00  1.1132E+04  2.1580E+05  1.0000E+00  0.0000E+00  0.0000E+00  1.5000E+00
8.7488E+00  1.1198E+04  2.2760E+05  1.0000E+00  0.0000E+00  0.0000E+00  1.5000E+00
