8.9351E-03  3.9795E+03  2.1150E+02  1.0000E+00  0.0000E+00  0.0000E+00  1.5000E+00
1.0233E-02  4.0408E+03  2.4760E+02  1.0000E+00  0.0000E+00  0.0000E+00  1.5000E+00
1.1701E-02  4.0905E+03  2.8910E+02  1.0000E+00  0.0000E+00  0.0000E+00  1.5000E+00
1.3355E-02  4.1276E+03  3.3550E+02  1.0000E+00  0.0000E+00  0.0000E+00  1.5000E+00
1.5227E-02  4.1690E+03  3.8690E+02  1.0000E+00  0.0000E+00  0.0000E+00  1.5000E+00
1.7351E-02  4.2218E+03  4.4470E+02  1.0000E+00  0.0000E+00  0.0000E+00  1.5000E+00
1.9767E-02  4.2682E+03  5.0890E+02  1.0000E+00  0.0000E+00  0.0000E+00  1.5000E+00
2.2515E-02  4.3104E+03  5.8070E+02  1.0000E+00  0.0000E+00  0.0000E+00  1.5000E+00
2.5642E-02  4.3674E+03  6.6360E+02  1.0000E+00  0.0000E+00  0.0000E+00  1.5000E+00
2.9205E-02  4.4265E+03  7.5830E+02  1.0000E+00  0.0000E+00  0.0000E+00  1.5000E+00
3.3250E-02  4.4843E+03  8.6980E+02  1.0000E+00  0.0000E+00  0.0000E+00  1.5000E+00
3.7816E-02  4.5357E+03  9.9790E+02  1.0000E+00  0.0000E+00  0.0000E+00  1.5000E+00
4.2947E-02  4.5808E+03  1.1470E+03  1.0000E+00  0.0000E+00  0.0000E+00  1.5000E+00
4.8670E-02  4.6415E+03  1.3240E+03  1.0000E+00  0.0000E+00  0.0000E+00  1.5000E+00
5.5055E-02  4.6837E+03  1.5180E+03  1.0000E+00  0.0000E+00  0.0000E+00  1.5000E+00
6.2192E-02  4.7187E+03  1.7240E+03  1.0000E+00  0.0000E+00  0.0000E+00  1.5000E+00
7.0228E-02  4.7178E+03  1.9260E+03  1.0000E+00  0.0000E+00  0.0000E+00  1.5000E+00
7.9367E-02  4.7190E+03  2.1230E+03  1.0000E+00  0.0000E+00  0.0000E+00  1.5000E+00
8.9864E-02  4.6774E+03  2.3010E+03  1.0000E+00  0.0000E+00  0.0000E+00  1.5000E+00
1.0188E-01  4.6084E+03  2.5020E+03  1.0000E+00  0.0000E+00  0.0000E+00  1.5000E+00
1.1552E-01  4.5473E+03  2.7300E+03  1.0000E+00  0.0000E+00  0.0000E+00  1.5000E+00
1.3096E-01  4.4944E+03  3.0070E+03  1.0000E+00  0.0000E+00  0.0000E+00  1.5000E+00
1.4839E-01  4.4466E+03  3.3410E+03  1.0000E+00  0.0000E+00  0.0000E+00  1.5000E+00
1.6806E-01  4.4083E+03  3.7340E+03  1.0000E+00  0.0000E+00  0.0000E+00  1.5000E+00
1.9024E-01  4.3850E+03  4.2080E+03  1.0000E+00  0.0000E+00  0.0000E+00  1.5000E+00
2.1518E-01  4.3825E+03  4.7780E+03  1.0000E+00  0.0000E+00  0.0000E+00  1.5000E+00
2.4295E-01  4.4144E+03  5.4900E+03  1.0000E+00  0.0000E+00  0.0000E+00  1.5000E+00
2.7365E-01  4.4756E+03  6.3810E+03  1.0000E+00  0.0000E+00  0.0000E+00  1.5000E+00
3.0712E-01  4.5600E+03  7.4910E+03  1.0000E+00  0.0000E+00  0.0000E+00  1.5000E+00
3.4378E-01  4.6373E+03  8.7620E+03  1.0000E+00  0.0000E+00  0.0000E+00  1.5000E+00
3.8421E-01  4.6824E+03  1.0090E+04  1.0000E+00  0.0000E+00  0.0000E+00  1.5000E+00
4.2931E-01  4.6866E+03  1.1370E+04  1.0000E+00  0.0000E+00  0.0000E+00  1.5000E+00
4.8019E-01  4.6761E+03  1.2680E+04  1.0000E+00  0.0000E+00  0.0000E+00  1.5000E+00
5.3794E-01  4.6617E+03  1.4070E+04  1.0000E+00  0.0000E+00  0.0000E+00  1.5000E+00
6.0385E-01  4.6434E+03  1.5550E+04  1.0000E+00  0.0000E+00  0.0000E+00  1.5000E+00
6.7945E-01  4.6257E+03  1.7160E+04  1.0000E+00  0.0000E+00  0.0000E+00  1.5000E+00
7.6600E-01  4.6158E+03  1.8970E+04  1.0000E+00  0.0000E+00  0.0000E+00  1.5000E+00
8.6501E-01  4.6213E+03  2.1070E+04  1.0000E+00  0.0000E+00  0.0000E+00  1.5000E+00
9.7757E-01  4.6417E+03  2.3520E+04  1.0000E+00  0.0000E+00  0.0000E+00  1.5000E+00
1.1049E+00  4.6795E+03  2.6350E+04  1.0000E+00  0.0000E+00  0.0000E+00  1.5000E+00
1.2483E+00  4.7389E+03  2.9630E+04  1.0000E+00  0.0000E+00  0.0000E+00  1.5000E+00
1.4089E+00  4.8216E+03  3.3450E+04  1.0000E+00  0.0000E+00  0.0000E+00  1.5000E+00
1.5887E+00  4.9174E+03  3.7850E+04  1.0000E+00  0.0000E+00  0.0000E+00  1.5000E+00
1.7895E+00  5.0216E+03  4.2820E+04  1.0000E+00  0.0000E+00  0.0000E+00  1.5000E+00
2.0137E+00  5.1285E+03  4.8340E+04  1.0000E+00  0.0000E+00  0.0000E+00  1.5000E+00
2.2630E+00  5.2416E+03  5.4340E+04  1.0000E+00  0.0000E+00  0.0000E+00  1.5000E+00
2.5374E+00  5.3694E+03  6.0580E+04  1.0000E+00  0.0000E+00  0.0000E+00  1.5000E+00
2.8343E+00  5.5037E+03  6.7040E+04  1.0000E+00  0.0000E+00  0.0000E+00  1.5000E+00
3.1454E+00  5.6445E+03  7.3950E+04  1.0000E+00  0.0000E+00  0.0000E+00  1.5000E+00
3.4577E+00  5.8244E+03  8.1380E+04  1.0000E+00  0.0000E+00  0.0000E+00  1.5000E+00
3.7477E+00  6.0209E+03  8.8470E+04  1.0000E+00  0.0000E+00  0.0000E+00  1.5000E+00
4.0156E+00  6.2147E+03  9.5380E+04  1.0000E+00  0.0000E+00  0.0000E+00  1.5000E+00
4.2593E+00  6.4177E+03  1.0170E+05  1.0000E+00  0.0000E+00  0.0000E+00  1.5000E+00
4.4824E+00  6.6137E+03  1.0750E+05  1.0000E+00  0.0000E+00  0.0000E+00  1.5000E+00
4.6940E+00  6.7860E+03  1.1320E+05  1.0000E+00  0.0000E+00  0.0000E+00  1.5000E+00
4.8995E+00  6.9416E+03  1.1850E+05  1.0000E+00  0.0000E+00  0.0000E+00  1.5000E+00
5.0190E+00  7.4275E+03  1.2110E+05  1.0000E+00  0.0000E+00  0.0000E+00  1.5000E+00
5.1414E+00  7.9134E+03  1.2380E+05  1.0000E+00  0.0000E+00  0.0000E+00  1.5000E+00
5.1986E+00  8.2869E+03  1.2500E+05  1.0000E+00  0.0000E+00  0.0000E+00  1.5000E+00
5.2504E+00  8.6503E+03  1.2610E+05  1.0000E+00  0.0000E+00  0.0000E+00  1.5000E+00
5.3027E+00  9.0137E+03  1.2720E+05  1.0000E+00  0.0000E+00  0.0000E+00  1.5000E+00
5.3555E+00  9.3771E+03  1.2830E+05  1.0000E+00  0.0000E+00  0.0000E+00  1.5000E+00
5.4042E+00  9.6236E+03  1.2940E+05  1.0000E+00  0.0000E+00  0.0000E+00  1.5000E+00
5.4507E+00  9.8016E+03  1.3060E+05  1.0000E+00  0.0000E+00  0.0000E+00  1.5000E+00
5.4976E+00  9.9796E+03  1.3180E+05  1.0000E+00  0.0000E+00  0.0000E+00  1.5000E+00
5.5448E+00  1.0158E+04  1.3300E+05  1.0000E+00  0.0000E+00  0.0000E+00  1.5000E+00
5.5988E+00  1.0294E+04  1.3450E+05  1.0000E+00  0.0000E+00  0.0000E+00  1.5000E+00
5.6623E+00  1.0371E+04  1.3650E+05  1.0000E+00  0.0000E+00  0.0000E+00  1.5000E+00
5.7266E+00  1.0449E+04  1.3860E+05  1.0000E+00  0.0000E+00  0.0000E+00  1.5000E+00
5.8023E+00  1.0519E+04  1.4090E+05  1.0000E+00  0.0000E+00  0.0000E+00  1.5000E+00
5.8940E+00  1.0579E+04  1.4380E+05  1.0000E+00  0.0000E+00  0.0000E+00  1.5000E+00
5.9957E+00  1.0634E+04  1.4690E+05  1.0000E+00  0.0000E+00  0.0000E+00  1.5000E+00
6.1193E+00  1.0678E+04  1.5080E+05  1.0000E+00  0.0000E+00  0.0000E+00  1.5000E+00
6.2661E+00  1.0721E+04  1.5530E+05  1.0000E+00  0.0000E+00  0.0000E+00  1.5000E+00
6.4372E+00  1.0765E+04  1.6040E+05  1.0000E+00  0.0000E+00  0.0000E+00  1.5000E+00
6.6397E+00  1.0811E+04  1.6650E+05  1.0000E+00  0.0000E+00  0.0000E+00  1.5000E+00
6.8789E+00  1.0861E+04  1.7330E+05  1.0000E+00  0.0000E+00  0.0000E+00  1.5000E+00
7.1589E+00  1.0916E+04  1.8120E+05  1.0000E+00  0.0000E+00  0.0000E+00  1.5000E+00
7.4835E+00  1.0976E+04  1.9020E+05  1.0000E+00  0.0000E+00  0.0000E+00  1.5000E+00
7.8633E+00  1.1040E+04  2.0040E+05  1.0000E+00  0.0000E+00  0.0000E+00  1.5000E+00
8.2993E+00  1.1110E+04  2.1220E+05  1.0000E+00  0.0000E+00  0.0000E+00  1.5000E+00
