8.3943E-03  4.4346E+03  2.8550E+02  1.0000E+00  0.0000E+00  0.0000E+00  1.5000E+00
9.6262E-03  4.4504E+03  3.2150E+02  1.0000E+00  0.0000E+00  0.0000E+00  1.5000E+00
1.1038E-02  4.4641E+03  3.6060E+02  1.0000E+00  0.0000E+00  0.0000E+00  1.5000E+00
1.2655E-02  4.4754E+03  4.0420E+02  1.0000E+00  0.0000E+00  0.0000E+00  1.5000E+00
1.4503E-02  4.4870E+03  4.5400E+02  1.0000E+00  0.0000E+00  0.0000E+00  1.5000E+00
1.6605E-02  4.5017E+03  5.1240E+02  1.0000E+00  0.0000E+00  0.0000E+00  1.5000E+00
1.8987E-02  4.5169E+03  5.8040E+02  1.0000E+00  0.0000E+00  0.0000E+00  1.5000E+00
2.1678E-02  4.5335E+03  6.5950E+02  1.0000E+00  0.0000E+00  0.0000E+00  1.5000E+00
2.4709E-02  4.5522E+03  7.5050E+02  1.0000E+00  0.0000E+00  0.0000E+00  1.5000E+00
2.8111E-02  4.5702E+03  8.5320E+02  1.0000E+00  0.0000E+00  0.0000E+00  1.5000E+00
3.1939E-02  4.5875E+03  9.6780E+02  1.0000E+00  0.0000E+00  0.0000E+00  1.5000E+00
3.6247E-02  4.6050E+03  1.0950E+03  1.0000E+00  0.0000E+00  0.0000E+00  1.5000E+00
4.1102E-02  4.6227E+03  1.2350E+03  1.0000E+00  0.0000E+00  0.0000E+00  1.5000E+00
4.6577E-02  4.6404E+03  1.3900E+03  1.0000E+00  0.0000E+00  0.0000E+00  1.5000E+00
5.2749E-02  4.6581E+03  1.5670E+03  1.0000E+00  0.0000E+00  0.0000E+00  1.5000E+00
5.9691E-02  4.6737E+03  1.7710E+03  1.0000E+00  0.0000E+00  0.0000E+00  1.5000E+00
6.7471E-02  4.6863E+03  2.0090E+03  1.0000E+00  0.0000E+00  0.0000E+00  1.5000E+00
7.6148E-02  4.6991E+03  2.2870E+03  1.0000E+00  0.0000E+00  0.0000E+00  1.5000E+00
8.5811E-02  4.7175E+03  2.6050E+03  1.0000E+00  0.0000E+00  0.0000E+00  1.5000E+00
9.6583E-02  4.7468E+03  2.9680E+03  1.0000E+00  0.0000E+00  0.0000E+00  1.5000E+00
1.0859E-01  4.7891E+03  3.3810E+03  1.0000E+00  0.0000E+00  0.0000E+00  1.5000E+00
1.2199E-01  4.8371E+03  3.8450E+03  1.0000E+00  0.0000E+00  0.0000E+00  1.5000E+00
1.3693E-01  4.8751E+03  4.3480E+03  1.0000E+00  0.0000E+00  0.0000E+00  1.5000E+00
1.5367E-01  4.8943E+03  4.8880E+03  1.0000E+00  0.0000E+00  0.0000E+00  1.5000E+00
1.7256E-01  4.8923E+03  5.4580E+03  1.0000E+00  0.0000E+00  0.0000E+00  1.5000E+00
1.9397E-01  4.8805E+03  6.0680E+03  1.0000E+00  0.0000E+00  0.0000E+00  1.5000E+00
2.1825E-01  4.8662E+03  6.7400E+03  1.0000E+00  0.0000E+00  0.0000E+00  1.5000E+00
2.4577E-01  4.8494E+03  7.4900E+03  1.0000E+00  0.0000E+00  0.0000E+00  1.5000E+00
2.7691E-01  4.8360E+03  8.3360E+03  1.0000E+00  0.0000E+00  0.0000E+00  1.5000E+00
3.1212E-01  4.8387E+03  9.3000E+03  1.0000E+00  0.0000E+00  0.0000E+00  1.5000E+00
3.5190E-01  4.8563E+03  1.0400E+04  1.0000E+00  0.0000E+00  0.0000E+00  1.5000E+00
3.9682E-01  4.8716E+03  1.1620E+04  1.0000E+00  0.0000E+00  0.0000E+00  1.5000E+00
4.4758E-01  4.8814E+03  1.2980E+04  1.0000E+00  0.0000E+00  0.0000E+00  1.5000E+00
5.0514E-01  4.8832E+03  1.4380E+04  1.0000E+00  0.0000E+00  0.0000E+00  1.5000E+00
5.7085E-01  4.8682E+03  1.5770E+04  1.0000E+00  0.0000E+00  0.0000E+00  1.5000E+00
6.4614E-01  4.8336E+03  1.7250E+04  1.0000E+00  0.0000E+00  0.0000E+00  1.5000E+00
7.3246E-01  4.7873E+03  1.8970E+04  1.0000E+00  0.0000E+00  0.0000E+00  1.5000E+00
8.3108E-01  4.7322E+03  2.0880E+04  1.0000E+00  0.0000E+00  0.0000E+00  1.5000E+00
9.4387E-01  4.7218E+03  2.3210E+04  1.0000E+00  0.0000E+00  0.0000E+00  1.5000E+00
1.0719E+00  4.7429E+03  2.5970E+04  1.0000E+00  0.0000E+00  0.0000E+00  1.5000E+00
1.2168E+00  4.7559E+03  2.8960E+04  1.0000E+00  0.0000E+00  0.0000E+00  1.5000E+00
1.3822E+00  4.7220E+03  3.2100E+04  1.0000E+00  0.0000E+00  0.0000E+00  1.5000E+00
1.5727E+00  4.6758E+03  3.5320E+04  1.0000E+00  0.0000E+00  0.0000E+00  1.5000E+00
1.7952E+00  4.6665E+03  3.7660E+04  1.0000E+00  0.0000E+00  0.0000E+00  1.5000E+00
2.0548E+00  4.8630E+03  4.1100E+04  1.0000E+00  0.0000E+00  0.0000E+00  1.5000E+00
2.3393E+00  4.9557E+03  4.8770E+04  1.0000E+00  0.0000E+00  0.0000E+00  1.5000E+00
2.6409E+00  5.0324E+03  5.8320E+04  1.0000E+00  0.0000E+00  0.0000E+00  1.5000E+00
2.9746E+00  5.0626E+03  6.5100E+04  1.0000E+00  0.0000E+00  0.0000E+00  1.5000E+00
3.3516E+00  5.2340E+03  7.2350E+04  1.0000E+00  0.0000E+00  0.0000E+00  1.5000E+00
3.7673E+00  5.4365E+03  7.9790E+04  1.0000E+00  0.0000E+00  0.0000E+00  1.5000E+00
4.2096E+00  5.6158E+03  8.3630E+04  1.0000E+00  0.0000E+00  0.0000E+00  1.5000E+00
4.6914E+00  5.7307E+03  8.5590E+04  1.0000E+00  0.0000E+00  0.0000E+00  1.5000E+00
5.2127E+00  5.7801E+03  9.7410E+04  1.0000E+00  0.0000E+00  0.0000E+00  1.5000E+00
5.7601E+00  5.8577E+03  1.1790E+05  1.0000E+00  0.0000E+00  0.0000E+00  1.5000E+00
6.3020E+00  5.9840E+03  1.3440E+05  1.0000E+00  0.0000E+00  0.0000E+00  1.5000E+00
6.8350E+00  6.1395E+03  1.4890E+05  1.0000E+00  0.0000E+00  0.0000E+00  1.5000E+00
7.3565E+00  6.2710E+03  1.6090E+05  1.0000E+00  0.0000E+00  0.0000E+00  1.5000E+00
7.8665E+00  6.4386E+03  1.7430E+05  1.0000E+00  0.0000E+00  0.0000E+00  1.5000E+00
8.3370E+00  6.6472E+03  1.8830E+05  1.0000E+00  0.0000E+00  0.0000E+00  1.5000E+00
8.7658E+00  6.8441E+03  2.0190E+05  1.0000E+00  0.0000E+00  0.0000E+00  1.5000E+00
9.1780E+00  7.0047E+03  2.1400E+05  1.0000E+00  0.0000E+00  0.0000E+00  1.5000E+00
9.5940E+00  7.1392E+03  2.2440E+05  1.0000E+00  0.0000E+00  0.0000E+00  1.5000E+00
1.0025E+01  7.2645E+03  2.3340E+05  1.0000E+00  0.0000E+00  0.0000E+00  1.5000E+00
1.0476E+01  7.3924E+03  2.4160E+05  1.0000E+00  0.0000E+00  0.0000E+00  1.5000E+00
1.0950E+01  7.5165E+03  2.5000E+05  1.0000E+00  0.0000E+00  0.0000E+00  1.5000E+00
1.1451E+01  7.6433E+03  2.5920E+05  1.0000E+00  0.0000E+00  0.0000E+00  1.5000E+00
1.1980E+01  7.7700E+03  2.7090E+05  1.0000E+00  0.0000E+00  0.0000E+00  1.5000E+00
1.2532E+01  7.9114E+03  2.8560E+05  1.0000E+00  0.0000E+00  0.0000E+00  1.5000E+00
1.3108E+01  8.0440E+03  3.0200E+05  1.0000E+00  0.0000E+00  0.0000E+00  1.5000E+00
1.3710E+01  8.1905E+03  3.1780E+05  1.0000E+00  0.0000E+00  0.0000E+00  1.5000E+00
1.4363E+01  8.2663E+03  3.3140E+05  1.0000E+00  0.0000E+00  0.0000E+00  1.5000E+00
1.5126E+01  8.2847E+03  3.5160E+05  1.0000E+00  0.0000E+00  0.0000E+00  1.5000E+00
1.5797E+01  8.7601E+03  3.7170E+05  1.0000E+00  0.0000E+00  0.0000E+00  1.5000E+00
1.6268E+01  9.5302E+03  3.8820E+05  1.0000E+00  0.0000E+00  0.0000E+00  1.5000E+00
1.6567E+01  9.9615E+03  3.8940E+05  1.0000E+00  0.0000E+00  0.0000E+00  1.5000E+00
1.6862E+01  1.0372E+04  3.9050E+05  1.0000E+00  0.0000E+00  0.0000E+00  1.5000E+00
1.7108E+01  1.0669E+04  3.9150E+05  1.0000E+00  0.0000E+00  0.0000E+00  1.5000E+00
1.7357E+01  1.0966E+04  3.9260E+05  1.0000E+00  0.0000E+00  0.0000E+00  1.5000E+00
1.7614E+01  1.1149E+04  3.8640E+05  1.0000E+00  0.0000E+00  0.0000E+00  1.5000E+00
1.7876E+01  1.1323E+04  3.7990E+05  1.0000E+00  0.0000E+00  0.0000E+00  1.5000E+00
1.8199E+01  1.1325E+04  3.7400E+05  1.0000E+00  0.0000E+00  0.0000E+00  1.5000E+00
