8.5078E-03  3.7447E+03  2.1950E+02  1.0000E+00  0.0000E+00  0.0000E+00  1.5000E+00
9.8113E-03  3.7409E+03  2.5060E+02  1.0000E+00  0.0000E+00  0.0000E+00  1.5000E+00
1.1311E-02  3.7366E+03  2.8530E+02  1.0000E+00  0.0000E+00  0.0000E+00  1.5000E+00
1.3040E-02  3.7350E+03  3.2310E+02  1.0000E+00  0.0000E+00  0.0000E+00  1.5000E+00
1.5031E-02  3.7362E+03  3.6550E+02  1.0000E+00  0.0000E+00  0.0000E+00  1.5000E+00
1.7320E-02  3.7402E+03  4.1420E+02  1.0000E+00  0.0000E+00  0.0000E+00  1.5000E+00
1.9942E-02  3.7483E+03  4.6940E+02  1.0000E+00  0.0000E+00  0.0000E+00  1.5000E+00
2.2930E-02  3.7641E+03  5.3210E+02  1.0000E+00  0.0000E+00  0.0000E+00  1.5000E+00
2.6320E-02  3.7900E+03  6.0360E+02  1.0000E+00  0.0000E+00  0.0000E+00  1.5000E+00
3.0126E-02  3.8249E+03  6.8590E+02  1.0000E+00  0.0000E+00  0.0000E+00  1.5000E+00
3.4387E-02  3.8667E+03  7.8180E+02  1.0000E+00  0.0000E+00  0.0000E+00  1.5000E+00
3.9108E-02  3.9180E+03  8.9600E+02  1.0000E+00  0.0000E+00  0.0000E+00  1.5000E+00
4.4332E-02  3.9696E+03  1.0310E+03  1.0000E+00  0.0000E+00  0.0000E+00  1.5000E+00
5.0102E-02  4.0244E+03  1.1900E+03  1.0000E+00  0.0000E+00  0.0000E+00  1.5000E+00
5.6415E-02  4.1001E+03  1.3810E+03  1.0000E+00  0.0000E+00  0.0000E+00  1.5000E+00
6.3364E-02  4.1706E+03  1.5950E+03  1.0000E+00  0.0000E+00  0.0000E+00  1.5000E+00
7.1064E-02  4.2150E+03  1.8350E+03  1.0000E+00  0.0000E+00  0.0000E+00  1.5000E+00
7.9634E-02  4.2733E+03  2.1020E+03  1.0000E+00  0.0000E+00  0.0000E+00  1.5000E+00
8.9240E-02  4.3676E+03  2.3910E+03  1.0000E+00  0.0000E+00  0.0000E+00  1.5000E+00
1.0004E-01  4.4458E+03  2.7380E+03  1.0000E+00  0.0000E+00  0.0000E+00  1.5000E+00
1.1209E-01  4.4989E+03  3.1630E+03  1.0000E+00  0.0000E+00  0.0000E+00  1.5000E+00
1.2547E-01  4.4763E+03  3.5990E+03  1.0000E+00  0.0000E+00  0.0000E+00  1.5000E+00
1.4049E-01  4.3963E+03  3.9970E+03  1.0000E+00  0.0000E+00  0.0000E+00  1.5000E+00
1.5759E-01  4.3964E+03  4.4120E+03  1.0000E+00  0.0000E+00  0.0000E+00  1.5000E+00
1.7721E-01  4.5093E+03  4.8770E+03  1.0000E+00  0.0000E+00  0.0000E+00  1.5000E+00
1.9975E-01  4.6139E+03  5.4590E+03  1.0000E+00  0.0000E+00  0.0000E+00  1.5000E+00
2.2536E-01  4.6376E+03  6.1410E+03  1.0000E+00  0.0000E+00  0.0000E+00  1.5000E+00
2.5391E-01  4.6113E+03  7.0000E+03  1.0000E+00  0.0000E+00  0.0000E+00  1.5000E+00
2.8566E-01  4.6044E+03  7.9260E+03  1.0000E+00  0.0000E+00  0.0000E+00  1.5000E+00
3.2136E-01  4.6316E+03  8.9050E+03  1.0000E+00  0.0000E+00  0.0000E+00  1.5000E+00
3.6172E-01  4.6503E+03  9.9510E+03  1.0000E+00  0.0000E+00  0.0000E+00  1.5000E+00
4.0747E-01  4.6566E+03  1.1080E+04  1.0000E+00  0.0000E+00  0.0000E+00  1.5000E+00
4.5950E-01  4.6589E+03  1.2310E+04  1.0000E+00  0.0000E+00  0.0000E+00  1.5000E+00
5.1859E-01  4.6658E+03  1.3720E+04  1.0000E+00  0.0000E+00  0.0000E+00  1.5000E+00
5.8548E-01  4.6853E+03  1.5380E+04  1.0000E+00  0.0000E+00  0.0000E+00  1.5000E+00
6.6084E-01  4.7171E+03  1.7350E+04  1.0000E+00  0.0000E+00  0.0000E+00  1.5000E+00
7.4551E-01  4.7497E+03  1.9590E+04  1.0000E+00  0.0000E+00  0.0000E+00  1.5000E+00
8.4076E-01  4.7753E+03  2.2020E+04  1.0000E+00  0.0000E+00  0.0000E+00  1.5000E+00
9.4842E-01  4.7924E+03  2.4590E+04  1.0000E+00  0.0000E+00  0.0000E+00  1.5000E+00
1.0705E+00  4.8125E+03  2.7390E+04  1.0000E+00  0.0000E+00  0.0000E+00  1.5000E+00
1.2090E+00  4.8501E+03  3.0560E+04  1.0000E+00  0.0000E+00  0.0000E+00  1.5000E+00
1.3657E+00  4.9067E+03  3.4230E+04  1.0000E+00  0.0000E+00  0.0000E+00  1.5000E+00
1.5419E+00  4.9967E+03  3.8620E+04  1.0000E+00  0.0000E+00  0.0000E+00  1.5000E+00
1.7390E+00  5.0982E+03  4.3710E+04  1.0000E+00  0.0000E+00  0.0000E+00  1.5000E+00
1.9584E+00  5.1857E+03  4.9240E+04  1.0000E+00  0.0000E+00  0.0000E+00  1.5000E+00
2.2030E+00  5.2718E+03  5.4980E+04  1.0000E+00  0.0000E+00  0.0000E+00  1.5000E+00
2.4765E+00  5.3504E+03  6.0300E+04  1.0000E+00  0.0000E+00  0.0000E+00  1.5000E+00
2.7809E+00  5.4607E+03  6.5920E+04  1.0000E+00  0.0000E+00  0.0000E+00  1.5000E+00
3.1087E+00  5.5961E+03  7.2530E+04  1.0000E+00  0.0000E+00  0.0000E+00  1.5000E+00
3.4410E+00  5.7593E+03  8.0060E+04  1.0000E+00  0.0000E+00  0.0000E+00  1.5000E+00
3.7686E+00  5.9171E+03  8.7770E+04  1.0000E+00  0.0000E+00  0.0000E+00  1.5000E+00
4.0849E+00  6.0713E+03  9.5490E+04  1.0000E+00  0.0000E+00  0.0000E+00  1.5000E+00
4.3934E+00  6.2193E+03  1.0310E+05  1.0000E+00  0.0000E+00  0.0000E+00  1.5000E+00
4.6905E+00  6.3838E+03  1.1110E+05  1.0000E+00  0.0000E+00  0.0000E+00  1.5000E+00
4.9675E+00  6.5708E+03  1.1920E+05  1.0000E+00  0.0000E+00  0.0000E+00  1.5000E+00
5.2218E+00  6.7703E+03  1.2610E+05  1.0000E+00  0.0000E+00  0.0000E+00  1.5000E+00
5.4485E+00  7.0128E+03  1.3210E+05  1.0000E+00  0.0000E+00  0.0000E+00  1.5000E+00
5.6511E+00  7.2864E+03  1.3730E+05  1.0000E+00  0.0000E+00  0.0000E+00  1.5000E+00
5.8194E+00  7.5851E+03  1.4130E+05  1.0000E+00  0.0000E+00  0.0000E+00  1.5000E+00
5.9672E+00  7.8766E+03  1.4500E+05  1.0000E+00  0.0000E+00  0.0000E+00  1.5000E+00
6.0975E+00  8.1621E+03  1.4850E+05  1.0000E+00  0.0000E+00  0.0000E+00  1.5000E+00
6.2193E+00  8.4396E+03  1.5210E+05  1.0000E+00  0.0000E+00  0.0000E+00  1.5000E+00
6.3238E+00  8.7034E+03  1.5570E+05  1.0000E+00  0.0000E+00  0.0000E+00  1.5000E+00
6.4302E+00  8.9672E+03  1.5940E+05  1.0000E+00  0.0000E+00  0.0000E+00  1.5000E+00
6.5283E+00  9.1999E+03  1.6210E+05  1.0000E+00  0.0000E+00  0.0000E+00  1.5000E+00
6.6244E+00  9.4218E+03  1.6440E+05  1.0000E+00  0.0000E+00  0.0000E+00  1.5000E+00
6.7220E+00  9.6437E+03  1.6680E+05  1.0000E+00  0.0000E+00  0.0000E+00  1.5000E+00
6.8252E+00  9.7946E+03  1.6980E+05  1.0000E+00  0.0000E+00  0.0000E+00  1.5000E+00
6.9302E+00  9.9434E+03  1.7280E+05  1.0000E+00  0.0000E+00  0.0000E+00  1.5000E+00
7.0445E+00  1.0081E+04  1.7580E+05  1.0000E+00  0.0000E+00  0.0000E+00  1.5000E+00
7.1692E+00  1.0206E+04  1.7890E+05  1.0000E+00  0.0000E+00  0.0000E+00  1.5000E+00
7.3044E+00  1.0326E+04  1.8260E+05  1.0000E+00  0.0000E+00  0.0000E+00  1.5000E+00
7.4545E+00  1.0438E+04  1.8720E+05  1.0000E+00  0.0000E+00  0.0000E+00  1.5000E+00
7.6231E+00  1.0543E+04  1.9260E+05  1.0000E+00  0.0000E+00  0.0000E+00  1.5000E+00
7.8076E+00  1.0645E+04  1.9890E+05  1.0000E+00  0.0000E+00  0.0000E+00  1.5000E+00
8.0174E+00  1.0742E+04  2.0680E+05  1.0000E+00  0.0000E+00  0.0000E+00  1.5000E+00
8.2574E+00  1.0822E+04  2.1460E+05  1.0000E+00  0.0000E+00  0.0000E+00  1.5000E+00
8.5319E+00  1.0889E+04  2.2190E+05  1.0000E+00  0.0000E+00  0.0000E+00  1.5000E+00
8.8517E+00  1.0937E+04  2.2930E+05  1.0000E+00  0.0000E+00  0.0000E+00  1.5000E+00
9.2338E+00  1.0938E+04  2.3930E+05  1.0000E+00  0.0000E+00  0.0000E+00  1.5000E+00
9.7278E+00  1.0861E+04  2.4740E+05  1.0000E+00  0.0000E+00  0.0000E+00  1.5000E+00
