7.8792E-03  4.3416E+03  2.9300E+02  1.0000E+00  0.0000E+00  0.0000E+00  1.5000E+00
9.0388E-03  4.3727E+03  3.4310E+02  1.0000E+00  0.0000E+00  0.0000E+00  1.5000E+00
1.0339E-02  4.3795E+03  3.9430E+02  1.0000E+00  0.0000E+00  0.0000E+00  1.5000E+00
1.1801E-02  4.3755E+03  4.4770E+02  1.0000E+00  0.0000E+00  0.0000E+00  1.5000E+00
1.3449E-02  4.3725E+03  5.0540E+02  1.0000E+00  0.0000E+00  0.0000E+00  1.5000E+00
1.5313E-02  4.3692E+03  5.6780E+02  1.0000E+00  0.0000E+00  0.0000E+00  1.5000E+00
1.7424E-02  4.3570E+03  6.3260E+02  1.0000E+00  0.0000E+00  0.0000E+00  1.5000E+00
1.9822E-02  4.3384E+03  7.0040E+02  1.0000E+00  0.0000E+00  0.0000E+00  1.5000E+00
2.2549E-02  4.3212E+03  7.7550E+02  1.0000E+00  0.0000E+00  0.0000E+00  1.5000E+00
2.5647E-02  4.3179E+03  8.6510E+02  1.0000E+00  0.0000E+00  0.0000E+00  1.5000E+00
2.9162E-02  4.3271E+03  9.7120E+02  1.0000E+00  0.0000E+00  0.0000E+00  1.5000E+00
3.3144E-02  4.3415E+03  1.0930E+03  1.0000E+00  0.0000E+00  0.0000E+00  1.5000E+00
3.7653E-02  4.3514E+03  1.2270E+03  1.0000E+00  0.0000E+00  0.0000E+00  1.5000E+00
4.2759E-02  4.3553E+03  1.3750E+03  1.0000E+00  0.0000E+00  0.0000E+00  1.5000E+00
4.8536E-02  4.3580E+03  1.5400E+03  1.0000E+00  0.0000E+00  0.0000E+00  1.5000E+00
5.5071E-02  4.3639E+03  1.7280E+03  1.0000E+00  0.0000E+00  0.0000E+00  1.5000E+00
6.2458E-02  4.3756E+03  1.9420E+03  1.0000E+00  0.0000E+00  0.0000E+00  1.5000E+00
7.0810E-02  4.3896E+03  2.1820E+03  1.0000E+00  0.0000E+00  0.0000E+00  1.5000E+00
8.0256E-02  4.4051E+03  2.4490E+03  1.0000E+00  0.0000E+00  0.0000E+00  1.5000E+00
9.0949E-02  4.4182E+03  2.7420E+03  1.0000E+00  0.0000E+00  0.0000E+00  1.5000E+00
1.0306E-01  4.4301E+03  3.0690E+03  1.0000E+00  0.0000E+00  0.0000E+00  1.5000E+00
1.1679E-01  4.4410E+03  3.4330E+03  1.0000E+00  0.0000E+00  0.0000E+00  1.5000E+00
1.3232E-01  4.4509E+03  3.8440E+03  1.0000E+00  0.0000E+00  0.0000E+00  1.5000E+00
1.4989E-01  4.4584E+03  4.3110E+03  1.0000E+00  0.0000E+00  0.0000E+00  1.5000E+00
1.6973E-01  4.4647E+03  4.8500E+03  1.0000E+00  0.0000E+00  0.0000E+00  1.5000E+00
1.9204E-01  4.4850E+03  5.4840E+03  1.0000E+00  0.0000E+00  0.0000E+00  1.5000E+00
2.1705E-01  4.5224E+03  6.2280E+03  1.0000E+00  0.0000E+00  0.0000E+00  1.5000E+00
2.4506E-01  4.5651E+03  7.0770E+03  1.0000E+00  0.0000E+00  0.0000E+00  1.5000E+00
2.7644E-01  4.6072E+03  8.0380E+03  1.0000E+00  0.0000E+00  0.0000E+00  1.5000E+00
3.1160E-01  4.6418E+03  9.1200E+03  1.0000E+00  0.0000E+00  0.0000E+00  1.5000E+00
3.5094E-01  4.6738E+03  1.0350E+04  1.0000E+00  0.0000E+00  0.0000E+00  1.5000E+00
3.9509E-01  4.7293E+03  1.1710E+04  1.0000E+00  0.0000E+00  0.0000E+00  1.5000E+00
4.4471E-01  4.7752E+03  1.3230E+04  1.0000E+00  0.0000E+00  0.0000E+00  1.5000E+00
5.0053E-01  4.8123E+03  1.4890E+04  1.0000E+00  0.0000E+00  0.0000E+00  1.5000E+00
5.6352E-01  4.8475E+03  1.6690E+04  1.0000E+00  0.0000E+00  0.0000E+00  1.5000E+00
6.3482E-01  4.8537E+03  1.8600E+04  1.0000E+00  0.0000E+00  0.0000E+00  1.5000E+00
7.1549E-01  4.8549E+03  2.0780E+04  1.0000E+00  0.0000E+00  0.0000E+00  1.5000E+00
8.0659E-01  4.8655E+03  2.3280E+04  1.0000E+00  0.0000E+00  0.0000E+00  1.5000E+00
9.0913E-01  4.8968E+03  2.6280E+04  1.0000E+00  0.0000E+00  0.0000E+00  1.5000E+00
1.0239E+00  4.9547E+03  2.9810E+04  1.0000E+00  0.0000E+00  0.0000E+00  1.5000E+00
1.1519E+00  5.0085E+03  3.3910E+04  1.0000E+00  0.0000E+00  0.0000E+00  1.5000E+00
1.2945E+00  5.0859E+03  3.8490E+04  1.0000E+00  0.0000E+00  0.0000E+00  1.5000E+00
1.4532E+00  5.1831E+03  4.3310E+04  1.0000E+00  0.0000E+00  0.0000E+00  1.5000E+00
1.6286E+00  5.2805E+03  4.8840E+04  1.0000E+00  0.0000E+00  0.0000E+00  1.5000E+00
1.8220E+00  5.3665E+03  5.4540E+04  1.0000E+00  0.0000E+00  0.0000E+00  1.5000E+00
2.0351E+00  5.4454E+03  6.0430E+04  1.0000E+00  0.0000E+00  0.0000E+00  1.5000E+00
2.2677E+00  5.5316E+03  6.6870E+04  1.0000E+00  0.0000E+00  0.0000E+00  1.5000E+00
2.5195E+00  5.6213E+03  7.3860E+04  1.0000E+00  0.0000E+00  0.0000E+00  1.5000E+00
2.7877E+00  5.7268E+03  8.1150E+04  1.0000E+00  0.0000E+00  0.0000E+00  1.5000E+00
3.0692E+00  5.8324E+03  8.8310E+04  1.0000E+00  0.0000E+00  0.0000E+00  1.5000E+00
3.3627E+00  5.9370E+03  9.5120E+04  1.0000E+00  0.0000E+00  0.0000E+00  1.5000E+00
3.6688E+00  6.0462E+03  1.0170E+05  1.0000E+00  0.0000E+00  0.0000E+00  1.5000E+00
3.9847E+00  6.1657E+03  1.0780E+05  1.0000E+00  0.0000E+00  0.0000E+00  1.5000E+00
4.3061E+00  6.3003E+03  1.1310E+05  1.0000E+00  0.0000E+00  0.0000E+00  1.5000E+00
4.6271E+00  6.4480E+03  1.1820E+05  1.0000E+00  0.0000E+00  0.0000E+00  1.5000E+00
4.9517E+00  6.5646E+03  1.2370E+05  1.0000E+00  0.0000E+00  0.0000E+00  1.5000E+00
5.2710E+00  6.7434E+03  1.3010E+05  1.0000E+00  0.0000E+00  0.0000E+00  1.5000E+00
5.5669E+00  6.9657E+03  1.3730E+05  1.0000E+00  0.0000E+00  0.0000E+00  1.5000E+00
5.8340E+00  7.1921E+03  1.4400E+05  1.0000E+00  0.0000E+00  0.0000E+00  1.5000E+00
6.0869E+00  7.3726E+03  1.5010E+05  1.0000E+00  0.0000E+00  0.0000E+00  1.5000E+00
6.3396E+00  7.5350E+03  1.5590E+05  1.0000E+00  0.0000E+00  0.0000E+00  1.5000E+00
6.6078E+00  7.6243E+03  1.6210E+05  1.0000E+00  0.0000E+00  0.0000E+00  1.5000E+00
6.8905E+00  7.7180E+03  1.6900E+05  1.0000E+00  0.0000E+00  0.0000E+00  1.5000E+00
7.1332E+00  8.2235E+03  1.7600E+05  1.0000E+00  0.0000E+00  0.0000E+00  1.5000E+00
7.2698E+00  8.7231E+03  1.7910E+05  1.0000E+00  0.0000E+00  0.0000E+00  1.5000E+00
7.3857E+00  9.2215E+03  1.8140E+05  1.0000E+00  0.0000E+00  0.0000E+00  1.5000E+00
7.4995E+00  9.6683E+03  1.8380E+05  1.0000E+00  0.0000E+00  0.0000E+00  1.5000E+00
7.5944E+00  9.8441E+03  1.8650E+05  1.0000E+00  0.0000E+00  0.0000E+00  1.5000E+00
7.6905E+00  1.0020E+04  1.8930E+05  1.0000E+00  0.0000E+00  0.0000E+00  1.5000E+00
7.7906E+00  1.0188E+04  1.9220E+05  1.0000E+00  0.0000E+00  0.0000E+00  1.5000E+00
7.9034E+00  1.0325E+04  1.9550E+05  1.0000E+00  0.0000E+00  0.0000E+00  1.5000E+00
8.0179E+00  1.0463E+04  1.9890E+05  1.0000E+00  0.0000E+00  0.0000E+00  1.5000E+00
8.1495E+00  1.0589E+04  2.0400E+05  1.0000E+00  0.0000E+00  0.0000E+00  1.5000E+00
8.2887E+00  1.0711E+04  2.0990E+05  1.0000E+00  0.0000E+00  0.0000E+00  1.5000E+00
8.4482E+00  1.0823E+04  2.1560E+05  1.0000E+00  0.0000E+00  0.0000E+00  1.5000E+00
8.6186E+00  1.0930E+04  2.2150E+05  1.0000E+00  0.0000E+00  0.0000E+00  1.5000E+00
8.8240E+00  1.1000E+04  2.2830E+05  1.0000E+00  0.0000E+00  0.0000E+00  1.5000E+00
9.0577E+00  1.1056E+04  2.3530E+05  1.0000E+00  0.0000E+00  0.0000E+00  1.5000E+00
9.3311E+00  1.1103E+04  2.4320E+05  1.0000E+00  0.0000E+00  0.0000E+00  1.5000E+00
9.6553E+00  1.1147E+04  2.5260E+05  1.0000E+00  0.0000E+00  0.0000E+00  1.5000E+00
1.0039E+01  1.1190E+04  2.6350E+05  1.0000E+00  0.0000E+00  0.0000E+00  1.5000E+00
