8.3206E-03  3.7421E+03  2.2830E+02  1.0000E+00  0.0000E+00  0.0000E+00  1.5000E+00
9.6137E-03  3.6987E+03  2.5600E+02  1.0000E+00  0.0000E+00  0.0000E+00  1.5000E+00
1.1148E-02  3.6569E+03  2.8590E+02  1.0000E+00  0.0000E+00  0.0000E+00  1.5000E+00
1.2972E-02  3.6298E+03  3.2150E+02  1.0000E+00  0.0000E+00  0.0000E+00  1.5000E+00
1.5118E-02  3.6124E+03  3.6340E+02  1.0000E+00  0.0000E+00  0.0000E+00  1.5000E+00
1.7628E-02  3.6023E+03  4.1140E+02  1.0000E+00  0.0000E+00  0.0000E+00  1.5000E+00
2.0546E-02  3.6002E+03  4.6620E+02  1.0000E+00  0.0000E+00  0.0000E+00  1.5000E+00
2.3915E-02  3.6011E+03  5.2960E+02  1.0000E+00  0.0000E+00  0.0000E+00  1.5000E+00
2.7802E-02  3.5944E+03  6.0610E+02  1.0000E+00  0.0000E+00  0.0000E+00  1.5000E+00
3.2304E-02  3.5797E+03  7.0330E+02  1.0000E+00  0.0000E+00  0.0000E+00  1.5000E+00
3.7466E-02  3.5782E+03  8.2190E+02  1.0000E+00  0.0000E+00  0.0000E+00  1.5000E+00
4.3242E-02  3.6012E+03  9.5470E+02  1.0000E+00  0.0000E+00  0.0000E+00  1.5000E+00
4.9668E-02  3.6242E+03  1.0990E+03  1.0000E+00  0.0000E+00  0.0000E+00  1.5000E+00
5.6785E-02  3.6549E+03  1.2630E+03  1.0000E+00  0.0000E+00  0.0000E+00  1.5000E+00
6.4545E-02  3.7090E+03  1.4620E+03  1.0000E+00  0.0000E+00  0.0000E+00  1.5000E+00
7.2702E-02  3.7881E+03  1.7030E+03  1.0000E+00  0.0000E+00  0.0000E+00  1.5000E+00
8.1171E-02  3.8824E+03  1.9890E+03  1.0000E+00  0.0000E+00  0.0000E+00  1.5000E+00
9.0060E-02  3.9752E+03  2.3040E+03  1.0000E+00  0.0000E+00  0.0000E+00  1.5000E+00
9.9600E-02  4.0515E+03  2.6310E+03  1.0000E+00  0.0000E+00  0.0000E+00  1.5000E+00
1.1010E-01  4.1062E+03  2.9600E+03  1.0000E+00  0.0000E+00  0.0000E+00  1.5000E+00
1.2186E-01  4.1497E+03  3.3040E+03  1.0000E+00  0.0000E+00  0.0000E+00  1.5000E+00
1.3510E-01  4.1963E+03  3.6960E+03  1.0000E+00  0.0000E+00  0.0000E+00  1.5000E+00
1.4991E-01  4.2574E+03  4.1740E+03  1.0000E+00  0.0000E+00  0.0000E+00  1.5000E+00
1.6640E-01  4.3267E+03  4.7370E+03  1.0000E+00  0.0000E+00  0.0000E+00  1.5000E+00
1.8480E-01  4.3865E+03  5.3510E+03  1.0000E+00  0.0000E+00  0.0000E+00  1.5000E+00
2.0556E-01  4.4217E+03  5.9670E+03  1.0000E+00  0.0000E+00  0.0000E+00  1.5000E+00
2.2928E-01  4.4314E+03  6.5710E+03  1.0000E+00  0.0000E+00  0.0000E+00  1.5000E+00
2.5657E-01  4.4280E+03  7.2050E+03  1.0000E+00  0.0000E+00  0.0000E+00  1.5000E+00
2.8799E-01  4.4254E+03  7.9290E+03  1.0000E+00  0.0000E+00  0.0000E+00  1.5000E+00
3.2402E-01  4.4295E+03  8.7790E+03  1.0000E+00  0.0000E+00  0.0000E+00  1.5000E+00
3.6522E-01  4.4382E+03  9.7490E+03  1.0000E+00  0.0000E+00  0.0000E+00  1.5000E+00
4.1217E-01  4.4535E+03  1.0860E+04  1.0000E+00  0.0000E+00  0.0000E+00  1.5000E+00
4.6538E-01  4.4783E+03  1.2160E+04  1.0000E+00  0.0000E+00  0.0000E+00  1.5000E+00
5.2526E-01  4.5200E+03  1.3740E+04  1.0000E+00  0.0000E+00  0.0000E+00  1.5000E+00
5.9209E-01  4.5780E+03  1.5610E+04  1.0000E+00  0.0000E+00  0.0000E+00  1.5000E+00
6.6661E-01  4.6392E+03  1.7720E+04  1.0000E+00  0.0000E+00  0.0000E+00  1.5000E+00
7.4992E-01  4.6958E+03  2.0040E+04  1.0000E+00  0.0000E+00  0.0000E+00  1.5000E+00
8.4334E-01  4.7522E+03  2.2610E+04  1.0000E+00  0.0000E+00  0.0000E+00  1.5000E+00
9.4819E-01  4.8166E+03  2.5560E+04  1.0000E+00  0.0000E+00  0.0000E+00  1.5000E+00
1.0656E+00  4.8915E+03  2.8980E+04  1.0000E+00  0.0000E+00  0.0000E+00  1.5000E+00
1.1967E+00  4.9724E+03  3.2920E+04  1.0000E+00  0.0000E+00  0.0000E+00  1.5000E+00
1.3434E+00  5.0397E+03  3.7110E+04  1.0000E+00  0.0000E+00  0.0000E+00  1.5000E+00
1.5084E+00  5.0948E+03  4.1500E+04  1.0000E+00  0.0000E+00  0.0000E+00  1.5000E+00
1.6945E+00  5.1544E+03  4.6270E+04  1.0000E+00  0.0000E+00  0.0000E+00  1.5000E+00
1.9036E+00  5.2303E+03  5.1710E+04  1.0000E+00  0.0000E+00  0.0000E+00  1.5000E+00
2.1359E+00  5.3242E+03  5.7820E+04  1.0000E+00  0.0000E+00  0.0000E+00  1.5000E+00
2.3894E+00  5.4427E+03  6.4700E+04  1.0000E+00  0.0000E+00  0.0000E+00  1.5000E+00
2.6563E+00  5.5950E+03  7.2650E+04  1.0000E+00  0.0000E+00  0.0000E+00  1.5000E+00
2.9254E+00  5.7420E+03  8.0710E+04  1.0000E+00  0.0000E+00  0.0000E+00  1.5000E+00
3.1935E+00  5.8893E+03  8.8830E+04  1.0000E+00  0.0000E+00  0.0000E+00  1.5000E+00
3.4572E+00  6.0403E+03  9.6590E+04  1.0000E+00  0.0000E+00  0.0000E+00  1.5000E+00
3.7140E+00  6.1914E+03  1.0360E+05  1.0000E+00  0.0000E+00  0.0000E+00  1.5000E+00
3.9576E+00  6.3724E+03  1.1030E+05  1.0000E+00  0.0000E+00  0.0000E+00  1.5000E+00
4.1832E+00  6.5742E+03  1.1650E+05  1.0000E+00  0.0000E+00  0.0000E+00  1.5000E+00
4.3917E+00  6.7851E+03  1.2180E+05  1.0000E+00  0.0000E+00  0.0000E+00  1.5000E+00
4.5737E+00  7.0260E+03  1.2730E+05  1.0000E+00  0.0000E+00  0.0000E+00  1.5000E+00
4.7353E+00  7.2748E+03  1.3140E+05  1.0000E+00  0.0000E+00  0.0000E+00  1.5000E+00
4.8873E+00  7.5276E+03  1.3490E+05  1.0000E+00  0.0000E+00  0.0000E+00  1.5000E+00
4.9689E+00  7.9236E+03  1.3680E+05  1.0000E+00  0.0000E+00  0.0000E+00  1.5000E+00
5.0316E+00  8.3582E+03  1.3830E+05  1.0000E+00  0.0000E+00  0.0000E+00  1.5000E+00
5.0950E+00  8.7927E+03  1.3980E+05  1.0000E+00  0.0000E+00  0.0000E+00  1.5000E+00
5.1591E+00  9.2273E+03  1.4140E+05  1.0000E+00  0.0000E+00  0.0000E+00  1.5000E+00
5.2088E+00  9.5099E+03  1.4240E+05  1.0000E+00  0.0000E+00  0.0000E+00  1.5000E+00
5.2537E+00  9.7417E+03  1.4330E+05  1.0000E+00  0.0000E+00  0.0000E+00  1.5000E+00
5.2990E+00  9.9735E+03  1.4410E+05  1.0000E+00  0.0000E+00  0.0000E+00  1.5000E+00
5.3447E+00  1.0205E+04  1.4500E+05  1.0000E+00  0.0000E+00  0.0000E+00  1.5000E+00
5.3908E+00  1.0437E+04  1.4590E+05  1.0000E+00  0.0000E+00  0.0000E+00  1.5000E+00
5.4511E+00  1.0500E+04  1.4750E+05  1.0000E+00  0.0000E+00  0.0000E+00  1.5000E+00
5.5126E+00  1.0558E+04  1.4910E+05  1.0000E+00  0.0000E+00  0.0000E+00  1.5000E+00
5.5747E+00  1.0615E+04  1.5070E+05  1.0000E+00  0.0000E+00  0.0000E+00  1.5000E+00
5.6579E+00  1.0668E+04  1.5290E+05  1.0000E+00  0.0000E+00  0.0000E+00  1.5000E+00
5.7527E+00  1.0719E+04  1.5540E+05  1.0000E+00  0.0000E+00  0.0000E+00  1.5000E+00
5.8652E+00  1.0757E+04  1.5850E+05  1.0000E+00  0.0000E+00  0.0000E+00  1.5000E+00
5.9968E+00  1.0782E+04  1.6240E+05  1.0000E+00  0.0000E+00  0.0000E+00  1.5000E+00
6.1611E+00  1.0822E+04  1.6720E+05  1.0000E+00  0.0000E+00  0.0000E+00  1.5000E+00
6.3528E+00  1.0864E+04  1.7290E+05  1.0000E+00  0.0000E+00  0.0000E+00  1.5000E+00
6.5791E+00  1.0909E+04  1.7940E+05  1.0000E+00  0.0000E+00  0.0000E+00  1.5000E+00
6.8455E+00  1.0960E+04  1.8680E+05  1.0000E+00  0.0000E+00  0.0000E+00  1.5000E+00
7.1566E+00  1.1014E+04  1.9510E+05  1.0000E+00  0.0000E+00  0.0000E+00  1.5000E+00
7.5229E+00  1.1073E+04  2.0470E+05  1.0000E+00  0.0000E+00  0.0000E+00  1.5000E+00
7.9458E+00  1.1138E+04  2.1570E+05  1.0000E+00  0.0000E+00  0.0000E+00  1.5000E+00
