8.3406E-03  3.7023E+03  1.9720E+02  1.0000E+00  0.0000E+00  0.0000E+00  1.5000E+00
9.7553E-03  3.6941E+03  2.2150E+02  1.0000E+00  0.0000E+00  0.0000E+00  1.5000E+00
1.1392E-02  3.7041E+03  2.5190E+02  1.0000E+00  0.0000E+00  0.0000E+00  1.5000E+00
1.3255E-02  3.7359E+03  2.8870E+02  1.0000E+00  0.0000E+00  0.0000E+00  1.5000E+00
1.5352E-02  3.7845E+03  3.3250E+02  1.0000E+00  0.0000E+00  0.0000E+00  1.5000E+00
1.7687E-02  3.8342E+03  3.8330E+02  1.0000E+00  0.0000E+00  0.0000E+00  1.5000E+00
2.0302E-02  3.8746E+03  4.4140E+02  1.0000E+00  0.0000E+00  0.0000E+00  1.5000E+00
2.3229E-02  3.9113E+03  5.0730E+02  1.0000E+00  0.0000E+00  0.0000E+00  1.5000E+00
2.6511E-02  3.9482E+03  5.8190E+02  1.0000E+00  0.0000E+00  0.0000E+00  1.5000E+00
3.0189E-02  3.9841E+03  6.6720E+02  1.0000E+00  0.0000E+00  0.0000E+00  1.5000E+00
3.4311E-02  4.0205E+03  7.6430E+02  1.0000E+00  0.0000E+00  0.0000E+00  1.5000E+00
3.8926E-02  4.0610E+03  8.7440E+02  1.0000E+00  0.0000E+00  0.0000E+00  1.5000E+00
4.4090E-02  4.1113E+03  1.0030E+03  1.0000E+00  0.0000E+00  0.0000E+00  1.5000E+00
4.9834E-02  4.1818E+03  1.1590E+03  1.0000E+00  0.0000E+00  0.0000E+00  1.5000E+00
5.6213E-02  4.2735E+03  1.3530E+03  1.0000E+00  0.0000E+00  0.0000E+00  1.5000E+00
6.3277E-02  4.3795E+03  1.5920E+03  1.0000E+00  0.0000E+00  0.0000E+00  1.5000E+00
7.1128E-02  4.4823E+03  1.8720E+03  1.0000E+00  0.0000E+00  0.0000E+00  1.5000E+00
7.9895E-02  4.5578E+03  2.1700E+03  1.0000E+00  0.0000E+00  0.0000E+00  1.5000E+00
8.9727E-02  4.5947E+03  2.4640E+03  1.0000E+00  0.0000E+00  0.0000E+00  1.5000E+00
1.0083E-01  4.6013E+03  2.7470E+03  1.0000E+00  0.0000E+00  0.0000E+00  1.5000E+00
1.1343E-01  4.6116E+03  3.0550E+03  1.0000E+00  0.0000E+00  0.0000E+00  1.5000E+00
1.2773E-01  4.6370E+03  3.4120E+03  1.0000E+00  0.0000E+00  0.0000E+00  1.5000E+00
1.4393E-01  4.6693E+03  3.8320E+03  1.0000E+00  0.0000E+00  0.0000E+00  1.5000E+00
1.6220E-01  4.6904E+03  4.3170E+03  1.0000E+00  0.0000E+00  0.0000E+00  1.5000E+00
1.8275E-01  4.7139E+03  4.8650E+03  1.0000E+00  0.0000E+00  0.0000E+00  1.5000E+00
2.0586E-01  4.7224E+03  5.4620E+03  1.0000E+00  0.0000E+00  0.0000E+00  1.5000E+00
2.3188E-01  4.7207E+03  6.1120E+03  1.0000E+00  0.0000E+00  0.0000E+00  1.5000E+00
2.6120E-01  4.7165E+03  6.8330E+03  1.0000E+00  0.0000E+00  0.0000E+00  1.5000E+00
2.9421E-01  4.7163E+03  7.6620E+03  1.0000E+00  0.0000E+00  0.0000E+00  1.5000E+00
3.3131E-01  4.7297E+03  8.6380E+03  1.0000E+00  0.0000E+00  0.0000E+00  1.5000E+00
3.7289E-01  4.7610E+03  9.8010E+03  1.0000E+00  0.0000E+00  0.0000E+00  1.5000E+00
4.1933E-01  4.8027E+03  1.1160E+04  1.0000E+00  0.0000E+00  0.0000E+00  1.5000E+00
4.7124E-01  4.8402E+03  1.2660E+04  1.0000E+00  0.0000E+00  0.0000E+00  1.5000E+00
5.2944E-01  4.8651E+03  1.4260E+04  1.0000E+00  0.0000E+00  0.0000E+00  1.5000E+00
5.9504E-01  4.8780E+03  1.5940E+04  1.0000E+00  0.0000E+00  0.0000E+00  1.5000E+00
6.6920E-01  4.8882E+03  1.7770E+04  1.0000E+00  0.0000E+00  0.0000E+00  1.5000E+00
7.5324E-01  4.8992E+03  1.9790E+04  1.0000E+00  0.0000E+00  0.0000E+00  1.5000E+00
8.4849E-01  4.9183E+03  2.2070E+04  1.0000E+00  0.0000E+00  0.0000E+00  1.5000E+00
9.5604E-01  4.9555E+03  2.4790E+04  1.0000E+00  0.0000E+00  0.0000E+00  1.5000E+00
1.0764E+00  5.0198E+03  2.8160E+04  1.0000E+00  0.0000E+00  0.0000E+00  1.5000E+00
1.2102E+00  5.0983E+03  3.2160E+04  1.0000E+00  0.0000E+00  0.0000E+00  1.5000E+00
1.3578E+00  5.1734E+03  3.6570E+04  1.0000E+00  0.0000E+00  0.0000E+00  1.5000E+00
1.5212E+00  5.2384E+03  4.1300E+04  1.0000E+00  0.0000E+00  0.0000E+00  1.5000E+00
1.7026E+00  5.2948E+03  4.6310E+04  1.0000E+00  0.0000E+00  0.0000E+00  1.5000E+00
1.9055E+00  5.3380E+03  5.1380E+04  1.0000E+00  0.0000E+00  0.0000E+00  1.5000E+00
2.1348E+00  5.3696E+03  5.6440E+04  1.0000E+00  0.0000E+00  0.0000E+00  1.5000E+00
2.3960E+00  5.4135E+03  6.1530E+04  1.0000E+00  0.0000E+00  0.0000E+00  1.5000E+00
2.6905E+00  5.4818E+03  6.6940E+04  1.0000E+00  0.0000E+00  0.0000E+00  1.5000E+00
3.0128E+00  5.5997E+03  7.3100E+04  1.0000E+00  0.0000E+00  0.0000E+00  1.5000E+00
3.3430E+00  5.7695E+03  8.0040E+04  1.0000E+00  0.0000E+00  0.0000E+00  1.5000E+00
3.6573E+00  5.9716E+03  8.7600E+04  1.0000E+00  0.0000E+00  0.0000E+00  1.5000E+00
3.9453E+00  6.1740E+03  9.5230E+04  1.0000E+00  0.0000E+00  0.0000E+00  1.5000E+00
4.2046E+00  6.3724E+03  1.0260E+05  1.0000E+00  0.0000E+00  0.0000E+00  1.5000E+00
4.4357E+00  6.5816E+03  1.0920E+05  1.0000E+00  0.0000E+00  0.0000E+00  1.5000E+00
4.6387E+00  6.8143E+03  1.1500E+05  1.0000E+00  0.0000E+00  0.0000E+00  1.5000E+00
4.8280E+00  7.0211E+03  1.2010E+05  1.0000E+00  0.0000E+00  0.0000E+00  1.5000E+00
5.0046E+00  7.2287E+03  1.2460E+05  1.0000E+00  0.0000E+00  0.0000E+00  1.5000E+00
5.1213E+00  7.6467E+03  1.2700E+05  1.0000E+00  0.0000E+00  0.0000E+00  1.5000E+00
5.2407E+00  8.0647E+03  1.2940E+05  1.0000E+00  0.0000E+00  0.0000E+00  1.5000E+00
5.2996E+00  8.4418E+03  1.3060E+05  1.0000E+00  0.0000E+00  0.0000E+00  1.5000E+00
5.3520E+00  8.8142E+03  1.3160E+05  1.0000E+00  0.0000E+00  0.0000E+00  1.5000E+00
5.4049E+00  9.1867E+03  1.3270E+05  1.0000E+00  0.0000E+00  0.0000E+00  1.5000E+00
5.4582E+00  9.5591E+03  1.3370E+05  1.0000E+00  0.0000E+00  0.0000E+00  1.5000E+00
5.5083E+00  9.8181E+03  1.3470E+05  1.0000E+00  0.0000E+00  0.0000E+00  1.5000E+00
5.5559E+00  9.9937E+03  1.3550E+05  1.0000E+00  0.0000E+00  0.0000E+00  1.5000E+00
5.6039E+00  1.0169E+04  1.3630E+05  1.0000E+00  0.0000E+00  0.0000E+00  1.5000E+00
5.6523E+00  1.0345E+04  1.3710E+05  1.0000E+00  0.0000E+00  0.0000E+00  1.5000E+00
5.7087E+00  1.0469E+04  1.3820E+05  1.0000E+00  0.0000E+00  0.0000E+00  1.5000E+00
5.7757E+00  1.0525E+04  1.3980E+05  1.0000E+00  0.0000E+00  0.0000E+00  1.5000E+00
5.8434E+00  1.0582E+04  1.4130E+05  1.0000E+00  0.0000E+00  0.0000E+00  1.5000E+00
5.9301E+00  1.0620E+04  1.4320E+05  1.0000E+00  0.0000E+00  0.0000E+00  1.5000E+00
6.0307E+00  1.0646E+04  1.4540E+05  1.0000E+00  0.0000E+00  0.0000E+00  1.5000E+00
6.1551E+00  1.0672E+04  1.4820E+05  1.0000E+00  0.0000E+00  0.0000E+00  1.5000E+00
6.3005E+00  1.0698E+04  1.5150E+05  1.0000E+00  0.0000E+00  0.0000E+00  1.5000E+00
6.4768E+00  1.0727E+04  1.5550E+05  1.0000E+00  0.0000E+00  0.0000E+00  1.5000E+00
6.6902E+00  1.0761E+04  1.6040E+05  1.0000E+00  0.0000E+00  0.0000E+00  1.5000E+00
6.9447E+00  1.0803E+04  1.6650E+05  1.0000E+00  0.0000E+00  0.0000E+00  1.5000E+00
7.2431E+00  1.0855E+04  1.7430E+05  1.0000E+00  0.0000E+00  0.0000E+00  1.5000E+00
7.5881E+00  1.0917E+04  1.8400E+05  1.0000E+00  0.0000E+00  0.0000E+00  1.5000E+00
7.9892E+00  1.0987E+04  1.9590E+05  1.0000E+00  0.0000E+00  0.0000E+00  1.5000E+00
8.4465E+00  1.1067E+04  2.1030E+05  1.0000E+00  0.0000E+00  0.0000E+00  1.5000E+00
