      2282.66      100000. 1.25022e+010 1.15150e+010      12.9370
      2281.44      95600.0 1.30285e+010 1.20436e+010      12.8787
      2280.21      90820.0 1.36530e+010 1.26750e+010      12.8124
      2278.58      83890.0 1.46700e+010 1.37190e+010      12.7096
      2276.95      75930.0 1.60423e+010 1.51508e+010      12.5807
      2276.12      71340.0 1.69587e+010 1.61183e+010      12.5003
      2275.28      66150.0 1.81338e+010 1.73682e+010      12.4033
      2274.43      60170.0 1.97179e+010 1.90618e+010      12.2825
      2273.60      53280.0 2.19542e+010 2.14481e+010      12.1294
      2273.20      49390.0 2.34733e+010 2.30657e+010      12.0344
      2272.83      45420.0 2.52688e+010 2.49812e+010      11.9299
      2272.47      41180.0 2.75241e+010 2.74101e+010      11.8083
      2272.12      36590.0 3.04756e+010 3.06347e+010      11.6625
      2271.79      32150.0 3.39832e+010 3.45951e+010      11.5032
      2271.48      27970.0 3.80766e+010 3.94301e+010      11.3317
      2271.19      24060.0 4.29428e+010 4.53447e+010      11.1485
      2270.87      20420.0 4.86596e+010 5.27850e+010      10.9493
      2270.62      17930.0 5.33982e+010 5.95513e+010      10.7922
      2270.42      16280.0 5.70355e+010 6.50977e+010      10.6765
      2270.16      14520.0 6.13534e+010 7.23468e+010      10.5397
      2269.87      13080.0 6.49984e+010 7.98071e+010      10.4132
      2269.62      12190.0 6.70484e+010 8.54582e+010      10.3254
      2269.34      11440.0 6.85581e+010 9.10142e+010      10.2446
      2269.00      10850.0 6.91778e+010 9.63082e+010      10.1705
      2268.52      10340.0 6.88533e+010 1.01837e+011      10.0980
      2267.91      9983.00 6.73409e+010 1.06753e+011      10.0384
      2267.03      9735.00 6.47125e+010 1.11253e+011      9.98933
      2265.92      9587.00 6.23477e+010 1.14369e+011      9.96270
      2264.06      9458.00 5.99346e+010 1.18927e+011      9.89196
      2256.73      9358.00 5.88714e+010 1.23599e+011      9.83603
      2242.73      9228.00 6.03583e+010 1.28936e+011      9.78982
      2210.73      8988.00 6.45258e+010 1.42058e+011      9.66857
      2162.73      8635.00 7.09076e+010 1.66129e+011      9.46203
      2108.73      8273.00 7.52892e+010 2.01750e+011      9.20995
      2052.73      7970.00 7.87571e+010 2.48795e+011      8.93638
      2003.91      7780.00 8.20004e+010 2.98875e+011      8.69618
      1941.84      7600.00 8.64069e+010 3.78850e+011      8.38562
      1861.58      7410.00 9.15028e+010 5.22298e+011      7.96510
      1767.77      7220.00 9.43589e+010 7.80111e+011      7.44352
      1681.86      7080.00 9.75664e+010 1.14973e+012      6.93987
      1577.19      6910.00 1.04361e+011 1.90652e+012      6.28318
      1470.00      6740.00 1.14608e+011 3.34302e+012      5.54928
      1375.00      6570.00 1.22479e+011 5.75515e+012      4.83840
      1275.00      6370.00 1.28086e+011 1.07325e+013      4.02924
      1180.00      6180.00 1.33865e+011 2.03799e+013      3.19661
      1085.00      5950.00 1.30610e+011 4.02027e+013      2.52107
      1015.00      5760.00 1.22772e+011 6.75776e+013      2.20754
      905.000      5380.00 9.72911e+010 1.62497e+014      1.77228
      855.000      5160.00 8.34927e+010 2.51547e+014      1.53095
      750.000      4680.00 9.12251e+010 6.81587e+014      1.06708
      700.000      4560.00 1.30721e+011 1.10421e+015     0.882963
      625.000      4500.00 2.43781e+011 2.25364e+015     0.635445
      590.000      4510.00 3.29182e+011 3.12268e+015     0.547107
      500.000      4610.00 7.16823e+011 7.04531e+015     0.394486
      450.000      4690.00 1.10009e+012 1.09089e+016     0.339631
      350.000      4880.00 2.55816e+012 2.52920e+016     0.481249
      300.000      4990.00 3.88158e+012 3.77600e+016     0.671742
      250.000      5150.00 5.98603e+012 5.50994e+016     0.878556
      225.000      5270.00 7.58630e+012 6.56055e+016     0.992233
      175.000      5580.00 1.32960e+013 9.02504e+016      1.25816
      150.000      5790.00 1.95078e+013 1.03810e+017      1.41401
      120.000      6180.00 4.02835e+013 1.19015e+017      1.57190
      110.000      6340.00 5.45684e+013 1.23677e+017      1.62776
      90.0000      6720.00 1.09977e+014 1.32056e+017      1.70894
      80.0000      6980.00 1.71916e+014 1.34826e+017      1.75555
      60.0000      7590.00 4.44678e+014 1.38294e+017      1.85910
      50.0000      7900.00 6.86937e+014 1.39849e+017      1.88810
      30.0000      8540.00 1.53174e+015 1.41800e+017      2.00000
      20.0000      8860.00 2.19451e+015 1.42715e+017      2.00000
     0.000000      9400.00 3.83156e+015 1.45624e+017      2.00000
