      2270.87      20420.0 4.86596e+010 5.27850e+010      10.9493
      2270.62      17930.0 5.33982e+010 5.95513e+010      10.7922
      2270.42      16280.0 5.70355e+010 6.50977e+010      10.6765
      2270.16      14520.0 6.13534e+010 7.23468e+010      10.5397
      2269.87      13080.0 6.49984e+010 7.98071e+010      10.4132
      2269.62      12190.0 6.70484e+010 8.54582e+010      10.3254
      2269.34      11440.0 6.85581e+010 9.10142e+010      10.2446
      2269.00      10850.0 6.91778e+010 9.63082e+010      10.1705
      2268.52      10340.0 6.88533e+010 1.01837e+011      10.0980
      2267.91      9983.00 6.73409e+010 1.06753e+011      10.0384
      2267.03      9735.00 6.47125e+010 1.11253e+011      9.98933
      2265.92      9587.00 6.23477e+010 1.14369e+011      9.96270
      2264.06      9458.00 5.99346e+010 1.18927e+011      9.89196
      2256.73      9358.00 5.88714e+010 1.23599e+011      9.83603
      2242.73      9228.00 6.03583e+010 1.28936e+011      9.78982
      2210.73      8988.00 6.45258e+010 1.42058e+011      9.66857
      2162.73      8635.00 7.09076e+010 1.66129e+011      9.46203
      2108.73      8273.00 7.52892e+010 2.01750e+011      9.20995
      2052.73      7970.00 7.87571e+010 2.48795e+011      8.93638
      2003.91      7780.00 8.20004e+010 2.98875e+011      8.69618
      1941.84      7600.00 8.64069e+010 3.78850e+011      8.38562
      1861.58      7410.00 9.15028e+010 5.22298e+011      7.96510
      1767.77      7220.00 9.43589e+010 7.80111e+011      7.44352
      1681.86      7080.00 9.75664e+010 1.14973e+012      6.93987
      1577.19      6910.00 1.04361e+011 1.90652e+012      6.28318
      1470.00      6740.00 1.14608e+011 3.34302e+012      5.54928
      1375.00      6570.00 1.22479e+011 5.75515e+012      4.83840
      1275.00      6370.00 1.28086e+011 1.07325e+013      4.02924
      1180.00      6180.00 1.33865e+011 2.03799e+013      3.19661
      1085.00      5950.00 1.30610e+011 4.02027e+013      2.52107
      1015.00      5760.00 1.22772e+011 6.75776e+013      2.20754
      955.000      5570.00 1.11018e+011 1.07611e+014      2.00075
      905.000      5380.00 9.72911e+010 1.62497e+014      1.77228
      855.000      5160.00 8.34927e+010 2.51547e+014      1.53095
      805.000      4900.00 7.53664e+010 4.01456e+014      1.30538
      750.000      4680.00 9.12251e+010 6.81587e+014      1.06708
      700.000      4560.00 1.30721e+011 1.10421e+015     0.882963
      660.000      4520.00 1.81488e+011 1.61600e+015     0.746857
      625.000      4500.00 2.43781e+011 2.25364e+015     0.635445
      590.000      4510.00 3.29182e+011 3.12268e+015     0.547107
