2282.65991  100000.00000   1.2502200E+10   1.1515000E+10   12.93700
2281.43994   95600.00000   1.3028500E+10   1.2043600E+10   12.87870
2280.20996   90820.00000   1.3653000E+10   1.2675000E+10   12.81240
2278.58008   83890.00000   1.4670000E+10   1.3719000E+10   12.70960
2276.94995   75930.00000   1.6042300E+10   1.5150800E+10   12.58070
2276.12012   71340.00000   1.6958700E+10   1.6118300E+10   12.50030
2275.28003   66150.00000   1.8133801E+10   1.7368199E+10   12.40330
2274.42993   60170.00000   1.9717900E+10   1.9061801E+10   12.28250
2273.60010   53280.00000   2.1954200E+10   2.1448100E+10   12.12940
2273.19995   49390.00000   2.3473299E+10   2.3065700E+10   12.03440
2272.83008   45420.00000   2.5268799E+10   2.4981201E+10   11.92990
2272.46997   41180.00000   2.7524100E+10   2.7410100E+10   11.80830
2272.12012   36590.00000   3.0475600E+10   3.0634701E+10   11.66250
2271.79004   32150.00000   3.3983199E+10   3.4595099E+10   11.50320
2271.47998   27970.00000   3.8076600E+10   3.9430099E+10   11.33170
2271.18994   24060.00000   4.2942800E+10   4.5344698E+10   11.14850
2270.87012   20420.00000   4.8659599E+10   5.2785000E+10   10.94930
2270.62012   17930.00000   5.3398200E+10   5.9551302E+10   10.79220
2270.41992   16280.00000   5.7035502E+10   6.5097699E+10   10.67650
2270.15991   14520.00000   6.1353398E+10   7.2346796E+10   10.53970
2269.87012   13080.00000   6.4998400E+10   7.9807103E+10   10.41320
2269.62012   12190.00000   6.7048399E+10   8.5458199E+10   10.32540
2269.34009   11440.00000   6.8558098E+10   9.1014201E+10   10.24460
2269.00000   10850.00000   6.9177803E+10   9.6308199E+10   10.17050
2268.52002   10340.00000   6.8853301E+10   1.0183700E+11   10.09800
2267.90991    9983.00000   6.7340898E+10   1.0675300E+11   10.03840
2267.03003    9735.00000   6.4712499E+10   1.1125300E+11    9.98933
2265.91992    9587.00000   6.2347698E+10   1.1436900E+11    9.96270
2264.06006    9458.00000   5.9934601E+10   1.1892700E+11    9.89196
2256.72998    9358.00000   5.8871398E+10   1.2359900E+11    9.83603
2242.72998    9228.00000   6.0358300E+10   1.2893600E+11    9.78982
2210.72998    8988.00000   6.4525799E+10   1.4205800E+11    9.66857
2162.72998    8635.00000   7.0907601E+10   1.6612899E+11    9.46203
2108.72998    8273.00000   7.5289199E+10   2.0175000E+11    9.20995
2052.72998    7970.00000   7.8757102E+10   2.4879500E+11    8.93638
2003.91003    7780.00000   8.2000396E+10   2.9887499E+11    8.69618
1941.83997    7600.00000   8.6406898E+10   3.7884998E+11    8.38562
1861.57996    7410.00000   9.1502797E+10   5.2229800E+11    7.96510
1767.77002    7220.00000   9.4358897E+10   7.8011099E+11    7.44352
1681.85999    7080.00000   9.7566401E+10   1.1497300E+12    6.93987
1577.18994    6910.00000   1.0436100E+11   1.9065200E+12    6.28318
1470.00000    6740.00000   1.1460800E+11   3.3430199E+12    5.54928
1375.00000    6570.00000   1.2247900E+11   5.7551497E+12    4.83840
1275.00000    6370.00000   1.2808600E+11   1.0732500E+13    4.02924
1180.00000    6180.00000   1.3386500E+11   2.0379901E+13    3.19661
1085.00000    5950.00000   1.3061000E+11   4.0202702E+13    2.52107
1015.00000    5760.00000   1.2277200E+11   6.7577598E+13    2.20754
 955.00000    5570.00000   1.1101800E+11   1.0761100E+14    2.00075
 905.00000    5380.00000   9.7291100E+10   1.6249700E+14    1.77228
 855.00000    5160.00000   8.3492700E+10   2.5154701E+14    1.53095
 805.00000    4900.00000   7.5366400E+10   4.0145600E+14    1.30538
 796.95652    4867.82609   7.7685656E+10   4.4242377E+14    1.27053
 788.91304    4835.65217   8.0004912E+10   4.8339155E+14    1.23568
 780.86957    4803.47826   8.2324168E+10   5.2435933E+14    1.20083
 772.82609    4771.30435   8.4643424E+10   5.6532711E+14    1.16598
 764.78261    4739.13043   8.6962680E+10   6.0629488E+14    1.13113
 756.73913    4706.95652   8.9281936E+10   6.4726266E+14    1.09628
 748.69565    4676.86957   9.2255424E+10   6.9261196E+14    1.06228
 740.65217    4657.56522   9.8609113E+10   7.6059914E+14    1.03266
 732.60870    4638.26087   1.0496280E+11   8.2858631E+14    1.00304
 724.56522    4618.95652   1.1131649E+11   8.9657348E+14    0.97342
 716.52174    4599.65217   1.1767018E+11   9.6456066E+14    0.94380
 708.47826    4580.34783   1.2402387E+11   1.0325478E+15    0.91418
 700.43478    4561.04348   1.3037755E+11   1.1005350E+15    0.88456
 692.39130    4552.39130   1.4037776E+11   1.2015613E+15    0.85707
 684.34783    4544.34783   1.5058634E+11   1.3044756E+15    0.82970
 676.30435    4536.30435   1.6079492E+11   1.4073899E+15    0.80233
 668.26087    4528.26087   1.7100350E+11   1.5103042E+15    0.77497
 660.21739    4520.21739   1.8121209E+11   1.6132185E+15    0.74760
 652.17391    4515.52795   1.9541686E+11   1.7585778E+15    0.72194
 644.13043    4510.93168   2.0973265E+11   1.9051162E+15    0.69634
 636.08696    4506.33540   2.2404843E+11   2.0516546E+15    0.67074
 628.04348    4501.73913   2.3836421E+11   2.1981930E+15    0.64513
 620.00000    4501.42857   2.5598113E+11   2.3777885E+15    0.62283
 611.95652    4503.72671   2.7560745E+11   2.5775058E+15    0.60252
 603.91304    4506.02484   2.9523377E+11   2.7772232E+15    0.58222
 595.86957    4508.32298   3.1486008E+11   2.9769405E+15    0.56192
 587.82609    4511.63043   3.3655095E+11   3.1978943E+15    0.54318
 579.78261    4517.66304   3.6381613E+11   3.4761865E+15    0.52866
 571.73913    4523.69565   3.9108131E+11   3.7544788E+15    0.51414
 563.69565    4529.72826   4.1834649E+11   4.0327711E+15    0.49962
 555.65217    4535.76087   4.4561167E+11   4.3110633E+15    0.48510
 547.60870    4543.34783   4.7682565E+11   4.6280357E+15    0.47105
 539.56522    4554.60870   5.1737315E+11   5.0364336E+15    0.45811
 531.52174    4565.86957   5.5792065E+11   5.4448315E+15    0.44518
 523.47826    4577.13043   5.9846814E+11   5.8532294E+15    0.43224
 515.43478    4588.39130   6.3901564E+11   6.2616273E+15    0.41931
 507.39130    4599.65217   6.7956314E+11   6.6700252E+15    0.40637
 499.34783    4611.04348   7.2182214E+11   7.0957044E+15    0.39377
 491.30435    4623.91304   7.8347814E+11   7.7172385E+15    0.38495
 483.26087    4636.78261   8.4513414E+11   8.3387726E+15    0.37612
 475.21739    4649.65217   9.0679015E+11   8.9603067E+15    0.36730
 467.17391    4662.52174   9.6844615E+11   9.5818409E+15    0.35847
 459.13043    4675.39130   1.0301022E+12   1.0203375E+16    0.34965
 451.08696    4688.26087   1.0917582E+12   1.0824909E+16    0.34082
 443.04348    4702.52174   1.1808539E+12   1.1716316E+16    0.34221
 435.00000    4717.00000   1.2742370E+12   1.2649890E+16    0.34518
 426.95652    4731.47826   1.3676202E+12   1.3583464E+16    0.34816
 418.91304    4745.95652   1.4610034E+12   1.4517039E+16    0.35114
 410.86957    4760.43478   1.5543865E+12   1.5450613E+16    0.35412
 402.82609    4774.91304   1.6477697E+12   1.6384187E+16    0.35710
 394.78261    4790.43478   1.7721536E+12   1.7607483E+16    0.37099
 386.73913    4806.52174   1.9133295E+12   1.8987712E+16    0.39079
 378.69565    4822.60870   2.0545054E+12   2.0367941E+16    0.41060
 370.65217    4838.69565   2.1956813E+12   2.1748169E+16    0.43040
 362.60870    4854.78261   2.3368572E+12   2.3128398E+16    0.45020
 354.56522    4870.86957   2.4780331E+12   2.4508626E+16    0.47001
 346.52174    4887.65217   2.6502240E+12   2.6159339E+16    0.49450
 338.47826    4905.34783   2.8631220E+12   2.8165060E+16    0.52515
 330.43478    4923.04348   3.0760200E+12   3.0170782E+16    0.55579
 322.39130    4940.73913   3.2889181E+12   3.2176504E+16    0.58643
 314.34783    4958.43478   3.5018161E+12   3.4182226E+16    0.61708
 306.30435    4976.13043   3.7147141E+12   3.6187947E+16    0.64772
 298.26087    4994.86957   3.9457874E+12   3.8321280E+16    0.67615
 290.21739    5017.39130   4.2427462E+12   4.0917200E+16    0.69656
 282.17391    5039.91304   4.5397049E+12   4.3513120E+16    0.71696
 274.13043    5063.13043   4.8456546E+12   4.6150870E+16    0.74015
 266.08696    5092.08696   5.2257797E+12   4.9133714E+16    0.78629
 258.04348    5121.04348   5.6059048E+12   5.2116557E+16    0.83242
 250.00000    5150.00000   5.9860299E+12   5.5099401E+16    0.87856
 225.00000    5270.00000   7.5863000E+12   6.5605501E+16    0.99223
 200.00000    5410.00000   9.8177395E+12   7.7363803E+16    1.13012
 175.00000    5580.00000   1.3296000E+13   9.0250397E+16    1.25816
 150.00000    5790.00000   1.9507800E+13   1.0381000E+17    1.41401
 135.00000    5980.00000   2.7492201E+13   1.1138700E+17    1.49328
 120.00000    6180.00000   4.0283501E+13   1.1901500E+17    1.57190
 110.00000    6340.00000   5.4568398E+13   1.2367700E+17    1.62776
 100.00000    6520.00000   7.6411503E+13   1.2803900E+17    1.67244
  90.00000    6720.00000   1.0997700E+14   1.3205600E+17    1.70894
  80.00000    6980.00000   1.7191600E+14   1.3482600E+17    1.75555
  70.00000    7280.00000   2.7893600E+14   1.3679300E+17    1.79182
  60.00000    7590.00000   4.4467800E+14   1.3829400E+17    1.85910
  50.00000    7900.00000   6.8693700E+14   1.3984900E+17    1.88810
  40.00000    8220.00000   1.0412500E+15   1.4094500E+17    1.93999
  30.00000    8540.00000   1.5317400E+15   1.4180000E+17    2.00000
  20.00000    8860.00000   2.1945101E+15   1.4271500E+17    2.00000
  10.00000    9140.00000   2.9522701E+15   1.4410400E+17    2.00000
   0.00000    9400.00000   3.8315599E+15   1.4562399E+17    2.00000
