      1252.73      198260. 7.63291e+010 6.97402e+010      10.5901
      1251.67      185000. 8.17120e+010 7.46717e+010      10.5014
      1250.82      173000. 8.72790e+010 7.97807e+010      10.4155
      1249.99      159850. 9.43091e+010 8.62599e+010      10.3141
      1249.33      148000. 1.01667e+011 9.30961e+010      10.2151
      1248.70      135000. 1.11131e+011 1.02014e+011      10.0963
      1248.20      123060. 1.21441e+011 1.11938e+011      9.97575
      1247.80      112000. 1.32750e+011 1.23132e+011      9.85200
      1247.43      100000. 1.47509e+011 1.38276e+011      9.70138
      1247.20      91025.0 1.60878e+011 1.52292e+011      9.57602
      1247.02      83000.0 1.75064e+011 1.67468e+011      9.45268
      1246.87      75000.0 1.92210e+011 1.85678e+011      9.31866
      1246.72      65000.0 2.19894e+011 2.14086e+011      9.13382
      1246.63      58039.0 2.44532e+011 2.39533e+011      8.98702
      1246.56      51000.0 2.76405e+011 2.71757e+011      8.82172
      1246.51      45151.0 3.09753e+011 3.06273e+011      8.66512
      1246.46      39560.0 3.49894e+011 3.48951e+011      8.49426
      1246.42      33672.0 4.04708e+011 4.09627e+011      8.28429
      1246.38      28883.0 4.64483e+011 4.76728e+011      8.08560
      1246.36      25502.0 5.19251e+011 5.38679e+011      7.92558
      1246.32      22122.0 5.88204e+011 6.19795e+011      7.74322
      1246.30      19727.0 6.47237e+011 6.95875e+011      7.59286
      1246.27      17352.0 7.19618e+011 7.91660e+011      7.42539
      1246.25      15643.0 7.83934e+011 8.77632e+011      7.29151
      1246.23      14119.0 8.46181e+011 9.76689e+011      7.15263
      1246.22      13300.0 8.73741e+011 1.04811e+012      7.06099
      1246.19      12311.0 9.10253e+011 1.14694e+012      6.94394
      1246.17      11763.0 9.28040e+011 1.21231e+012      6.87193
      1246.14      11336.0 9.28792e+011 1.27911e+012      6.80222
      1246.10      10960.0 9.04450e+011 1.36281e+012      6.71983
      1246.00      10600.0 8.45375e+011 1.47703e+012      6.61506
      1245.77      10190.0 7.47844e+011 1.63858e+012      6.47952
      1245.38      9870.00 6.52091e+011 1.78775e+012      6.36517
      1244.48      9490.00 5.88046e+011 1.93230e+012      6.26251
      1243.05      9156.00 5.32217e+011 2.06995e+012      6.17174
      1239.95      8627.00 4.36352e+011 2.31332e+012      6.02640
      1233.57      8128.00 3.19043e+011 2.62094e+012      5.86401
      1223.00      7675.00 2.29103e+011 2.97784e+012      5.69838
      1208.00      7200.00 1.58657e+011 3.45467e+012      5.50486
      1193.00      6831.00 1.21110e+011 3.94493e+012      5.33156
      1163.00      6300.00 8.59785e+010 5.04435e+012      5.01000
      1133.00      5900.00 6.81759e+010 6.43823e+012      4.69247
      1098.00      5535.00 5.83232e+010 8.61248e+012      4.31472
      1064.36      5200.00 5.24049e+010 1.16411e+013      3.92352
      1033.00      4940.00 4.80459e+010 1.56273e+013      3.54122
      1003.00      4740.00 4.45966e+010 2.09278e+013      3.16207
      970.666      4550.00 4.04616e+010 2.88920e+013      2.81273
      943.000      4400.00 3.66303e+010 3.83586e+013      2.55892
      923.000      4300.00 3.34810e+010 4.72619e+013      2.39966
      903.000      4200.00 3.05730e+010 5.84433e+013      2.27207
      883.000      4100.00 2.79360e+010 7.25349e+013      2.17607
      859.122      4000.00 2.51348e+010 9.41797e+013      2.06000
      833.000      3920.00 2.26986e+010 1.25643e+014      1.91498
      805.327      3860.00 2.11112e+010 1.71010e+014      1.74393
      770.660      3820.00 2.04931e+010 2.51402e+014      1.53122
      718.061      3757.07 2.30087e+010 4.56412e+014      1.24378
      658.290      3662.53 3.07604e+010 9.21581e+014     0.950420
      587.760      3612.11 5.03931e+010 2.12276e+015     0.654215
      514.839      3593.20 9.16384e+010 5.03693e+015     0.454975
      437.136      3586.90 1.79606e+011 1.27245e+016     0.343253
      365.411      3599.50 3.39002e+011 2.98857e+016     0.560204
      300.000      3611.00 6.01028e+011 6.50163e+016     0.986498
      238.000      3642.00 1.03679e+012 1.30879e+017      1.69316
      187.000      3692.00 1.69076e+012 2.30539e+017      2.00000
      152.000      3772.00 2.57240e+012 3.36768e+017      2.00000
      129.000      3896.00 3.79594e+012 4.15631e+017      2.00000
      113.000      4040.00 5.49401e+012 4.67685e+017      2.00000
      104.000      4170.00 7.35755e+012 4.90731e+017      2.00000
      95.0000      4320.00 1.01395e+013 5.12176e+017      2.00000
      86.0000      4490.00 1.42139e+013 5.32183e+017      2.00000
      78.0000      4680.00 1.98143e+013 5.45857e+017      2.00000
      70.0000      4890.00 2.71799e+013 5.57854e+017      2.00000
      61.0000      5120.00 3.63954e+013 5.72615e+017      2.00000
      52.0000      5360.00 4.68259e+013 5.86464e+017      2.00000
      41.0000      5620.00 6.04021e+013 6.07055e+017      2.00000
      31.0000      5870.00 7.84683e+013 6.24293e+017      2.00000
      19.0000      6140.00 1.11317e+014 6.47963e+017      2.00000
      9.00000      6420.00 1.68262e+014 6.61960e+017      2.00000
     0.000000      6700.00 2.61562e+014 6.71514e+017      2.00000
