      1180.00      6180.00 1.33865e+011 2.03799e+013      3.19661
      1085.00      5950.00 1.30610e+011 4.02027e+013      2.52107
      1015.00      5760.00 1.22772e+011 6.75776e+013      2.20754
      955.000      5570.00 1.11018e+011 1.07611e+014      2.00075
      905.000      5380.00 9.72911e+010 1.62497e+014      1.77228
      855.000      5160.00 8.34927e+010 2.51547e+014      1.53095
      805.000      4900.00 7.53664e+010 4.01456e+014      1.30538
      750.000      4680.00 9.12251e+010 6.81587e+014      1.06708
      700.000      4560.00 1.30721e+011 1.10421e+015     0.882963
      660.000      4520.00 1.81488e+011 1.61600e+015     0.746857
      625.000      4500.00 2.43781e+011 2.25364e+015     0.635445
      590.000      4510.00 3.29182e+011 3.12268e+015     0.547107
      550.000      4540.00 4.64771e+011 4.50662e+015     0.474891
      500.000      4610.00 7.16823e+011 7.04531e+015     0.394486
      450.000      4690.00 1.10009e+012 1.09089e+016     0.339631
      400.000      4780.00 1.68058e+012 1.67122e+016     0.358143
      350.000      4880.00 2.55816e+012 2.52920e+016     0.481249
      300.000      4990.00 3.88158e+012 3.77600e+016     0.671742
      275.000      5060.00 4.80456e+012 4.58284e+016     0.735163
      250.000      5150.00 5.98603e+012 5.50994e+016     0.878556
      225.000      5270.00 7.58630e+012 6.56055e+016     0.992233
      200.000      5410.00 9.81774e+012 7.73638e+016      1.13012
      175.000      5580.00 1.32960e+013 9.02504e+016      1.25816
      150.000      5790.00 1.95078e+013 1.03810e+017      1.41401
      135.000      5980.00 2.74922e+013 1.11387e+017      1.49328
      120.000      6180.00 4.02835e+013 1.19015e+017      1.57190
      110.000      6340.00 5.45684e+013 1.23677e+017      1.62776
      100.000      6520.00 7.64115e+013 1.28039e+017      1.67244
      90.0000      6720.00 1.09977e+014 1.32056e+017      1.70894
      80.0000      6980.00 1.71916e+014 1.34826e+017      1.75555
      70.0000      7280.00 2.78936e+014 1.36793e+017      1.79182
      60.0000      7590.00 4.44678e+014 1.38294e+017      1.85910
      50.0000      7900.00 6.86937e+014 1.39849e+017      1.88810
      40.0000      8220.00 1.04125e+015 1.40945e+017      1.93999
      30.0000      8540.00 1.53174e+015 1.41800e+017      2.00000
      20.0000      8860.00 2.19451e+015 1.42715e+017      2.00000
      10.0000      9140.00 2.95227e+015 1.44104e+017      2.00000
     0.000000      9400.00 3.83156e+015 1.45624e+017      2.00000
