      1832.16      121000. 6.00938e+010 5.50760e+010      8.43478
      1831.75      111000. 6.52958e+010 6.01035e+010      8.30285
      1831.39      101000. 7.14487e+010 6.61786e+010      8.15741
      1831.09      91000.0 7.88410e+010 7.36635e+010      7.99555
      1830.85      81000.0 8.79119e+010 8.30877e+010      7.81366
      1830.65      71000.0 9.93544e+010 9.52176e+010      7.63797
      1830.48      61000.0 1.14408e+011 1.11286e+011      7.45190
      1830.35      51000.0 1.35132e+011 1.33541e+011      7.24973
      1830.30      46000.0 1.48698e+011 1.48273e+011      7.13637
      1830.25      41000.0 1.65354e+011 1.66611e+011      7.01223
      1830.20      36000.0 1.86292e+011 1.90067e+011      6.87469
      1830.16      31000.0 2.13414e+011 2.21125e+011      6.72027
      1830.11      26000.0 2.49993e+011 2.64137e+011      6.54404
      1830.08      23500.0 2.73641e+011 2.92414e+011      6.44563
      1830.06      21000.0 3.02254e+011 3.27471e+011      6.33814
      1830.03      19000.0 3.29322e+011 3.62673e+011      6.24416
      1830.00      17000.0 3.61451e+011 4.06531e+011      6.14242
      1829.97      15000.0 3.99849e+011 4.62930e+011      6.02832
      1829.92      13500.0 4.29104e+011 5.21159e+011      5.92589
      1829.88      12500.0 4.52136e+011 5.67222e+011      5.85357
      1829.86      12000.0 4.63626e+011 5.94073e+011      5.81445
      1829.83      11500.0 4.74228e+011 6.24602e+011      5.77241
      1829.79      11000.0 4.83036e+011 6.60096e+011      5.72605
      1829.72      10500.0 4.88665e+011 7.02024e+011      5.67499
      1829.68      10300.0 4.89785e+011 7.21414e+011      5.65258
      1829.62      10100.0 4.83730e+011 7.46049e+011      5.62514
      1829.55      9900.00 4.72741e+011 7.75848e+011      5.59336
      1829.42      9700.00 4.57399e+011 8.11679e+011      5.55622
      1829.33      9600.00 4.50906e+011 8.30388e+011      5.53766
      1829.20      9500.00 4.31892e+011 8.57189e+011      5.51262
      1828.80      9400.00 4.20008e+011 8.80124e+011      5.49339
      1828.00      9307.00 4.19725e+011 8.93547e+011      5.48202
      1826.50      9219.00 4.24403e+011 9.05581e+011      5.47259
      1823.00      9040.00 4.33273e+011 9.33031e+011      5.45068
      1813.00      8852.00 4.44825e+011 9.86940e+011      5.40943
      1790.00      8630.00 4.56626e+011 1.10821e+012      5.32387
      1750.00      8373.00 4.73684e+011 1.34289e+012      5.18321
      1665.03      8000.00 4.96316e+011 2.03234e+012      4.87945
      1565.03      7700.00 5.31822e+011 3.34158e+012      4.50494
      1470.00      7420.00 5.44230e+011 5.56811e+012      4.08742
      1368.00      7145.00 5.50084e+011 9.94034e+012      3.61354
      1270.00      6900.00 5.54007e+011 1.78784e+013      3.14756
      1166.68      6656.85 5.58789e+011 3.42364e+013      2.67322
      1085.30      6462.38 5.53829e+011 5.84743e+013      2.33076
      1008.06      6267.92 5.36053e+011 9.91955e+013      2.04332
      945.000      6090.00 5.03053e+011 1.55813e+014      1.79559
      895.000      5935.00 4.65279e+011 2.26208e+014      1.58875
      845.000      5750.00 4.06416e+011 3.33462e+014      1.43467
      795.000      5510.00 3.22526e+011 5.04119e+014      1.28219
      740.000      5220.00 2.49926e+011 8.18146e+014      1.09666
      690.000      5070.00 2.61177e+011 1.26748e+015     0.954673
      650.000      4980.00 3.00217e+011 1.80365e+015     0.859533
      615.000      4930.00 3.62946e+011 2.45302e+015     0.783189
      580.000      4905.00 4.57685e+011 3.32841e+015     0.706536
      540.000      4900.00 6.13611e+011 4.69909e+015     0.646780
      490.000      4940.00 9.10040e+011 7.16048e+015     0.551956
      440.000      5000.00 1.35598e+012 1.08120e+016     0.520174
      390.000      5070.00 2.01929e+012 1.61929e+016     0.541602
      340.000      5170.00 3.03256e+012 2.39261e+016     0.611091
      290.000      5280.00 4.57256e+012 3.49264e+016     0.748742
      265.000      5355.00 5.70072e+012 4.18543e+016     0.839672
      240.000      5450.00 7.25154e+012 4.97943e+016     0.935827
      215.000      5580.00 9.61799e+012 5.86353e+016      1.02674
      190.000      5720.00 1.31341e+013 6.86080e+016      1.11948
      165.000      5870.00 1.84460e+013 7.97779e+016      1.21235
      140.000      6040.00 2.69641e+013 9.20363e+016      1.30458
      125.000      6160.00 3.49618e+013 9.97446e+016      1.36290
      110.000      6300.00 4.68676e+013 1.07558e+017      1.42041
      100.000      6400.00 5.75651e+013 1.12866e+017      1.45858
      90.0000      6500.00 7.05911e+013 1.18322e+017      1.49984
      80.0000      6620.00 8.92201e+013 1.23569e+017      1.53971
      70.0000      6750.00 1.14134e+014 1.28717e+017      1.58431
      60.0000      6890.00 1.47509e+014 1.33718e+017      1.63772
      50.0000      7040.00 1.92268e+014 1.38546e+017      1.69835
      40.0000      7200.00 2.52273e+014 1.43158e+017      1.76835
      30.0000      7370.00 3.32770e+014 1.47648e+017      1.82506
      20.0000      7560.00 4.46999e+014 1.52015e+017      1.83000
      10.0000      7770.00 6.08830e+014 1.55980e+017      1.83000
     0.000000      8040.00 8.80142e+014 1.58636e+017      1.83000
