      1223.00      7675.00 2.29103e+011 2.97784e+012      5.69838
      1208.00      7200.00 1.58657e+011 3.45467e+012      5.50486
      1193.00      6831.00 1.21110e+011 3.94493e+012      5.33156
      1163.00      6300.00 8.59785e+010 5.04435e+012      5.01000
      1133.00      5900.00 6.81759e+010 6.43823e+012      4.69247
      1098.00      5535.00 5.83232e+010 8.61248e+012      4.31472
      1064.36      5200.00 5.24049e+010 1.16411e+013      3.92352
      1033.00      4940.00 4.80459e+010 1.56273e+013      3.54122
      1003.00      4740.00 4.45966e+010 2.09278e+013      3.16207
      970.666      4550.00 4.04616e+010 2.88920e+013      2.81273
      943.000      4400.00 3.66303e+010 3.83586e+013      2.55892
      923.000      4300.00 3.34810e+010 4.72619e+013      2.39966
      903.000      4200.00 3.05730e+010 5.84433e+013      2.27207
      883.000      4100.00 2.79360e+010 7.25349e+013      2.17607
      859.122      4000.00 2.51348e+010 9.41797e+013      2.06000
      833.000      3920.00 2.26986e+010 1.25643e+014      1.91498
      805.327      3860.00 2.11112e+010 1.71010e+014      1.74393
      770.660      3820.00 2.04931e+010 2.51402e+014      1.53122
      718.061      3757.07 2.30087e+010 4.56412e+014      1.24378
      658.290      3662.53 3.07604e+010 9.21581e+014     0.950420
      587.760      3612.11 5.03931e+010 2.12276e+015     0.654215
      514.839      3593.20 9.16384e+010 5.03693e+015     0.454975
      437.136      3586.90 1.79606e+011 1.27245e+016     0.343253
      365.411      3599.50 3.39002e+011 2.98857e+016     0.560204
      300.000      3611.00 6.01028e+011 6.50163e+016     0.986498
      238.000      3642.00 1.03679e+012 1.30879e+017      1.69316
      187.000      3692.00 1.69076e+012 2.30539e+017      2.00000
      152.000      3772.00 2.57240e+012 3.36768e+017      2.00000
      129.000      3896.00 3.79594e+012 4.15631e+017      2.00000
      113.000      4040.00 5.49401e+012 4.67685e+017      2.00000
      104.000      4170.00 7.35755e+012 4.90731e+017      2.00000
      95.0000      4320.00 1.01395e+013 5.12176e+017      2.00000
      86.0000      4490.00 1.42139e+013 5.32183e+017      2.00000
      78.0000      4680.00 1.98143e+013 5.45857e+017      2.00000
      70.0000      4890.00 2.71799e+013 5.57854e+017      2.00000
      61.0000      5120.00 3.63954e+013 5.72615e+017      2.00000
      52.0000      5360.00 4.68259e+013 5.86464e+017      2.00000
      41.0000      5620.00 6.04021e+013 6.07055e+017      2.00000
      31.0000      5870.00 7.84683e+013 6.24293e+017      2.00000
      19.0000      6140.00 1.11317e+014 6.47963e+017      2.00000
      9.00000      6420.00 1.68262e+014 6.61960e+017      2.00000
     0.000000      6700.00 2.61562e+014 6.71514e+017      2.00000
