      2299.77      100070. 5.43264e+009 4.98278e+009      12.1012
      2297.50      94800.0 5.71222e+009 5.26396e+009      12.0020
      2295.92      90816.0 5.94294e+009 5.49861e+009      11.9237
      2293.39      83891.0 6.39130e+009 5.95972e+009      11.7827
      2290.83      75934.0 6.99687e+009 6.59472e+009      11.6074
      2289.54      71336.0 7.40346e+009 7.02543e+009      11.4989
      2288.23      66145.0 7.92553e+009 7.58209e+009      11.3691
      2286.91      60170.0 8.63145e+009 8.33724e+009      11.2091
      2285.62      53284.0 9.63181e+009 9.40611e+009      11.0083
      2284.99      49385.0 1.03150e+010 1.01363e+010      10.8854
      2284.41      45416.0 1.11219e+010 1.10028e+010      10.7518
      2283.84      41178.0 1.21397e+010 1.21053e+010      10.5975
      2283.27      36594.0 1.34776e+010 1.35747e+010      10.4152
      2282.74      32145.0 1.50967e+010 1.53869e+010      10.2195
      2282.25      27972.0 1.70203e+010 1.75896e+010      10.0146
      2281.81      24408.0 1.91080e+010 2.00389e+010      9.81904
      2281.25      20416.0 2.21484e+010 2.37468e+010      9.57784
      2280.94      18440.0 2.40231e+010 2.61572e+010      9.44681
      2280.54      16326.0 2.63941e+010 2.93670e+010      9.28999
      2280.13      14634.0 2.85948e+010 3.26192e+010      9.14786
      2279.57      13040.0 3.08453e+010 3.65610e+010      8.99373
      2278.70      11706.0 3.25088e+010 4.10669e+010      8.83584
      2277.35      10600.0 3.32115e+010 4.62549e+010      8.67552
      2275.00      9700.00 3.24851e+010 5.23743e+010      8.50795
      2270.00      8950.00 3.05999e+010 5.97729e+010      8.31500
      2265.00      8400.00 2.99494e+010 6.56065e+010      8.17541
      2255.00      8150.00 2.95366e+010 7.06375e+010      8.06258
      2230.00      7950.00 3.11096e+010 7.85813e+010      7.90082
      2190.00      7820.00 3.37187e+010 9.13875e+010      7.69127
      2140.00      7700.00 3.68539e+010 1.10600e+011      7.45903
      2080.00      7580.00 4.04742e+010 1.40107e+011      7.19627
      2035.00      7500.00 4.31101e+010 1.68308e+011      6.99957
      1985.00      7410.00 4.59198e+010 2.07856e+011      6.78056
      1930.00      7320.00 4.88528e+010 2.64078e+011      6.54176
      1880.00      7240.00 5.14686e+010 3.30516e+011      6.32709
      1815.00      7150.00 5.49674e+010 4.45626e+011      6.05970
      1740.00      7040.00 5.89962e+010 6.38193e+011      5.75299
      1655.00      6910.00 6.34249e+010 9.75641e+011      5.41747
      1563.33      6770.00 6.87029e+010 1.57222e+012      5.06760
      1466.13      6630.00 7.65479e+010 2.67012e+012      4.67918
      1364.76      6480.00 8.65545e+010 4.80157e+012      4.20847
      1268.02      6300.00 9.25545e+010 8.75421e+012      3.71738
      1167.55      6120.00 9.96135e+010 1.69364e+013      3.18874
      1070.03      5880.00 9.59987e+010 3.37350e+013      2.68332
      995.000      5680.00 9.02494e+010 5.90934e+013      2.32448
      945.000      5480.00 7.67803e+010 8.82404e+013      2.10427
      895.000      5230.00 6.06721e+010 1.35665e+014      1.87238
      845.000      4920.00 4.77707e+010 2.16962e+014      1.61187
      795.000      4620.00 4.96067e+010 3.57891e+014      1.36018
      740.000      4420.00 7.25889e+010 6.24226e+014      1.10333
      690.000      4340.00 1.10816e+011 1.02838e+015     0.909294
      650.000      4310.00 1.56475e+011 1.53013e+015     0.765771
      615.000      4300.00 2.12567e+011 2.16279e+015     0.648260
      580.000      4310.00 2.89804e+011 3.04284e+015     0.553294
      540.000      4360.00 4.15444e+011 4.44297e+015     0.477412
      490.000      4450.00 6.52925e+011 7.03472e+015     0.394748
      440.000      4560.00 1.02371e+012 1.09750e+016     0.339708
      390.000      4680.00 1.59608e+012 1.68833e+016     0.358913
      340.000      4820.00 2.48178e+012 2.55152e+016     0.485139
      290.000      4970.00 3.83925e+012 3.79080e+016     0.673632
      265.000      5055.00 4.78655e+012 4.58935e+016     0.735624
      240.000      5150.00 5.98071e+012 5.51269e+016     0.879007
      215.000      5270.00 7.58326e+012 6.56371e+016     0.992572
      190.000      5410.00 9.81691e+012 7.74006e+016      1.13057
      165.000      5585.00 1.33612e+013 9.02099e+016      1.25783
      140.000      5790.00 1.95042e+013 1.03841e+017      1.41441
      125.000      5970.00 2.70879e+013 1.11603e+017      1.49550
      110.000      6180.00 4.02868e+013 1.19070e+017      1.57254
      100.000      6340.00 5.45803e+013 1.23733e+017      1.62856
      90.0000      6520.00 7.64357e+013 1.28098e+017      1.67290
      80.0000      6735.00 1.12705e+014 1.31840e+017      1.70590
      70.0000      6980.00 1.71952e+014 1.34868e+017      1.75642
      60.0000      7280.00 2.78984e+014 1.36836e+017      1.79280
      50.0000      7590.00 4.44748e+014 1.38336e+017      1.86060
      40.0000      7905.00 6.91433e+014 1.39809e+017      1.88750
      30.0000      8220.00 1.04136e+015 1.40973e+017      1.94328
      20.0000      8550.00 1.54874e+015 1.41664e+017      2.00000
      10.0000      8860.00 2.19479e+015 1.42752e+017      2.00000
     0.000000      9125.00 2.91107e+015 1.44423e+017      2.00000
