2294.99    95445.0    9.3544E+09    8.6318E+09    12.46
2293.04    89345.0    9.9316E+09    9.2195E+09    12.36
2291.44    83373.0    1.0563E+10    9.8731E+09    12.25
2289.76    77615.5    1.1268E+10    1.0608E+10    12.14
2288.06    71042.0    1.2201E+10    1.1592E+10    12.01
2286.99    65753.0    1.3061E+10    1.2509E+10    11.89
2285.92    59712.5    1.4213E+10    1.3740E+10    11.75
2285.06    54780.0    1.5347E+10    1.4952E+10    11.62
2284.23    49352.0    1.6847E+10    1.6553E+10    11.47
2283.73    45282.5    1.8163E+10    1.7967E+10    11.35
2283.27    41003.0    1.9788E+10    1.9732E+10    11.21
2282.82    36664.0    2.1760E+10    2.1923E+10    11.05
2282.38    32282.0    2.4199E+10    2.4711E+10    10.87
2281.97    28102.5    2.7109E+10    2.8119E+10    10.68
2281.56    24196.0    3.0514E+10    3.2298E+10    10.48
2281.22    21169.0    3.3832E+10    3.6570E+10    10.31
2280.84    18348.0    3.7858E+10    4.1859E+10    10.13
2280.55    16480.0    4.0790E+10    4.6183E+10    9.99
2280.21    14703.0    4.4001E+10    5.1367E+10    9.85
2279.88    13412.0    4.6599E+10    5.6103E+10    9.74
2279.46    12240.0    4.9049E+10    6.1429E+10    9.62
2278.85    11278.0    5.0670E+10    6.7117E+10    9.50
2277.94    10470.0    5.1143E+10    7.3369E+10    9.39
2276.46    9841.5     5.0072E+10    8.0047E+10    9.27
2273.52    9342.5     4.7712E+10    8.7256E+10    9.15
2270.46    8993.5     4.6322E+10    9.2492E+10    9.07
2264.53    8804.0     4.4949E+10    9.7492E+10    8.98
2248.37    8654.0     4.5259E+10    1.0378E+11    8.87
2221.37    8524.0     4.7164E+10    1.1269E+11    8.74
2180.37    8344.0     5.0652E+10    1.2865E+11    8.56
2126.37    8107.5     5.5514E+10    1.5513E+11    8.33
2076.87    7886.5     5.8840E+10    1.8700E+11    8.10
2023.87    7690.0     6.1851E+10    2.3016E+11    7.86
1971.96    7550.0     6.4988E+10    2.8295E+11    7.62
1915.92    7420.0     6.8367E+10    3.5626E+11    7.36
1843.29    7280.0     7.2502E+10    4.8571E+11    7.01
1758.89    7130.0     7.5871E+10    7.1108E+11    6.60
1673.43    6995.0     7.9780E+10    1.0647E+12    6.18
1575.26    6840.0     8.5741E+10    1.7421E+12    5.68
1473.07    6685.0     9.4752E+10    3.0103E+12    5.11
1374.88    6525.0     1.0382E+11    5.2825E+12    4.52
1276.51    6335.0     1.0972E+11    9.7495E+12    3.87
1178.78    6150.0     1.1620E+11    1.8667E+13    3.19
1082.52    5915.0     1.1271E+11    3.6989E+13    2.60
1010.00    5720.0     1.0595E+11    6.3366E+13    2.27
955.00     5525.0     9.3193E+10    9.8005E+13    2.05
905.00     5305.0     7.8065E+10    1.4927E+14    1.82
855.00     5040.0     6.4780E+10    2.3467E+14    1.57
805.00     4760.0     6.2056E+10    3.8031E+14    1.33
750.00     4550.0     8.1758E+10    6.5373E+14    1.09
700.00     4450.0     1.2067E+11    1.0672E+15    0.90
660.00     4415.0     1.6888E+11    1.5741E+15    0.76
625.00     4400.0     2.2806E+11    2.2092E+15    0.64
590.00     4410.0     3.0938E+11    3.0837E+15    0.55
550.00     4450.0     4.4002E+11    4.4754E+15    0.48
500.00     4530.0     6.8486E+11    7.0401E+15    0.39
450.00     4625.0     1.0620E+12    1.0941E+16    0.34
400.00     4730.0     1.6385E+12    1.6797E+16    0.36
350.00     4850.0     2.5201E+12    2.5403E+16    0.48
300.00     4980.0     3.8605E+12    3.7834E+16    0.67
275.00     5057.5     4.7956E+12    4.5861E+16    0.74
250.00     5150.0     5.9834E+12    5.5113E+16    0.88
225.00     5270.0     7.5848E+12    6.5621E+16    0.99
200.00     5410.0     9.8173E+12    7.7382E+16    1.13
175.00     5582.5     1.3329E+13    9.0230E+16    1.26
150.00     5790.0     1.9506E+13    1.0383E+17    1.41
135.00     5975.0     2.7290E+13    1.1149E+17    1.49
120.00     6180.0     4.0285E+13    1.1904E+17    1.57
110.00     6340.0     5.4574E+13    1.2370E+17    1.63
100.00     6520.0     7.6424E+13    1.2807E+17    1.67
 90.00     6727.5     1.1134E+14    1.3195E+17    1.71
 80.00     6980.0     1.7193E+14    1.3485E+17    1.76
 70.00     7280.0     2.7896E+14    1.3681E+17    1.79
 60.00     7590.0     4.4471E+14    1.3831E+17    1.86
 50.00     7902.5     6.8919E+14    1.3983E+17    1.89
 40.00     8220.0     1.0413E+15    1.4096E+17    1.94
 30.00     8545.0     1.5402E+15    1.4173E+17    2.00
 20.00     8860.0     2.1947E+15    1.4273E+17    2.00
 10.00     9132.5     2.9317E+15    1.4426E+17    2.00
  0.00     9400.0     3.8316E+15    1.4562E+17    2.00
