  2.2495499E+03       1.0000000E+05       1.2502200E+10       1.1515000E+10       1.2937000E+01
  2.2483300E+03       9.5600000E+04       1.3028500E+10       1.2043600E+10       1.2878700E+01
  2.2471000E+03       9.0820000E+04       1.3653000E+10       1.2675000E+10       1.2812400E+01
  2.2454701E+03       8.3890000E+04       1.4670000E+10       1.3719000E+10       1.2709600E+01
  2.2438400E+03       7.5930000E+04       1.6042300E+10       1.5150800E+10       1.2580700E+01
  2.2430101E+03       7.1340000E+04       1.6958700E+10       1.6118300E+10       1.2500300E+01
  2.2421700E+03       6.6150000E+04       1.8133801E+10       1.7368199E+10       1.2403300E+01
  2.2413199E+03       6.0170000E+04       1.9717900E+10       1.9061801E+10       1.2282500E+01
  2.2404901E+03       5.3280000E+04       2.1954200E+10       2.1448100E+10       1.2129400E+01
  2.2400900E+03       4.9390000E+04       2.3473299E+10       2.3065700E+10       1.2034400E+01
  2.2397201E+03       4.5420000E+04       2.5268799E+10       2.4981201E+10       1.1929900E+01
  2.2393600E+03       4.1180000E+04       2.7524100E+10       2.7410100E+10       1.1808300E+01
  2.2390101E+03       3.6590000E+04       3.0475600E+10       3.0634701E+10       1.1662500E+01
  2.2386801E+03       3.2150000E+04       3.3983199E+10       3.4595099E+10       1.1503200E+01
  2.2383700E+03       2.7970000E+04       3.8076600E+10       3.9430099E+10       1.1331700E+01
  2.2380800E+03       2.4060000E+04       4.2942800E+10       4.5344698E+10       1.1148500E+01
  2.2377601E+03       2.0420000E+04       4.8659599E+10       5.2785000E+10       1.0949300E+01
  2.2375101E+03       1.7930000E+04       5.3398200E+10       5.9551302E+10       1.0792200E+01
  2.2373099E+03       1.6280000E+04       5.7035502E+10       6.5097699E+10       1.0676500E+01
  2.2370499E+03       1.4520000E+04       6.1353398E+10       7.2346796E+10       1.0539700E+01
  2.2367601E+03       1.3080000E+04       6.4998400E+10       7.9807103E+10       1.0413200E+01
  2.2365101E+03       1.2190000E+04       6.7048399E+10       8.5458199E+10       1.0325400E+01
  2.2362301E+03       1.1440000E+04       6.8558098E+10       9.1014201E+10       1.0244600E+01
  2.2358900E+03       1.0850000E+04       6.9177803E+10       9.6308199E+10       1.0170500E+01
  2.2354100E+03       1.0340000E+04       6.8853301E+10       1.0183700E+11       1.0098000E+01
  2.2347999E+03       9.9830000E+03       6.7340898E+10       1.0675300E+11       1.0038400E+01
  2.2339200E+03       9.7350000E+03       6.4712499E+10       1.1125300E+11       9.9893303E+00
  2.2328099E+03       9.5870000E+03       6.2347698E+10       1.1436900E+11       9.9626999E+00
  2.2309501E+03       9.4580000E+03       5.9934601E+10       1.1892700E+11       9.8919601E+00
  2.2236200E+03       9.3580000E+03       5.8871398E+10       1.2359900E+11       9.8360300E+00
  2.2096200E+03       9.2280000E+03       6.0358300E+10       1.2893600E+11       9.7898197E+00
  2.1776200E+03       8.9880000E+03       6.4525799E+10       1.4205800E+11       9.6685696E+00
  2.1296200E+03       8.6350000E+03       7.0907601E+10       1.6612899E+11       9.4620304E+00
  2.0756200E+03       8.2730000E+03       7.5289199E+10       2.0175000E+11       9.2099504E+00
  2.0196200E+03       7.9700000E+03       7.8757102E+10       2.4879500E+11       8.9363804E+00
  1.9708000E+03       7.7800000E+03       8.2000396E+10       2.9887499E+11       8.6961803E+00
  1.9087300E+03       6.6300000E+03       6.0255068E+10       2.3001054E+11       1.6699320E+01
  1.8877321E+03       6.4800000E+03       5.8582729E+10       2.6481580E+11       1.5825660E+01
  1.8439089E+03       6.3800000E+03       5.7025741E+10       3.3956774E+11       1.4704630E+01
  1.7168450E+03       6.3500000E+03       6.6367062E+10       6.4605369E+11       1.3850840E+01
  1.5965769E+03       6.3400000E+03       7.6370436E+10       1.1953150E+12       1.3063760E+01
  1.4727729E+03       6.3100000E+03       8.4000776E+10       2.2731964E+12       1.2499870E+01
  1.3550000E+03       6.2800000E+03       9.3055377E+10       4.1921416E+12       1.2152930E+01
  1.2550000E+03       6.1800000E+03       1.0032540E+11       7.1569134E+12       1.1953740E+01
  1.1650000E+03       6.1600000E+03       1.1861830E+11       1.1442557E+13       1.1834370E+01
  1.0800000E+03       6.0600000E+03       1.2743110E+11       1.8088825E+13       1.1728500E+01
  1.0150000E+03       5.7600000E+03       1.2277200E+11       6.7577598E+13       2.2075400E+00
  9.5500000E+02       5.5700000E+03       1.1101800E+11       1.0761100E+14       2.0007501E+00
  9.0500000E+02       5.3800000E+03       9.7291100E+10       1.6249700E+14       1.7722800E+00
  8.5500000E+02       5.1600000E+03       8.3492700E+10       2.5154701E+14       1.5309500E+00
  8.0500000E+02       4.9000000E+03       7.5366400E+10       4.0145600E+14       1.3053800E+00
  7.5000000E+02       4.6800000E+03       9.1225096E+10       6.8158702E+14       1.0670800E+00
  7.0000000E+02       4.5600000E+03       1.3072100E+11       1.1042100E+15       8.8296300E-01
  6.6000000E+02       4.5200000E+03       1.8148799E+11       1.6160000E+15       7.4685699E-01
  6.2500000E+02       4.5000000E+03       2.4378099E+11       2.2536399E+15       6.3544500E-01
  5.9000000E+02       4.5100000E+03       3.2918199E+11       3.1226801E+15       5.4710698E-01
  5.5000000E+02       4.5400000E+03       4.6477099E+11       4.5066201E+15       4.7489101E-01
  5.0000000E+02       4.6100000E+03       7.1682300E+11       7.0453097E+15       3.9448601E-01
  4.5000000E+02       4.6900000E+03       1.1000900E+12       1.0908900E+16       3.3963099E-01
  4.0000000E+02       4.7800000E+03       1.6805800E+12       1.6712200E+16       3.5814300E-01
  3.5000000E+02       4.8800000E+03       2.5581600E+12       2.5291999E+16       4.8124900E-01
  3.0000000E+02       4.9900000E+03       3.8815801E+12       3.7760000E+16       6.7174202E-01
  2.7500000E+02       5.0600000E+03       4.8045600E+12       4.5828401E+16       7.3516297E-01
  2.5000000E+02       5.1500000E+03       5.9860299E+12       5.5099401E+16       8.7855601E-01
  2.2500000E+02       5.2700000E+03       7.5863000E+12       6.5605501E+16       9.9223298E-01
  2.0000000E+02       5.4100000E+03       9.8177395E+12       7.7363803E+16       1.1301200E+00
  1.7500000E+02       5.5800000E+03       1.3296000E+13       9.0250397E+16       1.2581600E+00
  1.5000000E+02       5.7900000E+03       1.9507800E+13       1.0381000E+17       1.4140100E+00
  1.3500000E+02       5.9800000E+03       2.7492201E+13       1.1138700E+17       1.4932801E+00
  1.2000000E+02       6.1800000E+03       4.0283501E+13       1.1901500E+17       1.5719000E+00
  1.1000000E+02       6.3400000E+03       5.4568398E+13       1.2367700E+17       1.6277601E+00
  1.0000000E+02       6.5200000E+03       7.6411503E+13       1.2803900E+17       1.6724401E+00
  9.0000000E+01       6.7200000E+03       1.0997700E+14       1.3205600E+17       1.7089400E+00
  8.0000000E+01       6.9800000E+03       1.7191600E+14       1.3482600E+17       1.7555500E+00
  7.0000000E+01       7.2800000E+03       2.7893600E+14       1.3679300E+17       1.7918200E+00
  6.0000000E+01       7.5900000E+03       4.4467800E+14       1.3829400E+17       1.8591000E+00
  5.0000000E+01       7.9000000E+03       6.8693700E+14       1.3984900E+17       1.8881000E+00
  4.0000000E+01       8.2200000E+03       1.0412500E+15       1.4094500E+17       1.9399900E+00
  3.0000000E+01       8.5400000E+03       1.5317400E+15       1.4180000E+17       2.0000000E+00
  2.0000000E+01       8.8600000E+03       2.1945101E+15       1.4271500E+17       2.0000000E+00
  1.0000000E+01       9.1400000E+03       2.9522701E+15       1.4410400E+17       2.0000000E+00
  0.0000000E+00       9.4000000E+03       3.8315599E+15       1.4562399E+17       2.0000000E+00
