2139.32886  199950.00000   4.5142723E+09   4.1798968E+09   25.00000
2138.43026  199057.66908   4.5376537E+09   4.2016171E+09   25.00000
2137.53167  198165.33817   4.5610352E+09   4.2233374E+09   25.00000
2136.63307  197273.00725   4.5844166E+09   4.2450577E+09   25.00000
2135.73448  196380.67634   4.6077981E+09   4.2667780E+09   25.00000
2134.83589  195488.34542   4.6311795E+09   4.2884982E+09   25.00000
2133.93729  194596.01451   4.6545610E+09   4.3102185E+09   25.00000
2133.03870  193703.68359   4.6779424E+09   4.3319388E+09   25.00000
2132.14010  192811.35268   4.7013238E+09   4.3536591E+09   25.00000
2131.24151  191919.02176   4.7247053E+09   4.3753794E+09   25.00000
2130.34291  191026.69085   4.7480867E+09   4.3970997E+09   25.00000
2129.44432  190134.35993   4.7714682E+09   4.4188199E+09   25.00000
2128.54572  189242.02902   4.7948496E+09   4.4405402E+09   25.00000
2127.64713  188349.69810   4.8182311E+09   4.4622605E+09   25.00000
2126.74854  187457.36719   4.8416125E+09   4.4839808E+09   25.00000
2125.84994  186565.03627   4.8649940E+09   4.5057011E+09   25.00000
2124.95135  185672.70536   4.8883754E+09   4.5274214E+09   25.00000
2124.05275  184780.37444   4.9117569E+09   4.5491417E+09   25.00000
2123.15416  183888.04353   4.9351383E+09   4.5708619E+09   25.00000
2122.25556  182995.71261   4.9585198E+09   4.5925822E+09   25.00000
2121.35697  182103.38170   4.9819012E+09   4.6143025E+09   25.00000
2120.45837  181211.05078   5.0052827E+09   4.6360228E+09   25.00000
2119.55978  180318.71987   5.0286641E+09   4.6577431E+09   25.00000
2118.66119  179426.38895   5.0520456E+09   4.6794634E+09   25.00000
2117.76259  178534.05804   5.0754270E+09   4.7011836E+09   25.00000
2116.86400  177641.72712   5.0988085E+09   4.7229039E+09   25.00000
2115.96540  176749.39621   5.1221899E+09   4.7446242E+09   25.00000
2115.06681  175857.06529   5.1455714E+09   4.7663445E+09   25.00000
2114.16821  174964.73438   5.1689528E+09   4.7880648E+09   25.00000
2094.95410  152100.50000   5.9561180E+09   5.5191823E+09   25.00000
2080.80713  132223.28125   6.8584658E+09   6.3629220E+09   25.00000
2070.18262  114942.87500   7.8878280E+09   7.3421578E+09   25.00000
2062.02808   99920.00000   9.0495007E+09   8.4915748E+09   25.00000
2059.82568   95520.00000   9.4477824E+09   8.9078845E+09   25.00000
2057.50952   90740.00000   9.9163269E+09   9.4139361E+09   25.00000
2054.27979   83810.00000   1.0673750E+10   1.0267263E+10   25.00000
2050.74048   75850.00000   1.1699710E+10   1.1455466E+10   25.00000
2048.78076   71260.00000   1.2401510E+10   1.2255796E+10   25.00000
2046.62244   66070.00000   1.3329480E+10   1.3278408E+10   25.00000
2044.19946   60090.00000   1.4624900E+10   1.4649450E+10   25.00000
2041.47070   53200.00000   1.6508690E+10   1.6583447E+10   25.00000
2039.95508   49310.00000   1.7813250E+10   1.7906981E+10   25.00000
2038.41162   45340.00000   1.9378801E+10   1.9490144E+10   25.00000
2036.75085   41100.00000   2.1386781E+10   2.1519374E+10   25.00000
2034.91003   36510.00000   2.4085570E+10   2.4252819E+10   25.00000
2033.04321   32070.00000   2.7417301E+10   2.7663272E+10   25.00000
2031.14062   27890.00000   3.1449201E+10   3.1953523E+10   25.00000
2029.12378   23980.00000   3.6186272E+10   3.7650219E+10   25.00000
2026.85071   20340.00000   4.1223709E+10   4.5977616E+10   25.00000
2024.88269   17850.00000   4.5301338E+10   5.4243082E+10   25.00000
2023.25940   16200.00000   4.8412750E+10   6.1458649E+10   25.00000
2021.08093   14440.00000   5.1894120E+10   7.1695270E+10   25.00000
2018.76538   13000.00000   5.4528319E+10   8.3199754E+10   25.00000
2015.86670   11590.00000   5.6417350E+10   9.8807529E+10   24.62769
2013.26733   10550.00000   5.7426940E+10   1.1395532E+11   23.18115
2010.85266    9700.00000   5.8130129E+10   1.2926037E+11   21.84249
2009.18347    9160.00000   5.8565820E+10   1.4067728E+11   21.00000
2007.77747    8720.00000   5.9032011E+10   1.5103577E+11   20.35344
2006.49414    8320.00000   5.9677389E+10   1.6128046E+11   19.76652
2005.51904    8020.00000   6.0302860E+10   1.6958077E+11   19.31083
2004.18884    7650.00000   6.1058138E+10   1.8094567E+11   18.85748
2002.58691    7250.00000   6.2190170E+10   1.9453018E+11   18.41348
2000.96899    6850.00000   6.3811789E+10   2.0947014E+11   18.00127
1999.73694    6800.00000   6.2864462E+10   2.1368957E+11   17.68367
1997.14001    6750.00000   6.0996092E+10   2.2035784E+11   17.29081
1993.72998    6630.00000   6.0255068E+10   2.3001054E+11   16.69932
1972.73206    6480.00000   5.8582729E+10   2.6481580E+11   15.82566
1928.90894    6380.00000   5.7025741E+10   3.3956774E+11   14.70463
1801.84497    6350.00000   6.6367062E+10   6.4605369E+11   13.85084
1681.57690    6340.00000   7.6370436E+10   1.1953150E+12   13.06376
1557.77295    6310.00000   8.4000776E+10   2.2731964E+12   12.49987
1440.00000    6280.00000   9.3055377E+10   4.1921416E+12   12.15293
1340.00000    6180.00000   1.0032540E+11   7.1569134E+12   11.95374
1250.00000    6160.00000   1.1861830E+11   1.1442557E+13   11.83437
1165.00000    6060.00000   1.2743110E+11   1.8088825E+13   11.72850
1100.00000    5930.00000   1.2209700E+11   2.6034116E+13   11.64665
1060.00000    5700.00000   9.4166131E+10   3.3669977E+13   11.57232
1030.00000    5260.00000   6.2331359E+10   4.3401643E+13   11.51657
1010.00000    4900.00000   5.2036149E+10   5.2759659E+13   10.80000
 985.00000    4460.00000   4.6708908E+10   6.8612920E+13    6.40000
 970.00000    4160.00000   4.5053821E+10   8.2205934E+13    4.40000
 960.00000    4030.00000   4.4058841E+10   9.1901261E+13    2.60000
 950.00000    3940.00000   4.3412570E+10   1.0224230E+14    2.20000
 930.00000    3840.00000   4.2253791E+10   1.2521152E+14    2.06000
 900.00000    3790.00000   4.1360962E+10   1.6852163E+14    1.94000
 870.00000    3825.00000   4.1654968E+10   2.2490001E+14    1.85000
 835.00000    3905.00000   4.4103852E+10   3.1454106E+14    1.82000
 780.00000    4030.00000   5.6402178E+10   5.3576774E+14    1.80000
 725.00000    4150.00000   8.5912404E+10   9.0346670E+14    1.80000
 670.00000    4250.00000   1.3962279E+11   1.5122230E+15    1.80000
 619.00000    4340.00000   2.1928129E+11   2.4150988E+15    1.80000
 585.00000    4400.00000   2.9512899E+11   3.2820954E+15    1.80000
 547.50000    4460.00000   4.0849349E+11   4.5889353E+15    1.80000
 498.00000    4530.00000   6.2520708E+11   7.1125276E+15    1.80000
 447.00000    4610.00000   9.6339637E+11   1.1072338E+16    1.80000
 400.00000    4690.00000   1.4257601E+12   1.6511833E+16    1.80000
 350.00000    4785.00000   2.1505510E+12   2.5009219E+16    1.80000
 300.00000    4910.00000   3.2362710E+12   3.7290371E+16    1.80000
 275.00000    4985.00000   3.9735371E+12   4.5227827E+16    1.80000
 250.00000    5080.00000   4.9092090E+12   5.4441064E+16    1.80000
 225.00000    5195.00000   6.1446260E+12   6.5002599E+16    1.80000
 200.00000    5330.00000   7.8769029E+12   7.6951477E+16    1.80000
 175.00000    5500.00000   1.0648060E+13   9.0054942E+16    1.80000
 150.00000    5730.00000   1.6160470E+13   1.0366503E+17    1.81000
 135.00000    5900.00000   2.2411070E+13   1.1181427E+17    1.82000
 120.00000    6100.00000   3.3274471E+13   1.1967212E+17    1.85000
 109.50000    6260.00000   4.5671000E+13   1.2488024E+17    1.88000
  99.30000    6440.00000   6.4744778E+13   1.2947201E+17    1.95676
  90.00000    6640.00000   9.4011600E+13   1.3290132E+17    2.04750
  80.00000    6910.00000   1.5132990E+14   1.3538770E+17    2.14200
  70.00000    7220.00000   2.5214610E+14   1.3694588E+17    2.26100
  60.00000    7550.00000   4.1709390E+14   1.3795818E+17    2.36016
  50.00000    7890.00000   6.7272932E+14   1.3859802E+17    2.44000
  40.00000    8230.00000   1.0453000E+15   1.3902557E+17    2.55850
  30.00000    8570.00000   1.5697310E+15   1.3920954E+17    2.61000
  20.00000    8890.00000   2.2398330E+15   1.3948858E+17    2.67900
  10.00000    9170.00000   3.0017800E+15   1.4023008E+17    2.71950
   9.00000    9194.00000   3.0829638E+15   1.4035456E+17    2.72255
   8.00000    9218.00000   3.1641475E+15   1.4047904E+17    2.72560
   7.00000    9242.00000   3.2453315E+15   1.4060351E+17    2.72865
   6.00000    9266.00000   3.3265153E+15   1.4072799E+17    2.73170
   5.00000    9290.00000   3.4076990E+15   1.4085247E+17    2.73475
   4.00000    9314.00000   3.4888827E+15   1.4097695E+17    2.73780
   3.00000    9338.00000   3.5700665E+15   1.4110142E+17    2.74085
   2.00000    9362.00000   3.6512505E+15   1.4122590E+17    2.74390
   1.00000    9386.00000   3.7324342E+15   1.4135038E+17    2.74695
   0.00000    9410.00000   3.8136180E+15   1.4147486E+17    2.75000
