2034.91008   36510.00000   2.4085570E+10   2.4252820E+10   25.00000
2033.04320   32070.00000   2.7417301E+10   2.7663271E+10   25.00000
2031.14064   27890.00000   3.1449201E+10   3.1953523E+10   25.00000
2029.12384   23980.00000   3.6186272E+10   3.7650218E+10   25.00000
2026.85072   20340.00000   4.1223709E+10   4.5977617E+10   25.00000
2024.88272   17850.00000   4.5301338E+10   5.4243084E+10   25.00000
2023.25936   16200.00000   4.8412750E+10   6.1458649E+10   25.00000
2021.08096   14440.00000   5.1894120E+10   7.1695268E+10   25.00000
2018.76544   13000.00000   5.4528319E+10   8.3199758E+10   25.00000
2015.86672   11590.00000   5.6417350E+10   9.8807532E+10   24.62769
2013.26736   10550.00000   5.7426940E+10   1.1395532E+11   23.18115
2010.85264    9700.00000   5.8130129E+10   1.2926037E+11   21.84249
2009.18352    9160.00000   5.8565820E+10   1.4067728E+11   21.00000
2007.77744    8720.00000   5.9032011E+10   1.5103578E+11   20.35344
2006.49408    8320.00000   5.9677389E+10   1.6128046E+11   19.76652
2005.51904    8020.00000   6.0302860E+10   1.6958078E+11   19.31083
2004.18880    7650.00000   6.1058138E+10   1.8094567E+11   18.85748
2002.58688    7250.00000   6.2190170E+10   1.9453018E+11   18.41348
2000.96896    6850.00000   6.3811789E+10   2.0947014E+11   18.00127
1999.73696    6800.00000   6.2864462E+10   2.1368957E+11   17.68367
1997.14000    6750.00000   6.0996092E+10   2.2035784E+11   17.29081
1993.72992    6630.00000   6.0255068E+10   2.3001053E+11   16.69932
1972.73200    6480.00000   5.8582729E+10   2.6481581E+11   15.82566
1928.90896    6380.00000   5.7025741E+10   3.3956773E+11   14.70463
1801.84496    6350.00000   6.6367062E+10   6.4605366E+11   13.85084
1681.57696    6340.00000   7.6370436E+10   1.1953150E+12   13.06376
1557.77296    6310.00000   8.4000776E+10   2.2731965E+12   12.49987
1440.00000    6280.00000   9.3055377E+10   4.1921415E+12   12.15293
1340.00000    6180.00000   1.0032540E+11   7.1569132E+12   11.95374
1250.00000    6160.00000   1.1861830E+11   1.1442557E+13   11.83437
1165.00000    6060.00000   1.2743110E+11   1.8088825E+13   11.72850
1100.00000    5930.00000   1.2209700E+11   2.6034116E+13   11.64665
1060.00000    5700.00000   9.4166131E+10   3.3669977E+13   11.57232
1030.00000    5260.00000   6.2331359E+10   4.3401644E+13   11.51657
1010.00000    4900.00000   5.2036149E+10   5.2759661E+13   10.80000
 985.00000    4460.00000   4.6708908E+10   6.8612919E+13    6.40000
 970.00000    4160.00000   4.5053821E+10   8.2205935E+13    4.40000
 960.00000    4030.00000   4.4058841E+10   9.1901260E+13    2.60000
 950.00000    3940.00000   4.3412570E+10   1.0224230E+14    2.20000
 930.00000    3840.00000   4.2253791E+10   1.2521152E+14    2.06000
 900.00000    3790.00000   4.1360962E+10   1.6852163E+14    1.94000
 870.00000    3825.00000   4.1654968E+10   2.2490000E+14    1.85000
 835.00000    3905.00000   4.4103852E+10   3.1454105E+14    1.82000
 780.00000    4030.00000   5.6402178E+10   5.3576773E+14    1.80000
 725.00000    4150.00000   8.5912404E+10   9.0346673E+14    1.80000
 670.00000    4250.00000   1.3962279E+11   1.5122229E+15    1.80000
 619.00000    4340.00000   2.1928129E+11   2.4150987E+15    1.80000
 585.00000    4400.00000   2.9512899E+11   3.2820954E+15    1.80000
 547.50000    4460.00000   4.0849349E+11   4.5889353E+15    1.80000
 498.00000    4530.00000   6.2520708E+11   7.1125276E+15    1.80000
 447.00000    4610.00000   9.6339637E+11   1.1072338E+16    1.80000
 400.00000    4690.00000   1.4257601E+12   1.6511833E+16    1.80000
 350.00000    4785.00000   2.1505510E+12   2.5009219E+16    1.80000
 300.00000    4910.00000   3.2362710E+12   3.7290372E+16    1.80000
 275.00000    4985.00000   3.9735371E+12   4.5227825E+16    1.80000
 250.00000    5080.00000   4.9092090E+12   5.4441062E+16    1.80000
 225.00000    5195.00000   6.1446260E+12   6.5002599E+16    1.80000
 200.00000    5330.00000   7.8769029E+12   7.6951481E+16    1.80000
 175.00000    5500.00000   1.0648060E+13   9.0054940E+16    1.80000
 150.00000    5730.00000   1.6160470E+13   1.0366503E+17    1.81000
 135.00000    5900.00000   2.2411070E+13   1.1181427E+17    1.82000
 120.00000    6100.00000   3.3274471E+13   1.1967212E+17    1.85000
 109.50000    6260.00000   4.5671000E+13   1.2488024E+17    1.88000
  99.30000    6440.00000   6.4744778E+13   1.2947201E+17    1.95676
  90.00000    6640.00000   9.4011600E+13   1.3290132E+17    2.04750
  80.00000    6910.00000   1.5132990E+14   1.3538770E+17    2.14200
  70.00000    7220.00000   2.5214610E+14   1.3694588E+17    2.26100
  60.00000    7550.00000   4.1709390E+14   1.3795818E+17    2.36016
  50.00000    7890.00000   6.7272932E+14   1.3859802E+17    2.44000
  40.00000    8230.00000   1.0453000E+15   1.3902557E+17    2.55850
  30.00000    8570.00000   1.5697310E+15   1.3920954E+17    2.61000
  20.00000    8890.00000   2.2398330E+15   1.3948858E+17    2.67900
  10.00000    9170.00000   3.0017800E+15   1.4023008E+17    2.71950
   0.00000    9410.00000   3.8136180E+15   1.4147486E+17    2.75000
