  2.1627300E+03       2.2318801E+05       3.9053745E+09       3.6142590E+09       2.5000000E+01
  2.1087300E+03       1.6849340E+05       5.3917468E+09       4.9949954E+09       2.5000000E+01
  2.0527300E+03       8.0324446E+04       1.1123001E+10       1.0787558E+10       2.5000000E+01
  2.0039100E+03       7.5803818E+03       6.1255163E+10       1.8330999E+11       1.8780203E+01
  1.9418400E+03       6.4095073E+03       5.7485166E+10       3.1751044E+11       1.5035416E+01
  1.8615800E+03       6.3641035E+03       6.1975544E+10       5.0196930E+11       1.4252221E+01
  1.7677700E+03       6.3471667E+03       6.9201268E+10       8.0167317E+11       1.3627840E+01
  1.6818600E+03       6.3400235E+03       7.6346891E+10       1.1940222E+12       1.3065612E+01
  1.5771899E+03       6.3147051E+03       8.2804060E+10       2.1041451E+12       1.2588309E+01
  1.4700000E+03       6.2876418E+03       9.0748922E+10       3.7033336E+12       1.2241305E+01
  1.3750000E+03       6.2150000E+03       9.7780892E+10       6.1192433E+12       1.2023457E+01
  1.2750000E+03       6.1655556E+03       1.1353694E+11       1.0252101E+13       1.1867528E+01
  1.1800000E+03       6.0776471E+03       1.2587590E+11       1.6915954E+13       1.1747183E+01
  1.0850000E+03       5.8437500E+03       1.1162292E+11       2.8897564E+13       1.1618776E+01
  1.0150000E+03       4.9900000E+03       5.4609952E+10       5.0420155E+13       1.0979143E+01
  9.5500000E+02       3.9850000E+03       4.3735706E+10       9.7071781E+13       2.4000000E+00
  9.0500000E+02       3.7983333E+03       4.1509766E+10       1.6130328E+14       1.9600000E+00
  8.5500000E+02       3.8592857E+03       4.2704490E+10       2.6331760E+14       1.8371429E+00
  8.0500000E+02       3.9731818E+03       5.0812030E+10       4.3521016E+14       1.8090909E+00
  7.5000000E+02       4.0954545E+03       7.2498665E+10       7.3633081E+14       1.8000000E+00
  7.0000000E+02       4.1954545E+03       1.1032622E+11       1.1801741E+15       1.8000000E+00
  6.6000000E+02       4.2676471E+03       1.5524211E+11       1.6892574E+15       1.8000000E+00
  6.2500000E+02       4.3294118E+03       2.0990971E+11       2.3088781E+15       1.8000000E+00
  5.9000000E+02       4.3911765E+03       2.8397492E+11       3.1545959E+15       1.8000000E+00
  5.5000000E+02       4.4560000E+03       4.0093586E+11       4.5018126E+15       1.8000000E+00
  5.0000000E+02       4.5271717E+03       6.1645098E+11       7.0105643E+15       1.8000000E+00
  4.5000000E+02       4.6052941E+03       9.4350288E+11       1.0839408E+16       1.8000000E+00
  4.0000000E+02       4.6900000E+03       1.4257601E+12       1.6511833E+16       1.8000000E+00
  3.5000000E+02       4.7850000E+03       2.1505510E+12       2.5009219E+16       1.8000000E+00
  3.0000000E+02       4.9100000E+03       3.2362710E+12       3.7290371E+16       1.8000000E+00
  2.7500000E+02       4.9850000E+03       3.9735371E+12       4.5227827E+16       1.8000000E+00
  2.5000000E+02       5.0800000E+03       4.9092090E+12       5.4441064E+16       1.8000000E+00
  2.2500000E+02       5.1950000E+03       6.1446260E+12       6.5002599E+16       1.8000000E+00
  2.0000000E+02       5.3300000E+03       7.8769029E+12       7.6951477E+16       1.8000000E+00
  1.7500000E+02       5.5000000E+03       1.0648060E+13       9.0054942E+16       1.8000000E+00
  1.5000000E+02       5.7300000E+03       1.6160470E+13       1.0366503E+17       1.8099999E+00
  1.3500000E+02       5.9000000E+03       2.2411070E+13       1.1181427E+17       1.8200001E+00
  1.2000000E+02       6.1000000E+03       3.3274471E+13       1.1967212E+17       1.8500000E+00
  1.1000000E+02       6.2523810E+03       4.5080689E+13       1.2463223E+17       1.8785714E+00
  1.0000000E+02       6.4276471E+03       6.3435799E+13       1.2915689E+17       1.9514922E+00
  9.0000000E+01       6.6400000E+03       9.4011600E+13       1.3290132E+17       2.0474999E+00
  8.0000000E+01       6.9100000E+03       1.5132990E+14       1.3538770E+17       2.1420000E+00
  7.0000000E+01       7.2200000E+03       2.5214610E+14       1.3694588E+17       2.2609999E+00
  6.0000000E+01       7.5500000E+03       4.1709390E+14       1.3795818E+17       2.3601601E+00
  5.0000000E+01       7.8900000E+03       6.7272932E+14       1.3859802E+17       2.4400001E+00
  4.0000000E+01       8.2300000E+03       1.0453000E+15       1.3902557E+17       2.5585001E+00
  3.0000000E+01       8.5700000E+03       1.5697310E+15       1.3920954E+17       2.6099999E+00
  2.0000000E+01       8.8900000E+03       2.2398330E+15       1.3948858E+17       2.6789999E+00
  1.0000000E+01       9.1700000E+03       3.0017800E+15       1.4023008E+17       2.7195001E+00
  0.0000000E+00       9.4100000E+03       3.8136180E+15       1.4147486E+17       2.7500000E+00
