0.012465060265	4109.66614113	343.892291641	47923877452.9	0.00228302521896	0.5	0.0
0.012774356936	4116.36844673	352.468107605	49194591426.8	0.00232257168198	0.5	0.0
0.013099309268	4123.04144974	361.489434052	50521767692.6	0.00236388138199	0.5	0.0
0.0134407324513	4129.6787735	370.981639481	51907893283.8	0.00240700095749	0.5	0.0
0.0137991729436	4136.23525658	380.944367599	53350712528.2	0.00245187029648	0.5	0.0
0.0141753652927	4142.65512085	391.364855194	54847331680.3	0.00249843758011	0.5	0.0
0.0145701702397	4148.9255497	402.260100555	56399558910.4	0.00254680560684	0.5	0.0
0.0149844225468	4155.07391281	413.65616684	58011454963.7	0.00259707052994	0.5	0.0
0.0154186355067	4161.14496078	425.582447815	59687615470.9	0.00264926681519	0.5	0.0
0.0158735984479	4167.12647743	438.0673172	61429225692.7	0.00270346362305	0.5	0.0
0.0163503291552	4172.96893654	451.117832947	63233429794.3	0.0027596693573	0.5	0.0
0.0168495786708	4178.71549454	464.783535385	65107622375.5	0.00281812106705	0.5	0.0
0.0173723329054	4184.41863861	479.119332123	67060718345.6	0.00287902033997	0.5	0.0
0.0179197114302	4190.05550118	494.153550339	69095596466.1	0.00294243893051	0.5	0.0
0.0184926409544	4195.59834976	509.871702957	71210227928.2	0.0030082582016	0.5	0.0
0.0190919179628	4200.98052864	526.248423767	73401066513.1	0.00307641643143	0.5	0.0
0.0197185500697	4206.18518257	543.301470566	75665950393.7	0.00314697424698	0.5	0.0
0.020373701307	4211.27712021	561.110478592	78014865264.9	0.00322022213364	0.5	0.0
0.0210585105847	4216.34496803	579.784298325	80466396217.3	0.00329653723907	0.5	0.0
0.0217741513117	4221.37508049	599.34576149	83022211227.4	0.00337592445374	0.5	0.0
0.0225216406781	4226.35586319	619.780876923	85681929931.6	0.00345825870514	0.5	0.0
0.0233021590561	4231.19735069	641.020227432	88435093841.6	0.00354336420059	0.5	0.0
0.0241170566623	4235.95826149	663.128539276	91292361640.9	0.00363157344055	0.5	0.0
0.0249675982273	4240.76217499	686.253810883	94275305709.8	0.00372341161728	0.5	0.0
0.0258550334103	4245.62961998	710.496465302	97391601905.8	0.00381906497955	0.5	0.0
0.0267806635187	4250.52633018	735.835655975	100638343620.0	0.0039183372345	0.5	0.0
0.0277459090417	4255.30495453	762.15134697	103989793472.0	0.00402066901398	0.5	0.0
0.0287523935372	4259.92485008	789.429240036	107444186478.0	0.00412612008667	0.5	0.0
0.0298015351298	4264.51874313	817.847964096	111030897789.0	0.00423542773819	0.5	0.0
0.0308947769986	4269.24689293	847.626088333	114782472954.0	0.00434931320572	0.5	0.0
0.0320338142316	4274.12123985	878.790822601	118702776108.0	0.00446773272324	0.5	0.0
0.0332203524504	4278.98360367	911.165369415	122761110878.0	0.0045898951416	0.5	0.0
0.0344561071259	4283.76261444	944.653396988	126943894196.0	0.00471551367187	0.5	0.0
0.0357428116397	4288.58597488	979.475787354	131285558853.0	0.00484539391327	0.5	0.0
0.0370822994195	4293.61301575	1015.90771027	135832913094.0	0.00498049071884	0.5	0.0
0.0384765145603	4298.92828178	1054.07671013	140603941231.0	0.00512101292801	0.5	0.0
0.0399274234795	4304.35002594	1093.7224411	145556581039.0	0.00526592705536	0.5	0.0
0.0414371476844	4309.82688789	1134.78601608	150682941742.0	0.00541505926514	0.5	0.0
0.0430078032406	4315.3969677	1177.44947815	156008051491.0	0.00556907433701	0.5	0.0
0.0446416221161	4321.13563995	1221.97732582	161569409180.0	0.00572878889465	0.5	0.0
0.0463409222543	4327.08905487	1268.50748215	167384988594.0	0.00589436627197	0.5	0.0
0.0481080723706	4333.21480598	1316.92115173	173440160789.0	0.00606528296661	0.5	0.0
0.0499455563359	4339.49587059	1367.23746834	179742220993.0	0.0062417243309	0.5	0.0
0.0518558876643	4345.8987381	1419.4927269	186290560265.0	0.00642387568283	0.5	0.0
0.0538416752687	4352.44582176	1473.93131409	193116213303.0	0.00661248921585	0.5	0.0
0.0559057102335	4359.17286987	1530.72038345	200250137291.0	0.00680787066269	0.5	0.0
0.0580507175769	4366.06926651	1589.89355736	207702553825.0	0.00701001628494	0.5	0.0
0.0602797046017	4373.09925385	1651.41903725	215463482971.0	0.00721877585983	0.5	0.0
0.0625956959972	4380.27111015	1715.3426506	223525918045.0	0.00743414094925	0.5	0.0
0.0650018145657	4387.59063759	1781.86774712	231910276871.0	0.00765665999222	0.5	0.0
0.0675014051527	4394.93180199	1851.05782852	240615455246.0	0.00788647603989	0.5	0.0
0.0700978923942	4402.28438911	1923.00218277	249659545708.0	0.00812380102158	0.5	0.0
0.0727949207367	4409.65519409	1997.73244133	259044622345.0	0.00836861936188	0.5	0.0
0.0755961073853	4417.1231041	2075.38914032	268796604195.0	0.00862126292801	0.5	0.0
0.0785053669752	4424.69454308	2156.161203	278939052887.0	0.00888224721909	0.5	0.0
0.0815266047727	4432.31623344	2240.20099678	289486211700.0	0.00915201387405	0.5	0.0
0.0846641424946	4439.86243057	2327.40009308	300409332275.0	0.00943025057983	0.5	0.0
0.087922168155	4447.36941452	2417.82506561	311714944077.0	0.0097168090477	0.5	0.0
0.0913052848704	4454.92254944	2511.73034668	323448628616.0	0.0100122761574	0.5	0.0
0.0948180827064	4462.56274223	2609.51171112	335670713425.0	0.0103179418983	0.5	0.0
0.0984654231604	4470.18132019	2711.16135025	348353500366.0	0.0106336572876	0.5	0.0
0.102252525814	4477.69413719	2816.39481735	361448806763.0	0.010958551281	0.5	0.0
0.106184507088	4485.12985802	2925.34254456	374974372482.0	0.0112926865692	0.5	0.0
0.110266866769	4492.5713913	3038.60560989	389005702972.0	0.0116375722771	0.5	0.0
0.114505229788	4500.00441589	3156.46470642	403573519897.0	0.0119940871811	0.5	0.0
0.118905604526	4507.38796501	3278.82960129	418663447952.0	0.0123618993912	0.5	0.0
0.123474093257	4514.66488152	3405.41131592	434226560593.0	0.0127400307274	0.5	0.0
0.128217225244	4521.82541389	3536.43902588	450284455872.0	0.0131288884583	0.5	0.0
0.13314146106	4528.91469917	3672.5946312	466924880600.0	0.013530334713	0.5	0.0
0.138253830662	4535.95978928	3814.15003204	484187416077.0	0.0139450508385	0.5	0.0
0.14356172311	4542.90920715	3960.84888077	502035308838.0	0.0143722966232	0.5	0.0
0.149072377711	4549.76201591	4112.76439667	520474795914.0	0.0148121112442	0.5	0.0
0.154793705574	4556.52509842	4270.42542648	539548423386.0	0.0152656083679	0.5	0.0
0.160733695638	4563.19973526	4434.21347427	559273990250.0	0.0157334519958	0.5	0.0
0.166900653963	4569.72463036	4603.99491882	579614567947.0	0.0162150668716	0.5	0.0
0.173303685584	4576.10980377	4779.77399826	600586841583.0	0.0167102810669	0.5	0.0
0.179951568566	4582.4524044	4962.31248474	622306335068.0	0.0172211333465	0.5	0.0
0.186853393615	4588.79921265	5152.29712677	644841164398.0	0.0177491652298	0.5	0.0
0.194019346192	4595.05494919	5349.46190643	668122229385.0	0.0182934159088	0.5	0.0
0.201459439699	4601.14765167	5553.41514206	692087713242.0	0.01885260643	0.5	0.0
0.209183905553	4607.13595123	5764.85189056	716829226685.0	0.019428258934	0.5	0.0
0.217203556105	4613.18058624	5984.97811127	742545577240.0	0.0200236443329	0.5	0.0
0.225530094397	4619.22745514	6213.86102295	769195637512.0	0.0206385935211	0.5	0.0
0.234174840309	4625.14282455	6450.84170532	796656513596.0	0.0212711744308	0.5	0.0
0.243149933034	4630.91341438	6695.9265213	824925596237.0	0.0219211792374	0.5	0.0
0.25246837695	4636.66999435	6950.49812317	854209167480.0	0.0225919463348	0.5	0.0
0.262142619562	4642.4740181	7215.37054443	884627361679.0	0.0232856066895	0.5	0.0
0.272186534088	4648.2349678	7490.18858719	916087284470.0	0.0240009936523	0.5	0.0
0.28261454631	4653.84160042	7774.55956268	948469410706.0	0.02473652565	0.5	0.0
0.293440792661	4659.33740082	8069.16028595	981860802460.0	0.0254935813522	0.5	0.0
0.304680748307	4664.83401794	8375.33467102	1.01645692596e+12	0.0262750188065	0.5	0.0
0.316350289651	4670.34093971	8693.4589119	1.05228340225e+12	0.0270813141632	0.5	0.0
0.328465721511	4675.81279221	9023.34059906	1.08930404243e+12	0.0279118738937	0.5	0.0
0.341044825098	4681.16809006	9365.04052353	1.12745152206e+12	0.0287664943314	0.5	0.0
0.354104809761	4686.41626053	9719.41242981	1.16680903397e+12	0.0296467856598	0.5	0.0
0.367664486703	4691.64807129	10087.182682	1.20750054588e+12	0.0305539783096	0.5	0.0
0.381742857745	4697.00404091	10469.0450974	1.24971209259e+12	0.0314895806503	0.5	0.0
0.39635980606	4702.4587059	10865.3540001	1.29346611748e+12	0.0324541394806	0.5	0.0
0.411536354178	4707.93966866	11276.4758759	1.33873386917e+12	0.033447865448	0.5	0.0
0.427293939297	4713.40354843	11702.4790001	1.38547972527e+12	0.0344704399109	0.5	0.0
0.443654854817	4718.95147743	12143.9717598	1.43385882339e+12	0.0355231011581	0.5	0.0
0.460642437573	4724.71531868	12602.3459663	1.48416509666e+12	0.0366091362381	0.5	0.0
0.478280401884	4730.66106834	13078.2006073	1.53645392456e+12	0.037729745636	0.5	0.0
0.496593679329	4736.7528801	13571.8333054	1.59071601486e+12	0.0388847635651	0.5	0.0
0.515608605666	4742.98103561	14083.2288017	1.64693300819e+12	0.040073399086	0.5	0.0
0.535352292045	4749.39413986	14612.9679146	1.7052379158e+12	0.0412967186737	0.5	0.0
0.555852784555	4756.03785934	15162.002037	1.76580825424e+12	0.0425569638061	0.5	0.0
0.577139152584	4762.96153526	15731.4622879	1.82886304474e+12	0.043856326561	0.5	0.0
0.599241975383	4770.19565392	16322.2861862	1.8945671711e+12	0.0451961996078	0.5	0.0
0.622193036382	4777.70469437	16934.7288895	1.96289981766e+12	0.0465761187363	0.5	0.0
0.64602505599	4785.49880524	17569.1397476	2.03393269768e+12	0.0479963188553	0.5	0.0
0.670772562199	4793.59184456	18226.2063217	2.10782222099e+12	0.0494580981827	0.5	0.0
0.696470736151	4802.06491203	18907.1867752	2.1848879734e+12	0.0509642333984	0.5	0.0
0.72315627551	4810.93853607	19613.4032822	2.2653626152e+12	0.0525170766449	0.5	0.0
0.75086747523	4820.24617233	20345.9822845	2.34944892998e+12	0.0541183333206	0.5	0.0
0.779643780066	4829.99204521	21105.24189	2.43723518906e+12	0.0557678522492	0.5	0.0
0.809526774604	4840.16489296	21891.2932968	2.5288137867e+12	0.0574652165985	0.5	0.0
0.840559707747	4850.78759995	22704.8848343	2.62441908531e+12	0.0592120215607	0.5	0.0
0.872787100978	4861.97285538	23548.3657455	2.72457333755e+12	0.0610132366943	0.5	0.0
0.906254071824	4873.82714653	24423.7082672	2.82976062393e+12	0.0628725606918	0.5	0.0
0.941010082439	4886.23727379	25329.9331284	2.93989966202e+12	0.0647877260208	0.5	0.0
0.977103151915	4899.16965103	26267.3772049	3.05510721588e+12	0.0667587437057	0.5	0.0
1.01458514498	4912.72090073	27238.3722305	3.17594613647e+12	0.0687903272247	0.5	0.0
1.05350927634	4927.01192818	28245.5732346	3.30312906647e+12	0.0708883504867	0.5	0.0
1.09392842818	4942.00722694	29289.5271301	3.4369050827e+12	0.0730541068649	0.5	0.0
1.13590153957	4957.61148109	30369.2684174	3.57729450989e+12	0.0752864452362	0.5	0.0
1.17948372187	4973.85021896	31486.3659668	3.72480461121e+12	0.0775897104263	0.5	0.0
1.22473440999	4990.85360222	32644.1213226	3.88036512756e+12	0.0799716355515	0.5	0.0
1.27171383798	5008.62912941	33843.8204193	4.04454461288e+12	0.0824367825317	0.5	0.0
1.32048404858	5027.04118919	35084.4483948	4.21733634949e+12	0.0849845145416	0.5	0.0
1.37110767463	5046.15231247	36366.2183762	4.39946957779e+12	0.0876200374985	0.5	0.0
1.42364711817	5066.12394371	37692.1912003	4.59231628418e+12	0.090354788971	0.5	0.0
1.47816360083	5087.06072388	39065.2092361	4.79720992279e+12	0.0932005886459	0.5	0.0
1.53471699782	5108.82425728	40484.5824814	5.01452576447e+12	0.0961624826813	0.5	0.0
1.59336474529	5131.33655357	41949.6955872	5.24499884796e+12	0.0992490062332	0.5	0.0
1.65416030476	5154.72046356	43462.7215195	5.49049954605e+12	0.102478218155	0.5	0.0
1.71715331111	5179.0778923	45026.6408157	5.75314455032e+12	0.105871230621	0.5	0.0
1.78238429156	5204.40824776	46641.6103745	6.03486136246e+12	0.109449107399	0.5	0.0
1.84989397402	5230.51318512	48304.339447	6.33651898956e+12	0.113224605827	0.5	0.0
1.91970240936	5257.41463623	50014.2750931	6.66052806854e+12	0.117224616547	0.5	0.0
1.99182869146	5285.34743462	51774.3455887	7.01127772141e+12	0.121492402725	0.5	0.0
2.06625996396	5314.40815659	53584.9567413	7.39347421265e+12	0.12607933239	0.5	0.0
2.1429909923	5344.43016167	55441.0620117	7.80987791443e+12	0.131015500336	0.5	0.0
2.22197480885	5375.35868835	57339.1177368	8.26451928329e+12	0.136346378136	0.5	0.0
2.30316384479	5407.35278282	59279.0750885	8.76387879562e+12	0.142136055946	0.5	0.0
2.38646973149	5440.51934357	61261.382103	9.31579235077e+12	0.148464710579	0.5	0.0
2.47180472066	5474.72025452	63283.1698608	9.9263031311e+12	0.155393835869	0.5	0.0
2.55905908038	5509.75252419	65338.5761261	1.06008589287e+13	0.162976870918	0.5	0.0
2.64809919492	5545.6354393	67424.6740341	1.13484044724e+13	0.171298469429	0.5	0.0
2.73878666422	5582.53659477	69540.4670334	1.21810638123e+13	0.180467675743	0.5	0.0
2.83095403983	5620.41282425	71683.1303787	1.31108221245e+13	0.19059251709	0.5	0.0
2.92445021433	5659.16035576	73846.9617844	1.41488933105e+13	0.201763189583	0.5	0.0
3.01910115068	5698.78530731	76027.4539185	1.53099943275e+13	0.21409972702	0.5	0.0
3.11471981364	5739.38470993	78220.7838058	1.6613179615e+13	0.227758015556	0.5	0.0
3.21112932248	5781.01788979	80424.9270248	1.80797640266e+13	0.242906507416	0.5	0.0
3.30815361644	5823.64099464	82636.0363007	1.97287062263e+13	0.259681935158	0.5	0.0
3.40561984355	5867.16154823	84848.0211639	2.15774649162e+13	0.278196169662	0.5	0.0
3.50336721114	5911.48404388	87054.7973251	2.36487890549e+13	0.298599986649	0.5	0.0
3.60123255126	5956.62320557	89251.6527939	2.59750694656e+13	0.321118031311	0.5	0.0
3.69907096791	6002.78316879	91440.7991409	2.86042633858e+13	0.346099907303	0.5	0.0
3.79670795966	6050.14125252	93622.1017075	3.15874356499e+13	0.37390441246	0.5	0.0
3.89401687939	6098.75447884	95793.4301758	3.49729419632e+13	0.404846299362	0.5	0.0
3.99089462045	6148.46801071	97948.6525726	3.87956688766e+13	0.439105199051	0.5	0.0
4.08719385622	6199.16537476	100078.903351	4.30955675125e+13	0.476891710281	0.5	0.0
4.18280952824	6250.83056488	102178.598518	4.79301872635e+13	0.518536711502	0.5	0.0
4.27761626397	6303.53654289	104247.789993	5.33792697906e+13	0.564523312759	0.5	0.0
4.37149899592	6357.58508835	106291.578217	5.95686940002e+13	0.615666249466	0.5	0.0
4.46439881127	6413.07867508	108313.096809	6.66243114853e+13	0.672721809006	0.5	0.0
4.5561852959	6470.11041336	110311.80172	7.4680519371e+13	0.736480850601	0.5	0.0
4.64678485878	6528.66934891	112282.585983	8.38598900604e+13	0.807613143539	0.5	0.0
4.73619380065	6588.52402611	114221.272469	9.42626615906e+13	0.886592314529	0.5	0.0
4.82437354713	6649.47978325	116119.779549	1.05992210579e+14	0.973916361618	0.5	0.0
4.91122987706	6711.65840874	117972.402077	1.19236495285e+14	1.07069277115	0.5	0.0
4.99662804704	6775.30691872	119772.323799	1.3425695797e+14	1.17854319077	0.5	0.0
5.08043264133	6840.91707687	121513.869934	1.51460897789e+14	1.30008515739	0.5	0.0
5.1625187235	6909.17786255	123197.280006	1.71438544579e+14	1.43910754051	0.5	0.0
5.24278117731	6980.66720047	124824.889145	1.9488449852e+14	1.60005557098	0.5	0.0
5.32108703401	7055.86080971	126397.487526	2.2256994339e+14	1.78789502983	0.5	0.0
5.39735322532	7135.08756027	127919.936218	2.55341841202e+14	2.00813454399	0.5	0.0
5.47149804047	7218.56641922	129396.421623	2.94107500725e+14	2.26681115952	0.5	0.0
5.54353640302	7305.94532738	130830.256729	3.39644604034e+14	2.56919775696	0.5	0.0
5.6135599969	7396.59870033	132226.243668	3.92645534935e+14	2.92009809685	0.5	0.0
5.68161541022	7489.90670547	133586.538658	4.53724901276e+14	3.32411614952	0.5	0.0
5.74778921027	7585.21968956	134914.348297	5.23414942551e+14	3.7855590786	0.5	0.0
5.81219457263	7681.82142715	136211.578217	6.02092045441e+14	4.30807244682	0.5	0.0
5.87495834468	7779.05654221	137480.041275	6.90083217888e+14	4.8951704361	0.5	0.0
5.93618156778	7876.459272	138722.836952	7.87646916084e+14	5.55025853004	0.5	0.0
5.99597206445	7973.48406296	139941.885948	8.94751399574e+14	6.27540253525	0.5	0.0
6.05443969148	8069.79816437	141138.253632	1.0115480286e+15	7.07356338196	0.5	0.0
6.11168251938	8165.0550621	142313.828621	1.13787081116e+15	7.94615017014	0.5	0.0
6.16780032008	8258.97693672	143471.551781	1.27346572872e+15	8.89394302025	0.5	0.0
6.22286358176	8351.31788788	144614.134026	1.4178554916e+15	9.9163670433	0.5	0.0
6.27696271388	8441.84694824	145743.597755	1.57049143517e+15	11.0122152893	0.5	0.0
6.33018829234	8530.43211021	146861.717644	1.73095733021e+15	12.1806872948	0.5	0.0
6.38262992959	8616.90128479	147970.767479	1.89852405411e+15	13.4187429874	0.5	0.0
6.43436981174	8701.0758213	149072.26757	2.0723489122e+15	14.7220549694	0.5	0.0
6.48549893932	8782.88270721	150168.485947	2.25164972767e+15	16.0860949432	0.5	0.0
6.53608415447	8862.22200851	151260.579224	2.43552618019e+15	17.5052837929	0.5	0.0
6.58620413698	8939.08423538	152351.696358	2.62328873978e+15	18.9748064384	0.5	0.0
6.63592923864	9013.39368782	153442.240295	2.81399549675e+15	20.4880040398	0.5	0.0
6.68534160368	9085.18829155	154534.892426	3.00711293907e+15	22.0398095436	0.5	0.0
6.73450103627	9154.47315063	155632.842407	3.20182923164e+15	23.6235690231	0.5	0.0
6.78345903721	9221.25656319	156738.0019	3.3973275692e+15	25.2311956558	0.5	0.0
6.83227718552	9285.55814056	157853.278503	3.59282263947e+15	26.8547550621	0.5	0.0
6.88102908062	9347.41049843	158979.741402	3.7878180378e+15	28.4880957718	0.5	0.0
6.92976205928	9406.87318993	160118.050728	3.98171107559e+15	30.1242638931	0.5	0.0
6.97855168506	9464.04272728	161270.937309	4.1743381115e+15	31.7598316307	0.5	0.0
7.02745168705	9519.02644959	162437.347679	4.36551904831e+15	33.3914824524	0.5	0.0
7.07652300559	9571.9449379	163618.701134	4.55514385719e+15	35.016655201	0.5	0.0
7.12582089275	9622.9152607	164816.819458	4.74307484093e+15	36.6326508331	0.5	0.0
7.17540936765	9672.10883942	166031.301231	4.92967486229e+15	38.2416859779	0.5	0.0
7.22534312234	9719.69266739	167262.97802	5.11545625381e+15	39.8474663048	0.5	0.0
7.27570827914	9765.79709091	168513.371315	5.30090250282e+15	41.4537793465	0.5	0.0
7.32657584847	9810.50393333	169783.348045	5.48616246872e+15	43.0617945595	0.5	0.0
7.37800747355	9853.97400208	171072.32933	5.67184153824e+15	44.6770781174	0.5	0.0
7.43008892247	9896.27652931	172382.104301	5.85818832359e+15	46.3013021774	0.5	0.0
7.48288287116	9937.48655205	173714.257317	6.04546261368e+15	47.9366984444	0.5	0.0
7.5364671624	9977.67499962	175070.190697	6.23380752106e+15	49.5841692314	0.5	0.0
7.59095278987	10016.7890236	176451.217232	6.42308375053e+15	51.2415168076	0.5	0.0
7.646408862	10054.8905491	177859.125824	6.61359511757e+15	52.9101071243	0.5	0.0
7.70294963155	10091.9376827	179298.613358	6.80514313469e+15	54.586531311	0.5	0.0
7.7606734766	10127.8923851	180774.629517	6.99742911758e+15	56.266915844	0.5	0.0
7.81967194061	10162.770092	182289.249611	7.19053845139e+15	57.9510056114	0.5	0.0
7.88004308248	10196.5807587	183844.94381	7.38443804169e+15	59.6374470329	0.5	0.0
7.94189797372	10229.4162071	185446.697235	7.57921794052e+15	61.3259586296	0.5	0.0
8.00535101724	10261.4182446	187098.112068	7.77519675026e+15	63.0187981682	0.5	0.0
8.07051557388	10292.7304462	188802.808342	7.97313268166e+15	64.7228098106	0.5	0.0
8.13750353767	10323.3944824	190561.861763	8.17342651443e+15	66.4422777824	0.5	0.0
8.20638843941	10353.5309639	192376.122589	8.37642399139e+15	68.1804285698	0.5	0.0
8.27729199438	10383.1698933	194246.625595	8.58266891823e+15	69.9436922531	0.5	0.0
8.35034752124	10412.3930912	196179.192009	8.79278787994e+15	71.7392706375	0.5	0.0
8.42566680209	10441.2348412	198175.56839	9.00712849464e+15	73.5712874641	0.5	0.0
8.50339922987	10469.7249352	200238.198967	9.22563107872e+15	75.4393090057	0.5	0.0
8.58369881514	10498.0102692	202372.277718	9.44907985878e+15	77.3488114471	0.5	0.0
8.6666793375	10525.9545639	204579.926796	9.6771348629e+15	79.2960541306	0.5	0.0
8.75245169767	10553.5494839	206862.837143	9.90973706017e+15	81.2809026718	0.5	0.0
8.84119963938	10580.881284	209229.235077	1.01474240631e+16	83.3073356857	0.5	0.0
8.93308722626	10607.9369045	211683.819427	1.03903392223e+16	85.3752983665	0.5	0.0
9.02830075528	10634.5927227	214231.936378	1.0638121994e+16	87.4835110931	0.5	0.0
9.12699532091	10660.9001171	216873.603973	1.08908675282e+16	89.6335953598	0.5	0.0
9.22939570601	10686.9806267	219614.775429	1.11493526787e+16	91.8305851784	0.5	0.0
9.33568336414	10713.0019825	222461.310997	1.14146181812e+16	94.0821288223	0.5	0.0
9.44596653363	10739.0927803	225413.263626	1.16873991444e+16	96.39213274	0.5	0.0
9.56045205713	10765.1559017	228474.659157	1.19675416573e+16	98.7599804764	0.5	0.0
9.67927170683	10791.1841736	231652.180138	1.2255681884e+16	101.192919117	0.5	0.0
9.80263257805	10817.3274525	234952.339172	1.25526596794e+16	103.696601643	0.5	0.0
9.93067358975	10843.5926403	238380.027237	1.28588775612e+16	106.273620895	0.5	0.0
10.0635574812	10869.949596	241930.909729	1.31750776234e+16	108.930843884	0.5	0.0
10.2015205704	10896.4880432	245611.633453	1.35020869751e+16	111.675527653	0.5	0.0
10.3448329423	10923.0562683	249431.559753	1.38403796837e+16	114.5154552	0.5	0.0
10.4937790923	10949.7131844	253399.667206	1.41901720211e+16	117.453752178	0.5	0.0
10.6486057888	10976.386076	257526.522827	1.45513213867e+16	120.488375553	0.5	0.0
10.8095926773	11003.1912571	261823.411942	1.49249502335e+16	123.627288876	0.5	0.0
10.9770424432	11030.1738281	266305.083084	1.53121566353e+16	126.87902166	0.5	0.0
11.1511551568	11057.4312637	270974.459076	1.57130663162e+16	130.239619331	0.5	0.0
11.3321124316	11084.9436569	275826.242218	1.61278223839e+16	133.709848923	0.5	0.0
