 1.01586385E-02   3817.4 2.672E+02 2.985E+10 2.010E-03 5.000E-01 0.000E+00
 1.05039636E-02   3843.4 2.767E+02 3.164E+10 2.062E-03 5.000E-01 0.000E+00
 1.08610373E-02   3869.4 2.865E+02 3.353E+10 2.117E-03 5.000E-01 0.000E+00
 1.12321982E-02   3894.4 2.979E+02 3.557E+10 2.176E-03 5.000E-01 0.000E+00
 1.16200987E-02   3917.3 3.121E+02 3.779E+10 2.245E-03 5.000E-01 0.000E+00
 1.20213842E-02   3940.2 3.270E+02 4.015E+10 2.317E-03 5.000E-01 0.000E+00
 1.24377785E-02   3963.6 3.422E+02 4.261E+10 2.388E-03 5.000E-01 0.000E+00
 1.28750587E-02   3989.9 3.559E+02 4.501E+10 2.450E-03 5.000E-01 0.000E+00
 1.33277131E-02   4016.3 3.702E+02 4.754E+10 2.513E-03 5.000E-01 0.000E+00
 1.37965381E-02   4042.2 3.851E+02 5.020E+10 2.578E-03 5.000E-01 0.000E+00
 1.42908394E-02   4056.9 4.017E+02 5.258E+10 2.651E-03 5.000E-01 0.000E+00
 1.48028443E-02   4071.5 4.192E+02 5.508E+10 2.726E-03 5.000E-01 0.000E+00
 1.53331934E-02   4086.2 4.373E+02 5.770E+10 2.803E-03 5.000E-01 0.000E+00
 1.58937406E-02   4105.6 4.540E+02 6.034E+10 2.869E-03 5.000E-01 0.000E+00
 1.64754782E-02   4125.3 4.712E+02 6.308E+10 2.937E-03 5.000E-01 0.000E+00
 1.70785096E-02   4145.0 4.891E+02 6.596E+10 3.007E-03 5.000E-01 0.000E+00
 1.77125540E-02   4161.0 5.108E+02 6.911E+10 3.093E-03 5.000E-01 0.000E+00
 1.83709543E-02   4176.6 5.337E+02 7.243E+10 3.184E-03 5.000E-01 0.000E+00
 1.90538261E-02   4192.2 5.576E+02 7.591E+10 3.277E-03 5.000E-01 0.000E+00
 1.97739024E-02   4205.8 5.773E+02 7.881E+10 3.351E-03 5.000E-01 0.000E+00
 2.05219779E-02   4219.4 5.974E+02 8.177E+10 3.427E-03 5.000E-01 0.000E+00
 2.12986711E-02   4232.7 6.181E+02 8.483E+10 3.504E-03 5.000E-01 0.000E+00
 2.21182499E-02   4236.1 6.407E+02 8.769E+10 3.597E-03 5.000E-01 0.000E+00
 2.29693595E-02   4239.5 6.642E+02 9.065E+10 3.694E-03 5.000E-01 0.000E+00
 2.38558482E-02   4244.2 6.881E+02 9.372E+10 3.790E-03 5.000E-01 0.000E+00
 2.47880369E-02   4254.6 7.112E+02 9.698E+10 3.876E-03 5.000E-01 0.000E+00
 2.57566329E-02   4265.0 7.351E+02 1.003E+11 3.965E-03 5.000E-01 0.000E+00
 2.67688073E-02   4272.8 7.606E+02 1.038E+11 4.062E-03 5.000E-01 0.000E+00
 2.78282352E-02   4277.6 7.880E+02 1.073E+11 4.170E-03 5.000E-01 0.000E+00
 2.89295968E-02   4282.3 8.164E+02 1.109E+11 4.280E-03 5.000E-01 0.000E+00
 3.00833192E-02   4292.7 8.457E+02 1.150E+11 4.387E-03 5.000E-01 0.000E+00
 3.12857591E-02   4304.8 8.760E+02 1.193E+11 4.494E-03 5.000E-01 0.000E+00
 3.25376503E-02   4316.1 9.076E+02 1.238E+11 4.607E-03 5.000E-01 0.000E+00
 3.38469706E-02   4323.0 9.418E+02 1.283E+11 4.734E-03 5.000E-01 0.000E+00
 3.52089629E-02   4330.0 9.773E+02 1.329E+11 4.864E-03 5.000E-01 0.000E+00
 3.66296694E-02   4340.4 1.014E+03 1.380E+11 4.994E-03 5.000E-01 0.000E+00
 3.81102674E-02   4353.0 1.052E+03 1.434E+11 5.125E-03 5.000E-01 0.000E+00
 3.96510810E-02   4365.2 1.092E+03 1.490E+11 5.261E-03 5.000E-01 0.000E+00
 4.12575044E-02   4374.2 1.135E+03 1.548E+11 5.411E-03 5.000E-01 0.000E+00
 4.29290123E-02   4383.1 1.179E+03 1.607E+11 5.566E-03 5.000E-01 0.000E+00
 4.46681082E-02   4394.5 1.226E+03 1.672E+11 5.725E-03 5.000E-01 0.000E+00
 4.64775376E-02   4407.4 1.275E+03 1.741E+11 5.887E-03 5.000E-01 0.000E+00
 4.83602509E-02   4419.4 1.326E+03 1.811E+11 6.054E-03 5.000E-01 0.000E+00
 5.03190756E-02   4426.8 1.376E+03 1.878E+11 6.227E-03 5.000E-01 0.000E+00
 5.23572378E-02   4434.3 1.428E+03 1.947E+11 6.405E-03 5.000E-01 0.000E+00
 5.44742197E-02   4444.1 1.486E+03 2.025E+11 6.595E-03 5.000E-01 0.000E+00
 5.66753633E-02   4454.6 1.546E+03 2.107E+11 6.794E-03 5.000E-01 0.000E+00
 5.89639284E-02   4464.8 1.608E+03 2.192E+11 6.997E-03 5.000E-01 0.000E+00
 6.13413118E-02   4474.1 1.671E+03 2.275E+11 7.199E-03 5.000E-01 0.000E+00
 6.38145357E-02   4483.4 1.735E+03 2.363E+11 7.408E-03 5.000E-01 0.000E+00
 6.63861409E-02   4498.6 1.805E+03 2.463E+11 7.621E-03 5.000E-01 0.000E+00
 6.90612569E-02   4514.5 1.878E+03 2.568E+11 7.840E-03 5.000E-01 0.000E+00
 7.18429759E-02   4527.4 1.952E+03 2.673E+11 8.067E-03 5.000E-01 0.000E+00
 7.47355372E-02   4537.3 2.028E+03 2.776E+11 8.303E-03 5.000E-01 0.000E+00
 7.77427033E-02   4547.2 2.107E+03 2.884E+11 8.549E-03 5.000E-01 0.000E+00
 8.08571801E-02   4556.8 2.196E+03 3.003E+11 8.824E-03 5.000E-01 0.000E+00
 8.40964243E-02   4566.4 2.288E+03 3.127E+11 9.108E-03 5.000E-01 0.000E+00
 8.74421746E-02   4576.1 2.386E+03 3.260E+11 9.410E-03 5.000E-01 0.000E+00
 9.09127891E-02   4585.9 2.489E+03 3.399E+11 9.726E-03 5.000E-01 0.000E+00
 9.45094004E-02   4596.6 2.597E+03 3.546E+11 1.005E-02 5.000E-01 0.000E+00
 9.82250348E-02   4609.1 2.711E+03 3.702E+11 1.039E-02 5.000E-01 0.000E+00
 1.02086745E-01   4621.6 2.829E+03 3.866E+11 1.073E-02 5.000E-01 0.000E+00
 1.06069885E-01   4632.7 2.950E+03 4.031E+11 1.109E-02 5.000E-01 0.000E+00
 1.10205434E-01   4643.7 3.076E+03 4.203E+11 1.145E-02 5.000E-01 0.000E+00
 1.14490822E-01   4650.7 3.201E+03 4.368E+11 1.183E-02 5.000E-01 0.000E+00
 1.18928403E-01   4652.9 3.325E+03 4.521E+11 1.220E-02 5.000E-01 0.000E+00
 1.23538017E-01   4655.1 3.453E+03 4.679E+11 1.259E-02 5.000E-01 0.000E+00
 1.28309503E-01   4668.5 3.595E+03 4.878E+11 1.299E-02 5.000E-01 0.000E+00
 1.33264810E-01   4682.2 3.742E+03 5.086E+11 1.340E-02 5.000E-01 0.000E+00
 1.38409168E-01   4690.2 3.887E+03 5.277E+11 1.381E-02 5.000E-01 0.000E+00
 1.43749580E-01   4692.1 4.027E+03 5.450E+11 1.423E-02 5.000E-01 0.000E+00
 1.49295911E-01   4694.4 4.174E+03 5.629E+11 1.466E-02 5.000E-01 0.000E+00
 1.55049205E-01   4708.4 4.343E+03 5.868E+11 1.512E-02 5.000E-01 0.000E+00
 1.61024198E-01   4722.4 4.519E+03 6.117E+11 1.559E-02 5.000E-01 0.000E+00
 1.67232394E-01   4741.6 4.697E+03 6.389E+11 1.606E-02 5.000E-01 0.000E+00
 1.73682362E-01   4764.9 4.878E+03 6.682E+11 1.652E-02 5.000E-01 0.000E+00
 1.80378944E-01   4788.4 5.069E+03 6.993E+11 1.701E-02 5.000E-01 0.000E+00
 1.87316313E-01   4813.8 5.286E+03 7.356E+11 1.758E-02 5.000E-01 0.000E+00
 1.94520473E-01   4839.2 5.512E+03 7.738E+11 1.818E-02 5.000E-01 0.000E+00
 2.01960057E-01   4858.5 5.743E+03 8.108E+11 1.880E-02 5.000E-01 0.000E+00
 2.09663868E-01   4874.8 5.981E+03 8.481E+11 1.944E-02 5.000E-01 0.000E+00
 2.17643708E-01   4890.7 6.230E+03 8.871E+11 2.011E-02 5.000E-01 0.000E+00
 2.25865200E-01   4905.1 6.494E+03 9.277E+11 2.082E-02 5.000E-01 0.000E+00
 2.34397307E-01   4919.5 6.768E+03 9.703E+11 2.156E-02 5.000E-01 0.000E+00
 2.43201435E-01   4926.5 7.043E+03 1.009E+12 2.229E-02 5.000E-01 0.000E+00
 2.52319068E-01   4931.2 7.326E+03 1.046E+12 2.304E-02 5.000E-01 0.000E+00
 2.61761189E-01   4933.7 7.626E+03 1.084E+12 2.382E-02 5.000E-01 0.000E+00
 2.71501720E-01   4929.8 7.953E+03 1.121E+12 2.466E-02 5.000E-01 0.000E+00
 2.81604797E-01   4925.9 8.294E+03 1.159E+12 2.553E-02 5.000E-01 0.000E+00
 2.92053968E-01   4922.1 8.625E+03 1.195E+12 2.637E-02 5.000E-01 0.000E+00
 3.02877367E-01   4918.4 8.958E+03 1.232E+12 2.721E-02 5.000E-01 0.000E+00
 3.14101130E-01   4915.5 9.303E+03 1.270E+12 2.808E-02 5.000E-01 0.000E+00
 3.25733423E-01   4919.5 9.665E+03 1.315E+12 2.899E-02 5.000E-01 0.000E+00
 3.37796539E-01   4923.6 1.004E+04 1.362E+12 2.992E-02 5.000E-01 0.000E+00
 3.50338340E-01   4926.6 1.040E+04 1.407E+12 3.082E-02 5.000E-01 0.000E+00
 3.63377720E-01   4928.5 1.075E+04 1.449E+12 3.168E-02 5.000E-01 0.000E+00
 3.76902401E-01   4930.5 1.111E+04 1.492E+12 3.256E-02 5.000E-01 0.000E+00
 3.91038150E-01   4930.8 1.150E+04 1.536E+12 3.349E-02 5.000E-01 0.000E+00
 4.05712157E-01   4931.1 1.189E+04 1.581E+12 3.445E-02 5.000E-01 0.000E+00
 4.20989126E-01   4931.6 1.229E+04 1.627E+12 3.542E-02 5.000E-01 0.000E+00
 4.36923325E-01   4932.4 1.269E+04 1.672E+12 3.638E-02 5.000E-01 0.000E+00
 4.53460634E-01   4933.2 1.310E+04 1.720E+12 3.736E-02 5.000E-01 0.000E+00
 4.70739633E-01   4933.9 1.355E+04 1.770E+12 3.842E-02 5.000E-01 0.000E+00
 4.88688380E-01   4934.7 1.402E+04 1.823E+12 3.952E-02 5.000E-01 0.000E+00
 5.07369220E-01   4936.1 1.450E+04 1.877E+12 4.065E-02 5.000E-01 0.000E+00
 5.26819527E-01   4938.4 1.499E+04 1.934E+12 4.180E-02 5.000E-01 0.000E+00
 5.47021508E-01   4940.7 1.551E+04 1.993E+12 4.298E-02 5.000E-01 0.000E+00
 5.68082750E-01   4942.9 1.605E+04 2.055E+12 4.423E-02 5.000E-01 0.000E+00
 5.89955032E-01   4945.1 1.661E+04 2.118E+12 4.551E-02 5.000E-01 0.000E+00
 6.12691998E-01   4952.5 1.721E+04 2.193E+12 4.687E-02 5.000E-01 0.000E+00
 6.36315286E-01   4962.0 1.785E+04 2.274E+12 4.830E-02 5.000E-01 0.000E+00
 6.60874724E-01   4970.1 1.849E+04 2.354E+12 4.973E-02 5.000E-01 0.000E+00
 6.86430216E-01   4975.6 1.911E+04 2.429E+12 5.111E-02 5.000E-01 0.000E+00
 7.12971449E-01   4981.7 1.976E+04 2.508E+12 5.255E-02 5.000E-01 0.000E+00
 7.40476787E-01   5002.8 2.057E+04 2.628E+12 5.435E-02 5.000E-01 0.000E+00
 7.69043207E-01   5023.8 2.141E+04 2.754E+12 5.621E-02 5.000E-01 0.000E+00
 7.98723519E-01   5035.9 2.214E+04 2.855E+12 5.781E-02 5.000E-01 0.000E+00
 8.29553843E-01   5044.9 2.285E+04 2.948E+12 5.936E-02 5.000E-01 0.000E+00
 8.61509144E-01   5063.2 2.368E+04 3.076E+12 6.123E-02 5.000E-01 0.000E+00
 8.94619584E-01   5092.0 2.467E+04 3.246E+12 6.350E-02 5.000E-01 0.000E+00
 9.28994834E-01   5116.8 2.564E+04 3.409E+12 6.570E-02 5.000E-01 0.000E+00
 9.64662433E-01   5127.9 2.640E+04 3.520E+12 6.740E-02 5.000E-01 0.000E+00
 1.00169945E+00   5138.9 2.718E+04 3.636E+12 6.914E-02 5.000E-01 0.000E+00
 1.04019129E+00   5161.7 2.816E+04 3.809E+12 7.148E-02 5.000E-01 0.000E+00
 1.08016205E+00   5184.6 2.917E+04 3.991E+12 7.390E-02 5.000E-01 0.000E+00
 1.12154949E+00   5205.2 3.012E+04 4.165E+12 7.622E-02 5.000E-01 0.000E+00
 1.16449511E+00   5225.2 3.107E+04 4.343E+12 7.857E-02 5.000E-01 0.000E+00
 1.20915544E+00   5243.0 3.198E+04 4.515E+12 8.086E-02 5.000E-01 0.000E+00
 1.25556374E+00   5259.7 3.289E+04 4.686E+12 8.314E-02 5.000E-01 0.000E+00
 1.30385375E+00   5277.5 3.381E+04 4.869E+12 8.554E-02 5.000E-01 0.000E+00
 1.35407507E+00   5296.2 3.474E+04 5.063E+12 8.804E-02 5.000E-01 0.000E+00
 1.40616536E+00   5318.1 3.571E+04 5.287E+12 9.083E-02 5.000E-01 0.000E+00
 1.46020627E+00   5342.6 3.671E+04 5.537E+12 9.390E-02 5.000E-01 0.000E+00
 1.51634228E+00   5361.0 3.768E+04 5.758E+12 9.669E-02 5.000E-01 0.000E+00
 1.57465065E+00   5375.1 3.862E+04 5.958E+12 9.929E-02 5.000E-01 0.000E+00
 1.63511229E+00   5396.9 3.963E+04 6.226E+12 1.026E-01 5.000E-01 0.000E+00
 1.69785154E+00   5422.4 4.068E+04 6.537E+12 1.063E-01 5.000E-01 0.000E+00
 1.76251853E+00   5443.1 4.184E+04 6.841E+12 1.100E-01 5.000E-01 0.000E+00
 1.82953584E+00   5462.8 4.304E+04 7.153E+12 1.139E-01 5.000E-01 0.000E+00
 1.89644599E+00   5511.2 4.468E+04 7.828E+12 1.217E-01 5.000E-01 0.000E+00
 1.96522844E+00   5558.9 4.641E+04 8.567E+12 1.301E-01 5.000E-01 0.000E+00
 2.03244591E+00   5598.6 4.838E+04 9.331E+12 1.391E-01 5.000E-01 0.000E+00
 2.10099292E+00   5640.9 5.047E+04 1.022E+13 1.492E-01 5.000E-01 0.000E+00
 2.16571975E+00   5699.8 5.296E+04 1.156E+13 1.643E-01 5.000E-01 0.000E+00
 2.23244071E+00   5758.8 5.556E+04 1.309E+13 1.810E-01 5.000E-01 0.000E+00
 2.29449630E+00   5801.4 5.802E+04 1.443E+13 1.957E-01 5.000E-01 0.000E+00
 2.35771656E+00   5842.8 6.056E+04 1.588E+13 2.114E-01 5.000E-01 0.000E+00
 2.42153025E+00   5874.6 6.302E+04 1.717E+13 2.253E-01 5.000E-01 0.000E+00
 2.48533344E+00   5892.5 6.528E+04 1.809E+13 2.355E-01 5.000E-01 0.000E+00
 2.55081797E+00   5910.3 6.763E+04 1.906E+13 2.460E-01 5.000E-01 0.000E+00
 2.61953068E+00   5916.2 6.967E+04 1.960E+13 2.523E-01 5.000E-01 0.000E+00
 2.69069695E+00   5917.4 7.162E+04 1.998E+13 2.569E-01 5.000E-01 0.000E+00
 2.76424885E+00   5918.1 7.363E+04 2.034E+13 2.614E-01 5.000E-01 0.000E+00
 2.84447050E+00   5913.6 7.569E+04 2.054E+13 2.643E-01 5.000E-01 0.000E+00
 2.92702007E+00   5909.1 7.782E+04 2.074E+13 2.673E-01 5.000E-01 0.000E+00
 3.01401520E+00   5914.9 8.022E+04 2.134E+13 2.742E-01 5.000E-01 0.000E+00
 3.10485649E+00   5927.0 8.283E+04 2.221E+13 2.837E-01 5.000E-01 0.000E+00
 3.19824648E+00   5941.6 8.554E+04 2.321E+13 2.946E-01 5.000E-01 0.000E+00
 3.29386973E+00   5963.8 8.838E+04 2.458E+13 3.090E-01 5.000E-01 0.000E+00
 3.39235210E+00   5986.1 9.133E+04 2.603E+13 3.240E-01 5.000E-01 0.000E+00
 3.48955321E+00   6020.5 9.457E+04 2.819E+13 3.456E-01 5.000E-01 0.000E+00
 3.58882689E+00   6056.9 9.795E+04 3.063E+13 3.698E-01 5.000E-01 0.000E+00
 3.68970728E+00   6087.4 1.013E+05 3.291E+13 3.922E-01 5.000E-01 0.000E+00
 3.79103470E+00   6106.6 1.045E+05 3.464E+13 4.094E-01 5.000E-01 0.000E+00
 3.89514661E+00   6125.9 1.078E+05 3.647E+13 4.274E-01 5.000E-01 0.000E+00
 3.99676323E+00   6169.8 1.109E+05 3.999E+13 4.604E-01 5.000E-01 0.000E+00
 4.09903717E+00   6222.8 1.140E+05 4.452E+13 5.017E-01 5.000E-01 0.000E+00
 4.20392752E+00   6275.8 1.172E+05 4.956E+13 5.467E-01 5.000E-01 0.000E+00
 4.30460548E+00   6304.8 1.206E+05 5.295E+13 5.772E-01 5.000E-01 0.000E+00
 4.40737486E+00   6332.8 1.240E+05 5.645E+13 6.086E-01 5.000E-01 0.000E+00
 4.51247740E+00   6361.3 1.275E+05 6.023E+13 6.420E-01 5.000E-01 0.000E+00
 4.60467720E+00   6444.1 1.301E+05 7.013E+13 7.248E-01 5.000E-01 0.000E+00
 4.69875956E+00   6526.8 1.327E+05 8.165E+13 8.183E-01 5.000E-01 0.000E+00
 4.79476500E+00   6609.6 1.354E+05 9.507E+13 9.239E-01 5.000E-01 0.000E+00
 4.88347244E+00   6670.2 1.381E+05 1.064E+14 1.011E+00 5.000E-01 0.000E+00
 4.96861935E+00   6718.6 1.408E+05 1.164E+14 1.088E+00 5.000E-01 0.000E+00
 5.05525208E+00   6766.9 1.436E+05 1.274E+14 1.171E+00 5.000E-01 0.000E+00
 5.14339495E+00   6815.2 1.464E+05 1.394E+14 1.260E+00 5.000E-01 0.000E+00
 5.22958708E+00   6855.8 1.485E+05 1.500E+14 1.337E+00 5.000E-01 0.000E+00
 5.31649494E+00   6894.7 1.504E+05 1.607E+14 1.414E+00 5.000E-01 0.000E+00
 5.40484524E+00   6933.6 1.524E+05 1.722E+14 1.496E+00 5.000E-01 0.000E+00
 5.49466515E+00   6972.5 1.543E+05 1.845E+14 1.582E+00 5.000E-01 0.000E+00
 5.52772141E+00   7145.2 1.551E+05 2.308E+14 1.924E+00 5.000E-01 0.000E+00
 5.55715752E+00   7326.7 1.559E+05 2.916E+14 2.362E+00 5.000E-01 0.000E+00
 5.58674908E+00   7508.2 1.566E+05 3.686E+14 2.898E+00 5.000E-01 0.000E+00
 5.61649799E+00   7689.7 1.574E+05 4.658E+14 3.557E+00 5.000E-01 0.000E+00
 5.64640617E+00   7871.2 1.581E+05 5.886E+14 4.366E+00 5.000E-01 0.000E+00
 5.67647314E+00   8052.8 1.589E+05 7.439E+14 5.358E+00 5.000E-01 0.000E+00
 5.70670080E+00   8234.3 1.596E+05 9.401E+14 6.575E+00 5.000E-01 0.000E+00
 5.73708820E+00   8415.8 1.604E+05 1.188E+15 8.070E+00 5.000E-01 0.000E+00
 5.76763916E+00   8597.3 1.611E+05 1.501E+15 9.904E+00 5.000E-01 0.000E+00
 5.79835129E+00   8778.8 1.619E+05 1.897E+15 1.216E+01 5.000E-01 0.000E+00
 5.82230759E+00   8913.7 1.624E+05 2.220E+15 1.408E+01 5.000E-01 0.000E+00
 5.83891678E+00   8998.4 1.626E+05 2.390E+15 1.532E+01 5.000E-01 0.000E+00
 5.85557222E+00   9083.2 1.628E+05 2.573E+15 1.668E+01 5.000E-01 0.000E+00
 5.87227631E+00   9168.0 1.630E+05 2.771E+15 1.816E+01 5.000E-01 0.000E+00
 5.88902712E+00   9252.8 1.632E+05 2.983E+15 1.976E+01 5.000E-01 0.000E+00
 5.90582561E+00   9337.5 1.634E+05 3.212E+15 2.151E+01 5.000E-01 0.000E+00
 5.92267227E+00   9422.3 1.636E+05 3.459E+15 2.342E+01 5.000E-01 0.000E+00
 5.93956709E+00   9507.1 1.639E+05 3.724E+15 2.549E+01 5.000E-01 0.000E+00
 5.95651054E+00   9591.9 1.641E+05 4.010E+15 2.774E+01 5.000E-01 0.000E+00
 5.97350216E+00   9676.6 1.643E+05 4.317E+15 3.020E+01 5.000E-01 0.000E+00
 5.99054193E+00   9761.4 1.645E+05 4.649E+15 3.287E+01 5.000E-01 0.000E+00
 6.00763035E+00   9846.2 1.647E+05 5.005E+15 3.578E+01 5.000E-01 0.000E+00
 6.02476835E+00   9931.0 1.649E+05 5.389E+15 3.894E+01 5.000E-01 0.000E+00
 6.04195356E+00  10015.7 1.651E+05 5.803E+15 4.239E+01 5.000E-01 0.000E+00
 6.05918932E+00  10100.5 1.653E+05 6.248E+15 4.614E+01 5.000E-01 0.000E+00
 6.07670450E+00  10181.5 1.656E+05 6.704E+15 5.003E+01 5.000E-01 0.000E+00
 6.09755182E+00  10208.3 1.661E+05 6.844E+15 5.135E+01 5.000E-01 0.000E+00
 6.11847067E+00  10235.0 1.667E+05 6.987E+15 5.271E+01 5.000E-01 0.000E+00
 6.13946199E+00  10261.8 1.673E+05 7.133E+15 5.411E+01 5.000E-01 0.000E+00
 6.16052389E+00  10288.6 1.679E+05 7.283E+15 5.554E+01 5.000E-01 0.000E+00
 6.18165874E+00  10315.4 1.685E+05 7.435E+15 5.701E+01 5.000E-01 0.000E+00
 6.20286608E+00  10342.2 1.691E+05 7.590E+15 5.851E+01 5.000E-01 0.000E+00
 6.22414589E+00  10369.0 1.696E+05 7.749E+15 6.006E+01 5.000E-01 0.000E+00
 6.24549866E+00  10395.8 1.702E+05 7.911E+15 6.165E+01 5.000E-01 0.000E+00
 6.26692581E+00  10422.5 1.708E+05 8.077E+15 6.328E+01 5.000E-01 0.000E+00
 6.28842592E+00  10449.3 1.714E+05 8.246E+15 6.495E+01 5.000E-01 0.000E+00
 6.30999899E+00  10476.1 1.720E+05 8.419E+15 6.667E+01 5.000E-01 0.000E+00
 6.34050846E+00  10483.8 1.727E+05 8.482E+15 6.722E+01 5.000E-01 0.000E+00
 6.37384653E+00  10485.7 1.734E+05 8.512E+15 6.741E+01 5.000E-01 0.000E+00
 6.40735865E+00  10487.7 1.741E+05 8.543E+15 6.760E+01 5.000E-01 0.000E+00
 6.44104719E+00  10489.6 1.749E+05 8.573E+15 6.779E+01 5.000E-01 0.000E+00
 6.47491312E+00  10491.5 1.756E+05 8.603E+15 6.798E+01 5.000E-01 0.000E+00
 6.50895691E+00  10493.5 1.763E+05 8.634E+15 6.817E+01 5.000E-01 0.000E+00
 6.54317951E+00  10495.4 1.770E+05 8.665E+15 6.836E+01 5.000E-01 0.000E+00
 6.58653402E+00  10492.7 1.781E+05 8.676E+15 6.828E+01 5.000E-01 0.000E+00
 6.63664150E+00  10486.7 1.793E+05 8.675E+15 6.802E+01 5.000E-01 0.000E+00
 6.68712902E+00  10480.6 1.806E+05 8.673E+15 6.776E+01 5.000E-01 0.000E+00
 6.73800087E+00  10474.6 1.819E+05 8.671E+15 6.751E+01 5.000E-01 0.000E+00
 6.78925991E+00  10468.6 1.832E+05 8.669E+15 6.725E+01 5.000E-01 0.000E+00
 6.85057831E+00  10466.6 1.849E+05 8.701E+15 6.728E+01 5.000E-01 0.000E+00
 6.91835070E+00  10467.0 1.869E+05 8.754E+15 6.748E+01 5.000E-01 0.000E+00
 6.98679256E+00  10467.4 1.889E+05 8.807E+15 6.769E+01 5.000E-01 0.000E+00
 7.05591154E+00  10467.8 1.909E+05 8.860E+15 6.789E+01 5.000E-01 0.000E+00
 7.13546991E+00  10483.2 1.929E+05 9.003E+15 6.903E+01 5.000E-01 0.000E+00
 7.21852732E+00  10502.5 1.949E+05 9.172E+15 7.044E+01 5.000E-01 0.000E+00
 7.30255127E+00  10521.7 1.969E+05 9.344E+15 7.188E+01 5.000E-01 0.000E+00
 7.39301062E+00  10539.6 1.992E+05 9.517E+15 7.328E+01 5.000E-01 0.000E+00
 7.48917913E+00  10556.3 2.018E+05 9.692E+15 7.464E+01 5.000E-01 0.000E+00
 7.58660078E+00  10573.0 2.044E+05 9.869E+15 7.602E+01 5.000E-01 0.000E+00
 7.69295263E+00  10583.1 2.069E+05 1.000E+16 7.695E+01 5.000E-01 0.000E+00
 7.80466652E+00  10589.9 2.093E+05 1.011E+16 7.765E+01 5.000E-01 0.000E+00
 7.91916180E+00  10598.1 2.119E+05 1.023E+16 7.846E+01 5.000E-01 0.000E+00
 8.04529381E+00  10617.6 2.150E+05 1.045E+16 8.013E+01 5.000E-01 0.000E+00
 8.17343235E+00  10637.1 2.182E+05 1.067E+16 8.185E+01 5.000E-01 0.000E+00
 8.30857658E+00  10673.4 2.215E+05 1.101E+16 8.485E+01 5.000E-01 0.000E+00
 8.44731522E+00  10714.2 2.248E+05 1.140E+16 8.832E+01 5.000E-01 0.000E+00
 8.58967686E+00  10760.5 2.283E+05 1.184E+16 9.236E+01 5.000E-01 0.000E+00
 8.73532009E+00  10810.5 2.318E+05 1.232E+16 9.687E+01 5.000E-01 0.000E+00
 8.88430786E+00  10857.7 2.356E+05 1.281E+16 1.013E+02 5.000E-01 0.000E+00
 9.03677654E+00  10902.1 2.396E+05 1.329E+16 1.058E+02 5.000E-01 0.000E+00
 9.19318485E+00  10945.2 2.436E+05 1.377E+16 1.102E+02 5.000E-01 0.000E+00
 9.35409832E+00  10986.7 2.476E+05 1.424E+16 1.146E+02 5.000E-01 0.000E+00
 9.51971149E+00  11026.0 2.516E+05 1.471E+16 1.190E+02 5.000E-01 0.000E+00
 9.69075203E+00  11062.2 2.557E+05 1.517E+16 1.232E+02 5.000E-01 0.000E+00
