 9.88683291E-03   3916.6 2.791E+02 3.450E+10 2.092E-03 5.000E-01 0.000E+00
 1.02168750E-02   3935.1 2.906E+02 3.628E+10 2.147E-03 5.000E-01 0.000E+00
 1.05652176E-02   3957.6 3.009E+02 3.809E+10 2.195E-03 5.000E-01 0.000E+00
 1.09254410E-02   3980.1 3.116E+02 3.998E+10 2.244E-03 5.000E-01 0.000E+00
 1.12983882E-02   4002.1 3.227E+02 4.195E+10 2.295E-03 5.000E-01 0.000E+00
 1.16953207E-02   4010.6 3.361E+02 4.370E+10 2.357E-03 5.000E-01 0.000E+00
 1.21062044E-02   4019.1 3.500E+02 4.551E+10 2.421E-03 5.000E-01 0.000E+00
 1.25315227E-02   4027.6 3.645E+02 4.740E+10 2.486E-03 5.000E-01 0.000E+00
 1.29809156E-02   4045.6 3.787E+02 4.959E+10 2.547E-03 5.000E-01 0.000E+00
 1.34490477E-02   4066.3 3.931E+02 5.195E+10 2.607E-03 5.000E-01 0.000E+00
 1.39340693E-02   4087.0 4.080E+02 5.441E+10 2.669E-03 5.000E-01 0.000E+00
 1.44430054E-02   4099.6 4.242E+02 5.673E+10 2.738E-03 5.000E-01 0.000E+00
 1.49748437E-02   4106.8 4.413E+02 5.896E+10 2.812E-03 5.000E-01 0.000E+00
 1.55262724E-02   4114.1 4.591E+02 6.128E+10 2.889E-03 5.000E-01 0.000E+00
 1.61042418E-02   4121.9 4.761E+02 6.353E+10 2.961E-03 5.000E-01 0.000E+00
 1.67101864E-02   4130.3 4.920E+02 6.569E+10 3.028E-03 5.000E-01 0.000E+00
 1.73389222E-02   4138.7 5.084E+02 6.793E+10 3.096E-03 5.000E-01 0.000E+00
 1.79970115E-02   4146.2 5.266E+02 7.033E+10 3.172E-03 5.000E-01 0.000E+00
 1.86864454E-02   4152.7 5.468E+02 7.294E+10 3.257E-03 5.000E-01 0.000E+00
 1.94022935E-02   4159.1 5.677E+02 7.563E+10 3.344E-03 5.000E-01 0.000E+00
 2.01522186E-02   4163.9 5.876E+02 7.812E+10 3.426E-03 5.000E-01 0.000E+00
 2.09368635E-02   4167.2 6.064E+02 8.043E+10 3.505E-03 5.000E-01 0.000E+00
 2.17520595E-02   4170.5 6.258E+02 8.281E+10 3.586E-03 5.000E-01 0.000E+00
 2.26061530E-02   4176.5 6.487E+02 8.572E+10 3.679E-03 5.000E-01 0.000E+00
 2.34970264E-02   4183.7 6.738E+02 8.894E+10 3.780E-03 5.000E-01 0.000E+00
 2.44229995E-02   4190.9 6.998E+02 9.228E+10 3.883E-03 5.000E-01 0.000E+00
 2.53947824E-02   4192.2 7.227E+02 9.493E+10 3.977E-03 5.000E-01 0.000E+00
 2.64061112E-02   4192.9 7.459E+02 9.759E+10 4.073E-03 5.000E-01 0.000E+00
 2.74591967E-02   4195.1 7.710E+02 1.005E+11 4.174E-03 5.000E-01 0.000E+00
 2.85602491E-02   4202.9 8.013E+02 1.044E+11 4.292E-03 5.000E-01 0.000E+00
 2.97054462E-02   4210.6 8.329E+02 1.084E+11 4.414E-03 5.000E-01 0.000E+00
 3.09006423E-02   4215.8 8.628E+02 1.121E+11 4.530E-03 5.000E-01 0.000E+00
 3.21474299E-02   4218.7 8.915E+02 1.155E+11 4.642E-03 5.000E-01 0.000E+00
 3.34445387E-02   4221.7 9.211E+02 1.190E+11 4.757E-03 5.000E-01 0.000E+00
 3.47982012E-02   4230.6 9.577E+02 1.237E+11 4.895E-03 5.000E-01 0.000E+00
 3.62069272E-02   4239.9 9.963E+02 1.287E+11 5.038E-03 5.000E-01 0.000E+00
 3.76735739E-02   4248.5 1.035E+03 1.336E+11 5.180E-03 5.000E-01 0.000E+00
 3.92011777E-02   4255.8 1.072E+03 1.384E+11 5.318E-03 5.000E-01 0.000E+00
 4.07907069E-02   4263.1 1.111E+03 1.433E+11 5.460E-03 5.000E-01 0.000E+00
 4.24467735E-02   4269.1 1.153E+03 1.484E+11 5.615E-03 5.000E-01 0.000E+00
 4.41704839E-02   4274.9 1.197E+03 1.538E+11 5.776E-03 5.000E-01 0.000E+00
 4.59651984E-02   4281.1 1.242E+03 1.593E+11 5.937E-03 5.000E-01 0.000E+00
 4.78349254E-02   4288.0 1.286E+03 1.649E+11 6.096E-03 5.000E-01 0.000E+00
 4.97807190E-02   4295.0 1.333E+03 1.706E+11 6.260E-03 5.000E-01 0.000E+00
 5.18064387E-02   4301.3 1.383E+03 1.768E+11 6.440E-03 5.000E-01 0.000E+00
 5.39147072E-02   4307.7 1.437E+03 1.833E+11 6.627E-03 5.000E-01 0.000E+00
 5.61091043E-02   4313.0 1.490E+03 1.897E+11 6.815E-03 5.000E-01 0.000E+00
 5.83932362E-02   4317.2 1.543E+03 1.960E+11 7.001E-03 5.000E-01 0.000E+00
 6.07701652E-02   4321.6 1.598E+03 2.025E+11 7.193E-03 5.000E-01 0.000E+00
 6.32384941E-02   4332.9 1.664E+03 2.110E+11 7.414E-03 5.000E-01 0.000E+00
 6.58070669E-02   4344.2 1.733E+03 2.199E+11 7.642E-03 5.000E-01 0.000E+00
 6.84730113E-02   4354.0 1.802E+03 2.287E+11 7.871E-03 5.000E-01 0.000E+00
 7.12430254E-02   4363.0 1.872E+03 2.375E+11 8.104E-03 5.000E-01 0.000E+00
 7.41197020E-02   4373.2 1.948E+03 2.472E+11 8.351E-03 5.000E-01 0.000E+00
 7.70969763E-02   4386.7 2.034E+03 2.586E+11 8.628E-03 5.000E-01 0.000E+00
 8.01938474E-02   4400.1 2.125E+03 2.705E+11 8.914E-03 5.000E-01 0.000E+00
 8.33903700E-02   4405.9 2.213E+03 2.810E+11 9.203E-03 5.000E-01 0.000E+00
 8.67105499E-02   4410.6 2.304E+03 2.916E+11 9.499E-03 5.000E-01 0.000E+00
 9.01502445E-02   4414.0 2.399E+03 3.024E+11 9.808E-03 5.000E-01 0.000E+00
 9.37106684E-02   4416.1 2.498E+03 3.134E+11 1.013E-02 5.000E-01 0.000E+00
 9.74113643E-02   4418.1 2.601E+03 3.248E+11 1.046E-02 5.000E-01 0.000E+00
 1.01233155E-01   4419.2 2.704E+03 3.359E+11 1.080E-02 5.000E-01 0.000E+00
 1.05204858E-01   4420.3 2.812E+03 3.474E+11 1.114E-02 5.000E-01 0.000E+00
 1.09322995E-01   4422.3 2.923E+03 3.595E+11 1.149E-02 5.000E-01 0.000E+00
 1.13594376E-01   4425.0 3.038E+03 3.720E+11 1.185E-02 5.000E-01 0.000E+00
 1.18031599E-01   4427.3 3.157E+03 3.848E+11 1.222E-02 5.000E-01 0.000E+00
 1.22629404E-01   4424.2 3.278E+03 3.964E+11 1.260E-02 5.000E-01 0.000E+00
 1.27406374E-01   4421.0 3.404E+03 4.083E+11 1.299E-02 5.000E-01 0.000E+00
 1.32357612E-01   4416.7 3.538E+03 4.204E+11 1.340E-02 5.000E-01 0.000E+00
 1.37493223E-01   4411.4 3.679E+03 4.327E+11 1.383E-02 5.000E-01 0.000E+00
 1.42825991E-01   4406.7 3.825E+03 4.455E+11 1.427E-02 5.000E-01 0.000E+00
 1.48347273E-01   4406.2 3.977E+03 4.599E+11 1.472E-02 5.000E-01 0.000E+00
 1.54081985E-01   4405.7 4.135E+03 4.748E+11 1.518E-02 5.000E-01 0.000E+00
 1.60019845E-01   4409.5 4.306E+03 4.922E+11 1.567E-02 5.000E-01 0.000E+00
 1.66173294E-01   4416.2 4.488E+03 5.117E+11 1.620E-02 5.000E-01 0.000E+00
 1.72561020E-01   4423.3 4.678E+03 5.322E+11 1.673E-02 5.000E-01 0.000E+00
 1.79149836E-01   4437.9 4.878E+03 5.567E+11 1.730E-02 5.000E-01 0.000E+00
 1.85990259E-01   4452.4 5.086E+03 5.823E+11 1.787E-02 5.000E-01 0.000E+00
 1.93079159E-01   4465.7 5.296E+03 6.078E+11 1.845E-02 5.000E-01 0.000E+00
 2.00424209E-01   4477.5 5.507E+03 6.329E+11 1.903E-02 5.000E-01 0.000E+00
 2.08048671E-01   4489.4 5.726E+03 6.590E+11 1.963E-02 5.000E-01 0.000E+00
 2.15971678E-01   4507.0 5.946E+03 6.880E+11 2.021E-02 5.000E-01 0.000E+00
 2.24197224E-01   4525.1 6.173E+03 7.185E+11 2.081E-02 5.000E-01 0.000E+00
 2.32750833E-01   4544.4 6.407E+03 7.505E+11 2.142E-02 5.000E-01 0.000E+00
 2.41659120E-01   4565.9 6.642E+03 7.840E+11 2.202E-02 5.000E-01 0.000E+00
 2.50908345E-01   4587.4 6.887E+03 8.191E+11 2.264E-02 5.000E-01 0.000E+00
 2.60542572E-01   4607.2 7.153E+03 8.557E+11 2.330E-02 5.000E-01 0.000E+00
 2.70552963E-01   4626.6 7.432E+03 8.939E+11 2.400E-02 5.000E-01 0.000E+00
 2.80952513E-01   4639.8 7.716E+03 9.299E+11 2.472E-02 5.000E-01 0.000E+00
 2.91760027E-01   4642.3 8.001E+03 9.602E+11 2.546E-02 5.000E-01 0.000E+00
 3.02983224E-01   4644.8 8.297E+03 9.915E+11 2.622E-02 5.000E-01 0.000E+00
 3.14661592E-01   4640.3 8.589E+03 1.018E+12 2.699E-02 5.000E-01 0.000E+00
 3.26792479E-01   4635.1 8.889E+03 1.044E+12 2.777E-02 5.000E-01 0.000E+00
 3.39402467E-01   4631.1 9.206E+03 1.073E+12 2.859E-02 5.000E-01 0.000E+00
 3.52512181E-01   4628.5 9.544E+03 1.104E+12 2.944E-02 5.000E-01 0.000E+00
 3.66130352E-01   4625.8 9.893E+03 1.135E+12 3.032E-02 5.000E-01 0.000E+00
 3.80313665E-01   4622.8 1.024E+04 1.166E+12 3.118E-02 5.000E-01 0.000E+00
 3.95046443E-01   4619.8 1.060E+04 1.197E+12 3.206E-02 5.000E-01 0.000E+00
 4.10367519E-01   4620.0 1.099E+04 1.233E+12 3.301E-02 5.000E-01 0.000E+00
 4.26292419E-01   4621.9 1.140E+04 1.273E+12 3.401E-02 5.000E-01 0.000E+00
 4.42838758E-01   4624.0 1.183E+04 1.314E+12 3.503E-02 5.000E-01 0.000E+00
 4.60036784E-01   4626.6 1.226E+04 1.356E+12 3.606E-02 5.000E-01 0.000E+00
 4.77902681E-01   4629.2 1.271E+04 1.399E+12 3.712E-02 5.000E-01 0.000E+00
 4.96456593E-01   4634.1 1.320E+04 1.448E+12 3.826E-02 5.000E-01 0.000E+00
 5.15730202E-01   4639.1 1.371E+04 1.499E+12 3.944E-02 5.000E-01 0.000E+00
 5.35735250E-01   4644.7 1.424E+04 1.552E+12 4.066E-02 5.000E-01 0.000E+00
 5.56501150E-01   4650.8 1.479E+04 1.608E+12 4.190E-02 5.000E-01 0.000E+00
 5.78069687E-01   4657.0 1.535E+04 1.665E+12 4.319E-02 5.000E-01 0.000E+00
 6.00464106E-01   4663.1 1.593E+04 1.723E+12 4.449E-02 5.000E-01 0.000E+00
 6.23726070E-01   4669.3 1.654E+04 1.784E+12 4.583E-02 5.000E-01 0.000E+00
 6.47907555E-01   4678.3 1.715E+04 1.849E+12 4.719E-02 5.000E-01 0.000E+00
 6.73030436E-01   4687.8 1.778E+04 1.917E+12 4.858E-02 5.000E-01 0.000E+00
 6.99118793E-01   4699.8 1.845E+04 1.992E+12 5.005E-02 5.000E-01 0.000E+00
 7.26209581E-01   4714.1 1.916E+04 2.075E+12 5.162E-02 5.000E-01 0.000E+00
 7.54371285E-01   4726.6 1.988E+04 2.157E+12 5.318E-02 5.000E-01 0.000E+00
 7.83718884E-01   4731.5 2.053E+04 2.221E+12 5.455E-02 5.000E-01 0.000E+00
 8.14207911E-01   4736.5 2.119E+04 2.287E+12 5.597E-02 5.000E-01 0.000E+00
 8.46106410E-01   4747.3 2.190E+04 2.367E+12 5.747E-02 5.000E-01 0.000E+00
 8.79275739E-01   4758.7 2.263E+04 2.450E+12 5.902E-02 5.000E-01 0.000E+00
 9.14021611E-01   4765.1 2.328E+04 2.519E+12 6.040E-02 5.000E-01 0.000E+00
 9.50264871E-01   4769.3 2.392E+04 2.582E+12 6.172E-02 5.000E-01 0.000E+00
 9.88359869E-01   4775.2 2.449E+04 2.643E+12 6.291E-02 5.000E-01 0.000E+00
 1.02832985E+00   4782.3 2.501E+04 2.702E+12 6.399E-02 5.000E-01 0.000E+00
 1.07041788E+00   4796.1 2.552E+04 2.771E+12 6.503E-02 5.000E-01 0.000E+00
 1.11470723E+00   4816.1 2.600E+04 2.852E+12 6.605E-02 5.000E-01 0.000E+00
 1.16157794E+00   4845.2 2.640E+04 2.942E+12 6.686E-02 5.000E-01 0.000E+00
 1.21089399E+00   4879.8 2.674E+04 3.039E+12 6.754E-02 5.000E-01 0.000E+00
 1.26354980E+00   4923.0 2.705E+04 3.151E+12 6.815E-02 5.000E-01 0.000E+00
 1.31906402E+00   4971.9 2.735E+04 3.276E+12 6.875E-02 5.000E-01 0.000E+00
 1.37807214E+00   5032.4 2.760E+04 3.427E+12 6.933E-02 5.000E-01 0.000E+00
 1.44033289E+00   5102.9 2.806E+04 3.643E+12 7.071E-02 5.000E-01 0.000E+00
 1.50553191E+00   5167.7 2.855E+04 3.873E+12 7.242E-02 5.000E-01 0.000E+00
 1.57339537E+00   5225.6 2.910E+04 4.125E+12 7.469E-02 5.000E-01 0.000E+00
 1.64294839E+00   5297.4 3.015E+04 4.537E+12 7.902E-02 5.000E-01 0.000E+00
 1.71334922E+00   5341.9 3.117E+04 4.878E+12 8.297E-02 5.000E-01 0.000E+00
 1.78487921E+00   5385.0 3.237E+04 5.272E+12 8.768E-02 5.000E-01 0.000E+00
 1.85788488E+00   5419.7 3.356E+04 5.644E+12 9.219E-02 5.000E-01 0.000E+00
 1.93281281E+00   5432.5 3.442E+04 5.842E+12 9.479E-02 5.000E-01 0.000E+00
 2.00950336E+00   5469.2 3.554E+04 6.272E+12 9.990E-02 5.000E-01 0.000E+00
 2.08690929E+00   5515.2 3.676E+04 6.842E+12 1.065E-01 5.000E-01 0.000E+00
 2.16403151E+00   5571.5 3.825E+04 7.629E+12 1.156E-01 5.000E-01 0.000E+00
 2.23971581E+00   5639.3 4.024E+04 8.752E+12 1.284E-01 5.000E-01 0.000E+00
 2.31145763E+00   5696.1 4.208E+04 9.877E+12 1.411E-01 5.000E-01 0.000E+00
 2.38387251E+00   5738.5 4.387E+04 1.087E+13 1.523E-01 5.000E-01 0.000E+00
 2.45647597E+00   5748.5 4.545E+04 1.131E+13 1.576E-01 5.000E-01 0.000E+00
 2.52846694E+00   5787.5 4.756E+04 1.243E+13 1.702E-01 5.000E-01 0.000E+00
 2.60072565E+00   5844.9 5.009E+04 1.417E+13 1.890E-01 5.000E-01 0.000E+00
 2.67053962E+00   5875.4 5.287E+04 1.543E+13 2.030E-01 5.000E-01 0.000E+00
 2.74105144E+00   5899.0 5.582E+04 1.662E+13 2.163E-01 5.000E-01 0.000E+00
 2.80721951E+00   5952.1 5.891E+04 1.885E+13 2.397E-01 5.000E-01 0.000E+00
 2.87297654E+00   6014.6 6.216E+04 2.174E+13 2.690E-01 5.000E-01 0.000E+00
 2.93756938E+00   6065.8 6.566E+04 2.458E+13 2.975E-01 5.000E-01 0.000E+00
 2.99850702E+00   6096.3 6.947E+04 2.681E+13 3.202E-01 5.000E-01 0.000E+00
 3.06070828E+00   6126.8 7.351E+04 2.924E+13 3.447E-01 5.000E-01 0.000E+00
 3.12276840E+00   6155.3 7.730E+04 3.166E+13 3.686E-01 5.000E-01 0.000E+00
 3.18419218E+00   6181.1 8.063E+04 3.395E+13 3.910E-01 5.000E-01 0.000E+00
 3.24682474E+00   6206.9 8.411E+04 3.640E+13 4.146E-01 5.000E-01 0.000E+00
 3.31059074E+00   6232.0 8.768E+04 3.896E+13 4.391E-01 5.000E-01 0.000E+00
 3.37489247E+00   6251.2 9.106E+04 4.117E+13 4.603E-01 5.000E-01 0.000E+00
 3.44044328E+00   6270.5 9.458E+04 4.350E+13 4.825E-01 5.000E-01 0.000E+00
 3.50726771E+00   6289.8 9.823E+04 4.597E+13 5.057E-01 5.000E-01 0.000E+00
 3.57218981E+00   6328.6 1.014E+05 5.007E+13 5.425E-01 5.000E-01 0.000E+00
 3.63583827E+00   6382.4 1.042E+05 5.582E+13 5.924E-01 5.000E-01 0.000E+00
 3.70061970E+00   6436.2 1.072E+05 6.222E+13 6.468E-01 5.000E-01 0.000E+00
 3.76655626E+00   6489.9 1.101E+05 6.936E+13 7.062E-01 5.000E-01 0.000E+00
 3.82618284E+00   6551.7 1.130E+05 7.809E+13 7.774E-01 5.000E-01 0.000E+00
 3.88128448E+00   6619.1 1.157E+05 8.855E+13 8.608E-01 5.000E-01 0.000E+00
 3.93717885E+00   6686.6 1.185E+05 1.004E+14 9.532E-01 5.000E-01 0.000E+00
 3.99387884E+00   6754.0 1.214E+05 1.139E+14 1.056E+00 5.000E-01 0.000E+00
 4.05139494E+00   6821.5 1.244E+05 1.291E+14 1.169E+00 5.000E-01 0.000E+00
 4.11063004E+00   6845.6 1.269E+05 1.359E+14 1.219E+00 5.000E-01 0.000E+00
 4.17121696E+00   6846.4 1.291E+05 1.373E+14 1.231E+00 5.000E-01 0.000E+00
 4.23269796E+00   6847.3 1.314E+05 1.388E+14 1.244E+00 5.000E-01 0.000E+00
 4.29508495E+00   6848.1 1.337E+05 1.403E+14 1.256E+00 5.000E-01 0.000E+00
 4.35839128E+00   6848.9 1.361E+05 1.418E+14 1.269E+00 5.000E-01 0.000E+00
 4.39585495E+00   6973.4 1.374E+05 1.693E+14 1.474E+00 5.000E-01 0.000E+00
 4.42700958E+00   7128.4 1.384E+05 2.107E+14 1.772E+00 5.000E-01 0.000E+00
 4.45838451E+00   7283.4 1.394E+05 2.622E+14 2.131E+00 5.000E-01 0.000E+00
 4.48998260E+00   7438.4 1.405E+05 3.263E+14 2.562E+00 5.000E-01 0.000E+00
 4.52180433E+00   7593.3 1.415E+05 4.061E+14 3.081E+00 5.000E-01 0.000E+00
 4.55385160E+00   7748.3 1.425E+05 5.053E+14 3.705E+00 5.000E-01 0.000E+00
 4.58612537E+00   7903.3 1.436E+05 6.288E+14 4.455E+00 5.000E-01 0.000E+00
 4.61862946E+00   8058.3 1.447E+05 7.825E+14 5.357E+00 5.000E-01 0.000E+00
 4.65136242E+00   8213.3 1.457E+05 9.738E+14 6.442E+00 5.000E-01 0.000E+00
 4.67346811E+00   8331.5 1.464E+05 1.123E+15 7.350E+00 5.000E-01 0.000E+00
 4.68874264E+00   8426.4 1.469E+05 1.233E+15 8.111E+00 5.000E-01 0.000E+00
 4.70406723E+00   8521.3 1.473E+05 1.354E+15 8.951E+00 5.000E-01 0.000E+00
 4.71944141E+00   8616.1 1.477E+05 1.487E+15 9.878E+00 5.000E-01 0.000E+00
 4.73486662E+00   8711.0 1.482E+05 1.634E+15 1.090E+01 5.000E-01 0.000E+00
 4.75034142E+00   8805.9 1.486E+05 1.794E+15 1.203E+01 5.000E-01 0.000E+00
 4.76586723E+00   8900.8 1.491E+05 1.970E+15 1.328E+01 5.000E-01 0.000E+00
 4.78144407E+00   8995.6 1.495E+05 2.164E+15 1.465E+01 5.000E-01 0.000E+00
 4.79707050E+00   9090.5 1.499E+05 2.377E+15 1.617E+01 5.000E-01 0.000E+00
 4.81274891E+00   9185.4 1.504E+05 2.610E+15 1.784E+01 5.000E-01 0.000E+00
 4.82847881E+00   9280.3 1.508E+05 2.867E+15 1.969E+01 5.000E-01 0.000E+00
 4.84426022E+00   9375.2 1.513E+05 3.148E+15 2.173E+01 5.000E-01 0.000E+00
 4.86009216E+00   9470.0 1.517E+05 3.458E+15 2.398E+01 5.000E-01 0.000E+00
 4.87597609E+00   9564.9 1.522E+05 3.797E+15 2.646E+01 5.000E-01 0.000E+00
 4.89191294E+00   9659.8 1.526E+05 4.171E+15 2.920E+01 5.000E-01 0.000E+00
 4.90790129E+00   9754.7 1.531E+05 4.580E+15 3.223E+01 5.000E-01 0.000E+00
 4.92458773E+00   9828.6 1.536E+05 4.917E+15 3.478E+01 5.000E-01 0.000E+00
 4.94256687E+00   9862.5 1.542E+05 5.056E+15 3.598E+01 5.000E-01 0.000E+00
 4.96061087E+00   9896.5 1.548E+05 5.198E+15 3.723E+01 5.000E-01 0.000E+00
 4.97872066E+00   9930.5 1.553E+05 5.344E+15 3.851E+01 5.000E-01 0.000E+00
 4.99689817E+00   9964.4 1.559E+05 5.495E+15 3.985E+01 5.000E-01 0.000E+00
 5.01514006E+00   9998.4 1.565E+05 5.649E+15 4.122E+01 5.000E-01 0.000E+00
 5.03344965E+00  10032.3 1.571E+05 5.808E+15 4.265E+01 5.000E-01 0.000E+00
 5.05182600E+00  10066.3 1.577E+05 5.972E+15 4.412E+01 5.000E-01 0.000E+00
 5.07026911E+00  10100.3 1.583E+05 6.140E+15 4.565E+01 5.000E-01 0.000E+00
 5.08877945E+00  10134.2 1.589E+05 6.312E+15 4.723E+01 5.000E-01 0.000E+00
 5.10735798E+00  10168.2 1.595E+05 6.490E+15 4.886E+01 5.000E-01 0.000E+00
 5.12600422E+00  10202.1 1.601E+05 6.673E+15 5.055E+01 5.000E-01 0.000E+00
 5.14471817E+00  10236.1 1.607E+05 6.860E+15 5.229E+01 5.000E-01 0.000E+00
 5.16935968E+00  10257.9 1.615E+05 6.989E+15 5.346E+01 5.000E-01 0.000E+00
 5.19709158E+00  10273.5 1.623E+05 7.087E+15 5.433E+01 5.000E-01 0.000E+00
 5.22497272E+00  10289.0 1.632E+05 7.186E+15 5.521E+01 5.000E-01 0.000E+00
 5.25300264E+00  10304.6 1.641E+05 7.286E+15 5.611E+01 5.000E-01 0.000E+00
 5.28118420E+00  10320.2 1.650E+05 7.388E+15 5.702E+01 5.000E-01 0.000E+00
 5.30951691E+00  10335.8 1.658E+05 7.492E+15 5.794E+01 5.000E-01 0.000E+00
 5.33800125E+00  10351.4 1.667E+05 7.597E+15 5.888E+01 5.000E-01 0.000E+00
 5.36663818E+00  10367.0 1.676E+05 7.703E+15 5.984E+01 5.000E-01 0.000E+00
 5.39966536E+00  10379.0 1.687E+05 7.795E+15 6.062E+01 5.000E-01 0.000E+00
 5.44052887E+00  10384.4 1.702E+05 7.861E+15 6.105E+01 5.000E-01 0.000E+00
 5.48170090E+00  10389.9 1.716E+05 7.927E+15 6.150E+01 5.000E-01 0.000E+00
 5.52318382E+00  10395.3 1.731E+05 7.994E+15 6.194E+01 5.000E-01 0.000E+00
 5.56498051E+00  10400.8 1.746E+05 8.061E+15 6.239E+01 5.000E-01 0.000E+00
 5.60709476E+00  10406.2 1.761E+05 8.129E+15 6.284E+01 5.000E-01 0.000E+00
 5.65607119E+00  10412.0 1.777E+05 8.204E+15 6.333E+01 5.000E-01 0.000E+00
 5.71186781E+00  10418.2 1.796E+05 8.285E+15 6.386E+01 5.000E-01 0.000E+00
 5.76821375E+00  10424.3 1.815E+05 8.368E+15 6.440E+01 5.000E-01 0.000E+00
 5.82511520E+00  10430.4 1.835E+05 8.452E+15 6.493E+01 5.000E-01 0.000E+00
 5.88267469E+00  10436.6 1.854E+05 8.537E+15 6.548E+01 5.000E-01 0.000E+00
 5.95218086E+00  10453.6 1.877E+05 8.695E+15 6.672E+01 5.000E-01 0.000E+00
 6.02250719E+00  10470.6 1.901E+05 8.856E+15 6.799E+01 5.000E-01 0.000E+00
 6.09366560E+00  10487.6 1.925E+05 9.020E+15 6.928E+01 5.000E-01 0.000E+00
 6.16834641E+00  10503.4 1.949E+05 9.179E+15 7.051E+01 5.000E-01 0.000E+00
 6.25182581E+00  10515.6 1.973E+05 9.317E+15 7.152E+01 5.000E-01 0.000E+00
 6.33643723E+00  10527.9 1.997E+05 9.457E+15 7.255E+01 5.000E-01 0.000E+00
 6.42220163E+00  10540.2 2.022E+05 9.598E+15 7.359E+01 5.000E-01 0.000E+00
 6.52100420E+00  10546.0 2.051E+05 9.711E+15 7.423E+01 5.000E-01 0.000E+00
 6.62132502E+00  10551.7 2.080E+05 9.824E+15 7.489E+01 5.000E-01 0.000E+00
 6.72474432E+00  10560.1 2.111E+05 9.959E+15 7.573E+01 5.000E-01 0.000E+00
 6.83856773E+00  10583.0 2.147E+05 1.020E+16 7.764E+01 5.000E-01 0.000E+00
 6.95431805E+00  10606.0 2.183E+05 1.046E+16 7.960E+01 5.000E-01 0.000E+00
 7.07477188E+00  10642.0 2.218E+05 1.080E+16 8.254E+01 5.000E-01 0.000E+00
 7.19936514E+00  10687.7 2.253E+05 1.122E+16 8.630E+01 5.000E-01 0.000E+00
 7.32631540E+00  10734.0 2.288E+05 1.166E+16 9.028E+01 5.000E-01 0.000E+00
 7.45657825E+00  10784.2 2.324E+05 1.214E+16 9.470E+01 5.000E-01 0.000E+00
 7.58915138E+00  10834.3 2.360E+05 1.263E+16 9.934E+01 5.000E-01 0.000E+00
 7.72588158E+00  10876.4 2.395E+05 1.307E+16 1.034E+02 5.000E-01 0.000E+00
 7.86563540E+00  10915.9 2.431E+05 1.351E+16 1.074E+02 5.000E-01 0.000E+00
 8.01043797E+00  10951.3 2.464E+05 1.390E+16 1.111E+02 5.000E-01 0.000E+00
 8.16063213E+00  10982.1 2.494E+05 1.426E+16 1.144E+02 5.000E-01 0.000E+00
 8.31554699E+00  11014.2 2.528E+05 1.465E+16 1.179E+02 5.000E-01 0.000E+00
 8.47733021E+00  11048.8 2.570E+05 1.509E+16 1.219E+02 5.000E-01 0.000E+00
 8.64371490E+00  11083.6 2.614E+05 1.555E+16 1.260E+02 5.000E-01 0.000E+00
