 9.98013932E-03   3888.3 2.766E+02 3.329E+10 2.076E-03 5.000E-01 0.000E+00
 1.03162918E-02   3912.3 2.871E+02 3.513E+10 2.128E-03 5.000E-01 0.000E+00
 1.06657753E-02   3936.8 2.972E+02 3.699E+10 2.177E-03 5.000E-01 0.000E+00
 1.10270930E-02   3961.4 3.077E+02 3.894E+10 2.227E-03 5.000E-01 0.000E+00
 1.14054848E-02   3980.4 3.199E+02 4.091E+10 2.284E-03 5.000E-01 0.000E+00
 1.18024759E-02   3993.4 3.339E+02 4.285E+10 2.349E-03 5.000E-01 0.000E+00
 1.22132786E-02   4006.3 3.486E+02 4.489E+10 2.416E-03 5.000E-01 0.000E+00
 1.26410266E-02   4020.6 3.632E+02 4.700E+10 2.481E-03 5.000E-01 0.000E+00
 1.30931176E-02   4039.5 3.763E+02 4.910E+10 2.537E-03 5.000E-01 0.000E+00
 1.35613764E-02   4058.4 3.898E+02 5.130E+10 2.595E-03 5.000E-01 0.000E+00
 1.40470052E-02   4077.0 4.040E+02 5.361E+10 2.654E-03 5.000E-01 0.000E+00
 1.45595185E-02   4090.5 4.220E+02 5.613E+10 2.732E-03 5.000E-01 0.000E+00
 1.50907235E-02   4104.0 4.408E+02 5.878E+10 2.811E-03 5.000E-01 0.000E+00
 1.56413168E-02   4117.5 4.604E+02 6.155E+10 2.893E-03 5.000E-01 0.000E+00
 1.62237231E-02   4129.4 4.761E+02 6.383E+10 2.957E-03 5.000E-01 0.000E+00
 1.68283135E-02   4141.3 4.921E+02 6.616E+10 3.022E-03 5.000E-01 0.000E+00
 1.74554344E-02   4153.1 5.087E+02 6.857E+10 3.089E-03 5.000E-01 0.000E+00
 1.81169789E-02   4160.9 5.289E+02 7.124E+10 3.173E-03 5.000E-01 0.000E+00
 1.88044328E-02   4168.4 5.501E+02 7.402E+10 3.261E-03 5.000E-01 0.000E+00
 1.95179693E-02   4175.8 5.722E+02 7.691E+10 3.352E-03 5.000E-01 0.000E+00
 2.02715825E-02   4179.9 5.899E+02 7.915E+10 3.426E-03 5.000E-01 0.000E+00
 2.10545491E-02   4183.9 6.080E+02 8.144E+10 3.501E-03 5.000E-01 0.000E+00
 2.18690708E-02   4188.4 6.274E+02 8.389E+10 3.580E-03 5.000E-01 0.000E+00
 2.27254499E-02   4196.5 6.521E+02 8.714E+10 3.679E-03 5.000E-01 0.000E+00
 2.36153658E-02   4204.7 6.777E+02 9.052E+10 3.781E-03 5.000E-01 0.000E+00
 2.45436039E-02   4211.4 7.028E+02 9.376E+10 3.881E-03 5.000E-01 0.000E+00
 2.55155787E-02   4215.0 7.256E+02 9.658E+10 3.972E-03 5.000E-01 0.000E+00
 2.65260711E-02   4218.7 7.491E+02 9.948E+10 4.066E-03 5.000E-01 0.000E+00
 2.75820065E-02   4224.0 7.761E+02 1.029E+11 4.173E-03 5.000E-01 0.000E+00
 2.86835451E-02   4230.3 8.059E+02 1.067E+11 4.290E-03 5.000E-01 0.000E+00
 2.98290700E-02   4236.6 8.369E+02 1.106E+11 4.409E-03 5.000E-01 0.000E+00
 3.10285222E-02   4240.7 8.650E+02 1.141E+11 4.519E-03 5.000E-01 0.000E+00
 3.22766006E-02   4244.7 8.938E+02 1.176E+11 4.630E-03 5.000E-01 0.000E+00
 3.35770883E-02   4249.5 9.252E+02 1.215E+11 4.751E-03 5.000E-01 0.000E+00
 3.49341817E-02   4256.0 9.609E+02 1.260E+11 4.886E-03 5.000E-01 0.000E+00
 3.63461152E-02   4262.5 9.979E+02 1.306E+11 5.024E-03 5.000E-01 0.000E+00
 3.78178135E-02   4270.9 1.035E+03 1.355E+11 5.161E-03 5.000E-01 0.000E+00
 3.93498205E-02   4279.8 1.073E+03 1.405E+11 5.300E-03 5.000E-01 0.000E+00
 4.09441292E-02   4289.0 1.114E+03 1.458E+11 5.446E-03 5.000E-01 0.000E+00
 4.26036790E-02   4299.0 1.159E+03 1.517E+11 5.605E-03 5.000E-01 0.000E+00
 4.43304852E-02   4308.9 1.205E+03 1.578E+11 5.768E-03 5.000E-01 0.000E+00
 4.61282283E-02   4316.0 1.250E+03 1.635E+11 5.928E-03 5.000E-01 0.000E+00
 4.79991399E-02   4322.4 1.295E+03 1.692E+11 6.090E-03 5.000E-01 0.000E+00
 4.99460138E-02   4329.6 1.343E+03 1.753E+11 6.259E-03 5.000E-01 0.000E+00
 5.19719906E-02   4338.3 1.396E+03 1.821E+11 6.442E-03 5.000E-01 0.000E+00
 5.40801510E-02   4347.1 1.451E+03 1.891E+11 6.630E-03 5.000E-01 0.000E+00
 5.62727228E-02   4354.3 1.505E+03 1.960E+11 6.818E-03 5.000E-01 0.000E+00
 5.85540347E-02   4361.3 1.561E+03 2.031E+11 7.010E-03 5.000E-01 0.000E+00
 6.09266721E-02   4367.6 1.620E+03 2.104E+11 7.211E-03 5.000E-01 0.000E+00
 6.33940250E-02   4373.0 1.682E+03 2.179E+11 7.423E-03 5.000E-01 0.000E+00
 6.59605786E-02   4378.7 1.746E+03 2.258E+11 7.642E-03 5.000E-01 0.000E+00
 6.86199814E-02   4386.8 1.818E+03 2.348E+11 7.880E-03 5.000E-01 0.000E+00
 7.13866204E-02   4395.0 1.892E+03 2.441E+11 8.126E-03 5.000E-01 0.000E+00
 7.42539689E-02   4404.2 1.970E+03 2.540E+11 8.378E-03 5.000E-01 0.000E+00
 7.72310719E-02   4413.8 2.050E+03 2.643E+11 8.638E-03 5.000E-01 0.000E+00
 8.03208426E-02   4423.0 2.135E+03 2.751E+11 8.911E-03 5.000E-01 0.000E+00
 8.35158452E-02   4430.9 2.227E+03 2.865E+11 9.208E-03 5.000E-01 0.000E+00
 8.68379101E-02   4438.9 2.323E+03 2.984E+11 9.514E-03 5.000E-01 0.000E+00
 9.02696550E-02   4447.7 2.420E+03 3.105E+11 9.819E-03 5.000E-01 0.000E+00
 9.38331634E-02   4456.6 2.520E+03 3.231E+11 1.013E-02 5.000E-01 0.000E+00
 9.75297689E-02   4463.8 2.623E+03 3.356E+11 1.045E-02 5.000E-01 0.000E+00
 1.01360984E-01   4468.5 2.726E+03 3.479E+11 1.078E-02 5.000E-01 0.000E+00
 1.05342671E-01   4473.3 2.835E+03 3.607E+11 1.112E-02 5.000E-01 0.000E+00
 1.09462164E-01   4478.8 2.949E+03 3.742E+11 1.147E-02 5.000E-01 0.000E+00
 1.13742128E-01   4484.5 3.068E+03 3.883E+11 1.184E-02 5.000E-01 0.000E+00
 1.18180893E-01   4490.4 3.190E+03 4.029E+11 1.221E-02 5.000E-01 0.000E+00
 1.22784428E-01   4496.6 3.316E+03 4.179E+11 1.259E-02 5.000E-01 0.000E+00
 1.27566218E-01   4502.4 3.446E+03 4.333E+11 1.298E-02 5.000E-01 0.000E+00
 1.32512972E-01   4501.1 3.583E+03 4.476E+11 1.340E-02 5.000E-01 0.000E+00
 1.37651533E-01   4499.8 3.724E+03 4.623E+11 1.384E-02 5.000E-01 0.000E+00
 1.42972320E-01   4501.4 3.874E+03 4.785E+11 1.429E-02 5.000E-01 0.000E+00
 1.48485661E-01   4505.3 4.031E+03 4.961E+11 1.475E-02 5.000E-01 0.000E+00
 1.54209390E-01   4509.7 4.195E+03 5.145E+11 1.523E-02 5.000E-01 0.000E+00
 1.60126880E-01   4520.1 4.369E+03 5.358E+11 1.572E-02 5.000E-01 0.000E+00
 1.66271463E-01   4530.4 4.550E+03 5.580E+11 1.623E-02 5.000E-01 0.000E+00
 1.72636345E-01   4538.1 4.736E+03 5.798E+11 1.676E-02 5.000E-01 0.000E+00
 1.79232642E-01   4543.7 4.928E+03 6.017E+11 1.730E-02 5.000E-01 0.000E+00
 1.86079636E-01   4549.7 5.128E+03 6.244E+11 1.786E-02 5.000E-01 0.000E+00
 1.93153873E-01   4563.2 5.347E+03 6.521E+11 1.845E-02 5.000E-01 0.000E+00
 2.00497091E-01   4576.7 5.576E+03 6.809E+11 1.906E-02 5.000E-01 0.000E+00
 2.08110675E-01   4584.0 5.801E+03 7.071E+11 1.967E-02 5.000E-01 0.000E+00
 2.16003910E-01   4585.0 6.020E+03 7.301E+11 2.028E-02 5.000E-01 0.000E+00
 2.24196404E-01   4585.9 6.247E+03 7.538E+11 2.090E-02 5.000E-01 0.000E+00
 2.32696727E-01   4597.8 6.497E+03 7.846E+11 2.156E-02 5.000E-01 0.000E+00
 2.41519064E-01   4610.4 6.758E+03 8.172E+11 2.223E-02 5.000E-01 0.000E+00
 2.50693321E-01   4623.1 7.015E+03 8.497E+11 2.290E-02 5.000E-01 0.000E+00
 2.60246724E-01   4635.7 7.258E+03 8.808E+11 2.351E-02 5.000E-01 0.000E+00
 2.70164162E-01   4648.3 7.509E+03 9.131E+11 2.414E-02 5.000E-01 0.000E+00
 2.80524284E-01   4667.3 7.787E+03 9.518E+11 2.482E-02 5.000E-01 0.000E+00
 2.91293591E-01   4687.4 8.078E+03 9.930E+11 2.553E-02 5.000E-01 0.000E+00
 3.02499384E-01   4703.7 8.374E+03 1.033E+12 2.625E-02 5.000E-01 0.000E+00
 3.14175487E-01   4714.0 8.670E+03 1.070E+12 2.698E-02 5.000E-01 0.000E+00
 3.26302320E-01   4724.2 8.977E+03 1.109E+12 2.774E-02 5.000E-01 0.000E+00
 3.38901371E-01   4728.2 9.325E+03 1.148E+12 2.862E-02 5.000E-01 0.000E+00
 3.51987123E-01   4731.8 9.688E+03 1.188E+12 2.953E-02 5.000E-01 0.000E+00
 3.65570962E-01   4732.8 1.005E+04 1.226E+12 3.043E-02 5.000E-01 0.000E+00
 3.79673034E-01   4731.6 1.041E+04 1.262E+12 3.134E-02 5.000E-01 0.000E+00
 3.94315749E-01   4730.4 1.079E+04 1.300E+12 3.229E-02 5.000E-01 0.000E+00
 4.09503192E-01   4729.9 1.121E+04 1.342E+12 3.332E-02 5.000E-01 0.000E+00
 4.25275415E-01   4729.3 1.164E+04 1.386E+12 3.438E-02 5.000E-01 0.000E+00
 4.41645265E-01   4728.3 1.207E+04 1.428E+12 3.542E-02 5.000E-01 0.000E+00
 4.58641768E-01   4727.1 1.251E+04 1.470E+12 3.648E-02 5.000E-01 0.000E+00
 4.76293147E-01   4727.7 1.297E+04 1.516E+12 3.758E-02 5.000E-01 0.000E+00
 4.94625449E-01   4731.5 1.346E+04 1.567E+12 3.874E-02 5.000E-01 0.000E+00
 5.13663411E-01   4735.4 1.397E+04 1.621E+12 3.993E-02 5.000E-01 0.000E+00
 5.33457875E-01   4740.2 1.447E+04 1.674E+12 4.110E-02 5.000E-01 0.000E+00
 5.54016054E-01   4745.1 1.500E+04 1.730E+12 4.229E-02 5.000E-01 0.000E+00
 5.75380564E-01   4752.0 1.555E+04 1.791E+12 4.356E-02 5.000E-01 0.000E+00
 5.97579300E-01   4760.4 1.614E+04 1.857E+12 4.489E-02 5.000E-01 0.000E+00
 6.20651722E-01   4768.0 1.674E+04 1.923E+12 4.623E-02 5.000E-01 0.000E+00
 6.44671142E-01   4773.2 1.731E+04 1.984E+12 4.750E-02 5.000E-01 0.000E+00
 6.69620037E-01   4778.3 1.791E+04 2.046E+12 4.882E-02 5.000E-01 0.000E+00
 6.95599496E-01   4790.6 1.857E+04 2.126E+12 5.028E-02 5.000E-01 0.000E+00
 7.22592831E-01   4803.6 1.927E+04 2.209E+12 5.179E-02 5.000E-01 0.000E+00
 7.50685453E-01   4816.4 1.996E+04 2.292E+12 5.327E-02 5.000E-01 0.000E+00
 7.79902339E-01   4829.1 2.064E+04 2.376E+12 5.474E-02 5.000E-01 0.000E+00
 8.10337543E-01   4839.8 2.134E+04 2.458E+12 5.622E-02 5.000E-01 0.000E+00
 8.42106521E-01   4847.1 2.201E+04 2.534E+12 5.766E-02 5.000E-01 0.000E+00
 8.75161409E-01   4855.7 2.271E+04 2.615E+12 5.914E-02 5.000E-01 0.000E+00
 9.09728289E-01   4871.2 2.346E+04 2.712E+12 6.071E-02 5.000E-01 0.000E+00
 9.45670664E-01   4886.5 2.423E+04 2.812E+12 6.232E-02 5.000E-01 0.000E+00
 9.83555436E-01   4890.1 2.479E+04 2.872E+12 6.347E-02 5.000E-01 0.000E+00
 1.02295792E+00   4893.7 2.535E+04 2.933E+12 6.465E-02 5.000E-01 0.000E+00
 1.06456530E+00   4912.1 2.606E+04 3.034E+12 6.611E-02 5.000E-01 0.000E+00
 1.10789466E+00   4931.0 2.679E+04 3.141E+12 6.760E-02 5.000E-01 0.000E+00
 1.15384114E+00   4940.8 2.723E+04 3.203E+12 6.851E-02 5.000E-01 0.000E+00
 1.20183301E+00   4955.8 2.772E+04 3.280E+12 6.950E-02 5.000E-01 0.000E+00
 1.25257897E+00   4997.3 2.841E+04 3.435E+12 7.094E-02 5.000E-01 0.000E+00
 1.30583560E+00   5033.7 2.899E+04 3.573E+12 7.217E-02 5.000E-01 0.000E+00
 1.36186624E+00   5063.3 2.940E+04 3.684E+12 7.311E-02 5.000E-01 0.000E+00
 1.42077339E+00   5119.0 3.002E+04 3.895E+12 7.483E-02 5.000E-01 0.000E+00
 1.48231256E+00   5175.3 3.069E+04 4.130E+12 7.682E-02 5.000E-01 0.000E+00
 1.54642463E+00   5217.3 3.135E+04 4.346E+12 7.896E-02 5.000E-01 0.000E+00
 1.61185443E+00   5291.7 3.229E+04 4.773E+12 8.332E-02 5.000E-01 0.000E+00
 1.67871618E+00   5359.2 3.330E+04 5.231E+12 8.809E-02 5.000E-01 0.000E+00
 1.74663389E+00   5403.2 3.429E+04 5.622E+12 9.256E-02 5.000E-01 0.000E+00
 1.81374025E+00   5467.8 3.560E+04 6.277E+12 1.001E-01 5.000E-01 0.000E+00
 1.88144541E+00   5522.6 3.688E+04 6.927E+12 1.075E-01 5.000E-01 0.000E+00
 1.94932020E+00   5561.9 3.808E+04 7.492E+12 1.140E-01 5.000E-01 0.000E+00
 2.01527452E+00   5619.0 3.972E+04 8.415E+12 1.246E-01 5.000E-01 0.000E+00
 2.08139706E+00   5679.1 4.149E+04 9.515E+12 1.370E-01 5.000E-01 0.000E+00
 2.14391780E+00   5739.1 4.323E+04 1.079E+13 1.512E-01 5.000E-01 0.000E+00
 2.20602775E+00   5795.5 4.512E+04 1.219E+13 1.665E-01 5.000E-01 0.000E+00
 2.26526165E+00   5844.4 4.726E+04 1.366E+13 1.824E-01 5.000E-01 0.000E+00
 2.32493353E+00   5890.7 4.940E+04 1.521E+13 1.991E-01 5.000E-01 0.000E+00
 2.38222766E+00   5928.3 5.125E+04 1.663E+13 2.140E-01 5.000E-01 0.000E+00
 2.44093275E+00   5966.0 5.317E+04 1.817E+13 2.301E-01 5.000E-01 0.000E+00
 2.50092411E+00   5970.3 5.518E+04 1.872E+13 2.364E-01 5.000E-01 0.000E+00
 2.56237078E+00   5970.8 5.725E+04 1.915E+13 2.416E-01 5.000E-01 0.000E+00
 2.62609601E+00   5980.8 5.917E+04 1.988E+13 2.497E-01 5.000E-01 0.000E+00
 2.69219160E+00   6000.4 6.092E+04 2.094E+13 2.607E-01 5.000E-01 0.000E+00
 2.76003742E+00   6018.6 6.279E+04 2.202E+13 2.719E-01 5.000E-01 0.000E+00
 2.83021331E+00   6027.2 6.529E+04 2.287E+13 2.813E-01 5.000E-01 0.000E+00
 2.90217352E+00   6035.8 6.789E+04 2.376E+13 2.911E-01 5.000E-01 0.000E+00
 2.97498941E+00   6060.6 7.052E+04 2.538E+13 3.076E-01 5.000E-01 0.000E+00
 3.04927158E+00   6091.2 7.322E+04 2.739E+13 3.275E-01 5.000E-01 0.000E+00
 3.12485456E+00   6118.3 7.618E+04 2.941E+13 3.476E-01 5.000E-01 0.000E+00
 3.20051026E+00   6134.6 7.984E+04 3.109E+13 3.649E-01 5.000E-01 0.000E+00
 3.27799869E+00   6150.9 8.367E+04 3.287E+13 3.830E-01 5.000E-01 0.000E+00
 3.35490346E+00   6178.9 8.751E+04 3.543E+13 4.079E-01 5.000E-01 0.000E+00
 3.43170595E+00   6215.8 9.140E+04 3.875E+13 4.394E-01 5.000E-01 0.000E+00
 3.51026702E+00   6252.6 9.546E+04 4.238E+13 4.732E-01 5.000E-01 0.000E+00
 3.58783865E+00   6284.6 9.915E+04 4.579E+13 5.047E-01 5.000E-01 0.000E+00
 3.66526175E+00   6313.3 1.026E+05 4.908E+13 5.347E-01 5.000E-01 0.000E+00
 3.74435759E+00   6342.1 1.062E+05 5.261E+13 5.666E-01 5.000E-01 0.000E+00
 3.82441497E+00   6370.7 1.096E+05 5.628E+13 5.992E-01 5.000E-01 0.000E+00
 3.90476608E+00   6398.8 1.126E+05 5.998E+13 6.315E-01 5.000E-01 0.000E+00
 3.98680639E+00   6427.0 1.157E+05 6.392E+13 6.656E-01 5.000E-01 0.000E+00
 4.07056999E+00   6455.1 1.189E+05 6.811E+13 7.015E-01 5.000E-01 0.000E+00
 4.14163399E+00   6539.3 1.215E+05 7.942E+13 7.937E-01 5.000E-01 0.000E+00
 4.21319294E+00   6626.3 1.242E+05 9.302E+13 9.012E-01 5.000E-01 0.000E+00
 4.28598928E+00   6713.4 1.269E+05 1.090E+14 1.023E+00 5.000E-01 0.000E+00
 4.36004210E+00   6800.4 1.297E+05 1.276E+14 1.162E+00 5.000E-01 0.000E+00
 4.43092299E+00   6822.2 1.321E+05 1.336E+14 1.207E+00 5.000E-01 0.000E+00
 4.50239849E+00   6836.0 1.344E+05 1.379E+14 1.240E+00 5.000E-01 0.000E+00
 4.57502699E+00   6849.8 1.368E+05 1.423E+14 1.273E+00 5.000E-01 0.000E+00
 4.64882755E+00   6863.5 1.393E+05 1.469E+14 1.308E+00 5.000E-01 0.000E+00
 4.70325422E+00   6965.7 1.410E+05 1.713E+14 1.486E+00 5.000E-01 0.000E+00
 4.74555397E+00   7122.3 1.422E+05 2.153E+14 1.796E+00 5.000E-01 0.000E+00
 4.78823376E+00   7278.8 1.434E+05 2.705E+14 2.172E+00 5.000E-01 0.000E+00
 4.83129692E+00   7435.4 1.446E+05 3.399E+14 2.625E+00 5.000E-01 0.000E+00
 4.87474871E+00   7592.0 1.459E+05 4.271E+14 3.174E+00 5.000E-01 0.000E+00
 4.91859102E+00   7748.6 1.471E+05 5.367E+14 3.837E+00 5.000E-01 0.000E+00
 4.96282721E+00   7905.1 1.484E+05 6.744E+14 4.638E+00 5.000E-01 0.000E+00
 4.99230337E+00   8037.1 1.492E+05 7.965E+14 5.387E+00 5.000E-01 0.000E+00
 5.01003885E+00   8149.9 1.496E+05 8.962E+14 6.065E+00 5.000E-01 0.000E+00
 5.02783680E+00   8262.7 1.501E+05 1.008E+15 6.827E+00 5.000E-01 0.000E+00
 5.04569864E+00   8375.5 1.506E+05 1.134E+15 7.685E+00 5.000E-01 0.000E+00
 5.06362295E+00   8488.3 1.510E+05 1.276E+15 8.651E+00 5.000E-01 0.000E+00
 5.08161163E+00   8601.1 1.515E+05 1.436E+15 9.738E+00 5.000E-01 0.000E+00
 5.09966421E+00   8713.9 1.520E+05 1.616E+15 1.096E+01 5.000E-01 0.000E+00
 5.11778021E+00   8826.6 1.524E+05 1.818E+15 1.234E+01 5.000E-01 0.000E+00
 5.13596106E+00   8939.4 1.529E+05 2.045E+15 1.389E+01 5.000E-01 0.000E+00
 5.15420675E+00   9052.2 1.534E+05 2.301E+15 1.564E+01 5.000E-01 0.000E+00
 5.17251682E+00   9165.0 1.539E+05 2.589E+15 1.760E+01 5.000E-01 0.000E+00
 5.19089270E+00   9277.8 1.543E+05 2.912E+15 1.982E+01 5.000E-01 0.000E+00
 5.20933294E+00   9390.6 1.548E+05 3.277E+15 2.231E+01 5.000E-01 0.000E+00
 5.22783852E+00   9503.4 1.553E+05 3.687E+15 2.511E+01 5.000E-01 0.000E+00
 5.24641037E+00   9616.1 1.558E+05 4.148E+15 2.827E+01 5.000E-01 0.000E+00
 5.26431704E+00   9674.7 1.563E+05 4.372E+15 3.000E+01 5.000E-01 0.000E+00
 5.28211689E+00   9720.9 1.569E+05 4.540E+15 3.141E+01 5.000E-01 0.000E+00
 5.29997635E+00   9767.1 1.574E+05 4.715E+15 3.289E+01 5.000E-01 0.000E+00
 5.31789637E+00   9813.3 1.580E+05 4.896E+15 3.444E+01 5.000E-01 0.000E+00
 5.33587694E+00   9859.5 1.586E+05 5.085E+15 3.607E+01 5.000E-01 0.000E+00
 5.35391903E+00   9905.7 1.591E+05 5.281E+15 3.777E+01 5.000E-01 0.000E+00
 5.37202168E+00   9951.9 1.597E+05 5.484E+15 3.955E+01 5.000E-01 0.000E+00
 5.39018440E+00   9998.1 1.603E+05 5.695E+15 4.141E+01 5.000E-01 0.000E+00
 5.40841007E+00  10044.2 1.609E+05 5.914E+15 4.336E+01 5.000E-01 0.000E+00
 5.42669725E+00  10090.4 1.614E+05 6.141E+15 4.541E+01 5.000E-01 0.000E+00
 5.44504595E+00  10136.6 1.620E+05 6.378E+15 4.755E+01 5.000E-01 0.000E+00
 5.46345615E+00  10182.8 1.626E+05 6.623E+15 4.979E+01 5.000E-01 0.000E+00
 5.48192930E+00  10229.0 1.632E+05 6.878E+15 5.213E+01 5.000E-01 0.000E+00
 5.50510025E+00  10256.9 1.639E+05 7.040E+15 5.361E+01 5.000E-01 0.000E+00
 5.53145409E+00  10272.6 1.646E+05 7.136E+15 5.448E+01 5.000E-01 0.000E+00
 5.55793381E+00  10288.3 1.654E+05 7.234E+15 5.536E+01 5.000E-01 0.000E+00
 5.58454084E+00  10304.1 1.662E+05 7.333E+15 5.626E+01 5.000E-01 0.000E+00
 5.61127472E+00  10319.8 1.669E+05 7.433E+15 5.716E+01 5.000E-01 0.000E+00
 5.63813686E+00  10335.5 1.677E+05 7.535E+15 5.809E+01 5.000E-01 0.000E+00
 5.66512775E+00  10351.3 1.685E+05 7.639E+15 5.903E+01 5.000E-01 0.000E+00
 5.69224787E+00  10367.0 1.693E+05 7.743E+15 5.998E+01 5.000E-01 0.000E+00
 5.71949768E+00  10382.7 1.701E+05 7.849E+15 6.095E+01 5.000E-01 0.000E+00
 5.75578260E+00  10391.9 1.712E+05 7.928E+15 6.157E+01 5.000E-01 0.000E+00
 5.79543638E+00  10398.7 1.725E+05 7.997E+15 6.208E+01 5.000E-01 0.000E+00
 5.83536339E+00  10405.5 1.737E+05 8.066E+15 6.259E+01 5.000E-01 0.000E+00
 5.87556505E+00  10412.3 1.750E+05 8.136E+15 6.310E+01 5.000E-01 0.000E+00
 5.91604424E+00  10419.2 1.763E+05 8.207E+15 6.362E+01 5.000E-01 0.000E+00
 5.95680237E+00  10426.0 1.776E+05 8.279E+15 6.415E+01 5.000E-01 0.000E+00
 6.00633717E+00  10431.8 1.791E+05 8.350E+15 6.463E+01 5.000E-01 0.000E+00
 6.06097317E+00  10436.9 1.807E+05 8.421E+15 6.508E+01 5.000E-01 0.000E+00
 6.11610651E+00  10442.1 1.824E+05 8.493E+15 6.555E+01 5.000E-01 0.000E+00
 6.17174053E+00  10447.3 1.840E+05 8.565E+15 6.601E+01 5.000E-01 0.000E+00
 6.22831535E+00  10452.7 1.857E+05 8.640E+15 6.650E+01 5.000E-01 0.000E+00
 6.29737473E+00  10465.3 1.879E+05 8.768E+15 6.746E+01 5.000E-01 0.000E+00
 6.36719990E+00  10477.9 1.900E+05 8.898E+15 6.844E+01 5.000E-01 0.000E+00
 6.43780088E+00  10490.5 1.922E+05 9.030E+15 6.943E+01 5.000E-01 0.000E+00
 6.51221943E+00  10502.2 1.944E+05 9.159E+15 7.038E+01 5.000E-01 0.000E+00
 6.59617996E+00  10511.3 1.967E+05 9.275E+15 7.118E+01 5.000E-01 0.000E+00
 6.68122292E+00  10520.4 1.991E+05 9.393E+15 7.199E+01 5.000E-01 0.000E+00
 6.76773262E+00  10529.5 2.015E+05 9.512E+15 7.281E+01 5.000E-01 0.000E+00
 6.86738300E+00  10536.0 2.041E+05 9.622E+15 7.348E+01 5.000E-01 0.000E+00
 6.96850061E+00  10542.6 2.069E+05 9.734E+15 7.416E+01 5.000E-01 0.000E+00
 7.07330656E+00  10552.7 2.097E+05 9.875E+15 7.511E+01 5.000E-01 0.000E+00
 7.18786287E+00  10576.0 2.132E+05 1.012E+16 7.702E+01 5.000E-01 0.000E+00
 7.30427504E+00  10599.4 2.167E+05 1.037E+16 7.898E+01 5.000E-01 0.000E+00
 7.42600250E+00  10636.7 2.200E+05 1.071E+16 8.198E+01 5.000E-01 0.000E+00
 7.55148172E+00  10680.9 2.234E+05 1.112E+16 8.560E+01 5.000E-01 0.000E+00
 7.67942667E+00  10727.2 2.268E+05 1.155E+16 8.953E+01 5.000E-01 0.000E+00
 7.81053019E+00  10779.2 2.304E+05 1.204E+16 9.409E+01 5.000E-01 0.000E+00
 7.94387197E+00  10831.2 2.341E+05 1.256E+16 9.888E+01 5.000E-01 0.000E+00
 8.08107948E+00  10875.0 2.378E+05 1.301E+16 1.031E+02 5.000E-01 0.000E+00
 8.22079372E+00  10918.2 2.416E+05 1.348E+16 1.075E+02 5.000E-01 0.000E+00
 8.36588955E+00  10955.2 2.448E+05 1.389E+16 1.113E+02 5.000E-01 0.000E+00
 8.51514339E+00  10988.9 2.477E+05 1.426E+16 1.149E+02 5.000E-01 0.000E+00
 8.66971016E+00  11024.3 2.511E+05 1.468E+16 1.188E+02 5.000E-01 0.000E+00
 8.82978630E+00  11061.4 2.552E+05 1.514E+16 1.230E+02 5.000E-01 0.000E+00
 8.99533653E+00  11095.9 2.593E+05 1.559E+16 1.271E+02 5.000E-01 0.000E+00
