8.1768E-03  4.0024E+03  2.0560E+02  1.0000E+00  0.0000E+00  0.0000E+00  1.5000E+00
9.5168E-03  4.0815E+03  2.3660E+02  1.0000E+00  0.0000E+00  0.0000E+00  1.5000E+00
1.1059E-02  4.1711E+03  2.7480E+02  1.0000E+00  0.0000E+00  0.0000E+00  1.5000E+00
1.2828E-02  4.2459E+03  3.2020E+02  1.0000E+00  0.0000E+00  0.0000E+00  1.5000E+00
1.4852E-02  4.3167E+03  3.7080E+02  1.0000E+00  0.0000E+00  0.0000E+00  1.5000E+00
1.7166E-02  4.3798E+03  4.2700E+02  1.0000E+00  0.0000E+00  0.0000E+00  1.5000E+00
1.9805E-02  4.4681E+03  4.9930E+02  1.0000E+00  0.0000E+00  0.0000E+00  1.5000E+00
2.2748E-02  4.5530E+03  5.9490E+02  1.0000E+00  0.0000E+00  0.0000E+00  1.5000E+00
2.6003E-02  4.6009E+03  7.0100E+02  1.0000E+00  0.0000E+00  0.0000E+00  1.5000E+00
2.9627E-02  4.6002E+03  7.9190E+02  1.0000E+00  0.0000E+00  0.0000E+00  1.5000E+00
3.3705E-02  4.5839E+03  8.9420E+02  1.0000E+00  0.0000E+00  0.0000E+00  1.5000E+00
3.8284E-02  4.5787E+03  1.0090E+03  1.0000E+00  0.0000E+00  0.0000E+00  1.5000E+00
4.3434E-02  4.5945E+03  1.1420E+03  1.0000E+00  0.0000E+00  0.0000E+00  1.5000E+00
4.9229E-02  4.6044E+03  1.2890E+03  1.0000E+00  0.0000E+00  0.0000E+00  1.5000E+00
5.5747E-02  4.6195E+03  1.4530E+03  1.0000E+00  0.0000E+00  0.0000E+00  1.5000E+00
6.3100E-02  4.6378E+03  1.6350E+03  1.0000E+00  0.0000E+00  0.0000E+00  1.5000E+00
7.1393E-02  4.6612E+03  1.8420E+03  1.0000E+00  0.0000E+00  0.0000E+00  1.5000E+00
8.0743E-02  4.6774E+03  2.0690E+03  1.0000E+00  0.0000E+00  0.0000E+00  1.5000E+00
9.1298E-02  4.6910E+03  2.3180E+03  1.0000E+00  0.0000E+00  0.0000E+00  1.5000E+00
1.0322E-01  4.7059E+03  2.5950E+03  1.0000E+00  0.0000E+00  0.0000E+00  1.5000E+00
1.1670E-01  4.7210E+03  2.9020E+03  1.0000E+00  0.0000E+00  0.0000E+00  1.5000E+00
1.3190E-01  4.7430E+03  3.2650E+03  1.0000E+00  0.0000E+00  0.0000E+00  1.5000E+00
1.4895E-01  4.7693E+03  3.7100E+03  1.0000E+00  0.0000E+00  0.0000E+00  1.5000E+00
1.6789E-01  4.7757E+03  4.2390E+03  1.0000E+00  0.0000E+00  0.0000E+00  1.5000E+00
1.8892E-01  4.7610E+03  4.8070E+03  1.0000E+00  0.0000E+00  0.0000E+00  1.5000E+00
2.1240E-01  4.7316E+03  5.3820E+03  1.0000E+00  0.0000E+00  0.0000E+00  1.5000E+00
2.3870E-01  4.6931E+03  6.0250E+03  1.0000E+00  0.0000E+00  0.0000E+00  1.5000E+00
2.6812E-01  4.6446E+03  6.7440E+03  1.0000E+00  0.0000E+00  0.0000E+00  1.5000E+00
3.0120E-01  4.6299E+03  7.5260E+03  1.0000E+00  0.0000E+00  0.0000E+00  1.5000E+00
3.3860E-01  4.6491E+03  8.4140E+03  1.0000E+00  0.0000E+00  0.0000E+00  1.5000E+00
3.8097E-01  4.6852E+03  9.4190E+03  1.0000E+00  0.0000E+00  0.0000E+00  1.5000E+00
4.2895E-01  4.7285E+03  1.0550E+04  1.0000E+00  0.0000E+00  0.0000E+00  1.5000E+00
4.8328E-01  4.7827E+03  1.1830E+04  1.0000E+00  0.0000E+00  0.0000E+00  1.5000E+00
5.4480E-01  4.8472E+03  1.3270E+04  1.0000E+00  0.0000E+00  0.0000E+00  1.5000E+00
6.1415E-01  4.9331E+03  1.5010E+04  1.0000E+00  0.0000E+00  0.0000E+00  1.5000E+00
6.9163E-01  5.0327E+03  1.7080E+04  1.0000E+00  0.0000E+00  0.0000E+00  1.5000E+00
7.7698E-01  5.1322E+03  1.9440E+04  1.0000E+00  0.0000E+00  0.0000E+00  1.5000E+00
8.7067E-01  5.2101E+03  2.1940E+04  1.0000E+00  0.0000E+00  0.0000E+00  1.5000E+00
9.7377E-01  5.2743E+03  2.4600E+04  1.0000E+00  0.0000E+00  0.0000E+00  1.5000E+00
1.0857E+00  5.3625E+03  2.7950E+04  1.0000E+00  0.0000E+00  0.0000E+00  1.5000E+00
1.2019E+00  5.4801E+03  3.2410E+04  1.0000E+00  0.0000E+00  0.0000E+00  1.5000E+00
1.3206E+00  5.5643E+03  3.7180E+04  1.0000E+00  0.0000E+00  0.0000E+00  1.5000E+00
1.4503E+00  5.5762E+03  4.1580E+04  1.0000E+00  0.0000E+00  0.0000E+00  1.5000E+00
1.6017E+00  5.5497E+03  4.5550E+04  1.0000E+00  0.0000E+00  0.0000E+00  1.5000E+00
1.7795E+00  5.5544E+03  5.0150E+04  1.0000E+00  0.0000E+00  0.0000E+00  1.5000E+00
1.9848E+00  5.5561E+03  5.5690E+04  1.0000E+00  0.0000E+00  0.0000E+00  1.5000E+00
2.2197E+00  5.5552E+03  6.2130E+04  1.0000E+00  0.0000E+00  0.0000E+00  1.5000E+00
2.4853E+00  5.5888E+03  6.9970E+04  1.0000E+00  0.0000E+00  0.0000E+00  1.5000E+00
2.7630E+00  5.7381E+03  7.8210E+04  1.0000E+00  0.0000E+00  0.0000E+00  1.5000E+00
3.0384E+00  5.8996E+03  8.4720E+04  1.0000E+00  0.0000E+00  0.0000E+00  1.5000E+00
3.3138E+00  6.0246E+03  9.0200E+04  1.0000E+00  0.0000E+00  0.0000E+00  1.5000E+00
3.5812E+00  6.1971E+03  9.6970E+04  1.0000E+00  0.0000E+00  0.0000E+00  1.5000E+00
3.8345E+00  6.3696E+03  1.0360E+05  1.0000E+00  0.0000E+00  0.0000E+00  1.5000E+00
4.0705E+00  6.5674E+03  1.0990E+05  1.0000E+00  0.0000E+00  0.0000E+00  1.5000E+00
4.2773E+00  6.8221E+03  1.1530E+05  1.0000E+00  0.0000E+00  0.0000E+00  1.5000E+00
4.4691E+00  6.9900E+03  1.2010E+05  1.0000E+00  0.0000E+00  0.0000E+00  1.5000E+00
4.6414E+00  7.2358E+03  1.2390E+05  1.0000E+00  0.0000E+00  0.0000E+00  1.5000E+00
4.7910E+00  7.5913E+03  1.2630E+05  1.0000E+00  0.0000E+00  0.0000E+00  1.5000E+00
4.8987E+00  7.9652E+03  1.2730E+05  1.0000E+00  0.0000E+00  0.0000E+00  1.5000E+00
4.9869E+00  8.3476E+03  1.2760E+05  1.0000E+00  0.0000E+00  0.0000E+00  1.5000E+00
5.0768E+00  8.7299E+03  1.2790E+05  1.0000E+00  0.0000E+00  0.0000E+00  1.5000E+00
5.1527E+00  8.9202E+03  1.2780E+05  1.0000E+00  0.0000E+00  0.0000E+00  1.5000E+00
5.2290E+00  9.1022E+03  1.2760E+05  1.0000E+00  0.0000E+00  0.0000E+00  1.5000E+00
5.3082E+00  9.2695E+03  1.2740E+05  1.0000E+00  0.0000E+00  0.0000E+00  1.5000E+00
5.4038E+00  9.3150E+03  1.2720E+05  1.0000E+00  0.0000E+00  0.0000E+00  1.5000E+00
5.5011E+00  9.3605E+03  1.2700E+05  1.0000E+00  0.0000E+00  0.0000E+00  1.5000E+00
5.6371E+00  9.3276E+03  1.2690E+05  1.0000E+00  0.0000E+00  0.0000E+00  1.5000E+00
5.8046E+00  9.2438E+03  1.2640E+05  1.0000E+00  0.0000E+00  0.0000E+00  1.5000E+00
6.0407E+00  9.0773E+03  1.2540E+05  1.0000E+00  0.0000E+00  0.0000E+00  1.5000E+00
6.4015E+00  8.8572E+03  1.2320E+05  1.0000E+00  0.0000E+00  0.0000E+00  1.5000E+00
6.9715E+00  8.6509E+03  1.2220E+05  1.0000E+00  0.0000E+00  0.0000E+00  1.5000E+00
7.8104E+00  8.5256E+03  1.3610E+05  1.0000E+00  0.0000E+00  0.0000E+00  1.5000E+00
8.8615E+00  8.4280E+03  2.0560E+05  1.0000E+00  0.0000E+00  0.0000E+00  1.5000E+00
1.0254E+01  8.0393E+03  2.7630E+05  1.0000E+00  0.0000E+00  0.0000E+00  1.5000E+00
1.0810E+01  9.8546E+03  2.9540E+05  1.0000E+00  0.0000E+00  0.0000E+00  1.5000E+00
1.1057E+01  1.0696E+04  2.9900E+05  1.0000E+00  0.0000E+00  0.0000E+00  1.5000E+00
1.1258E+01  1.1155E+04  3.0370E+05  1.0000E+00  0.0000E+00  0.0000E+00  1.5000E+00
1.1434E+01  1.1407E+04  3.0900E+05  1.0000E+00  0.0000E+00  0.0000E+00  1.5000E+00
1.1625E+01  1.1568E+04  3.1450E+05  1.0000E+00  0.0000E+00  0.0000E+00  1.5000E+00
1.1834E+01  1.1620E+04  3.2010E+05  1.0000E+00  0.0000E+00  0.0000E+00  1.5000E+00
1.2088E+01  1.1650E+04  3.2720E+05  1.0000E+00  0.0000E+00  0.0000E+00  1.5000E+00
