7.6553E-03  4.3839E+03  2.8340E+02  1.0000E+00  0.0000E+00  0.0000E+00  1.5000E+00
8.8654E-03  4.4603E+03  3.3480E+02  1.0000E+00  0.0000E+00  0.0000E+00  1.5000E+00
1.0219E-02  4.5105E+03  3.9260E+02  1.0000E+00  0.0000E+00  0.0000E+00  1.5000E+00
1.1734E-02  4.5336E+03  4.5400E+02  1.0000E+00  0.0000E+00  0.0000E+00  1.5000E+00
1.3432E-02  4.5429E+03  5.2010E+02  1.0000E+00  0.0000E+00  0.0000E+00  1.5000E+00
1.5341E-02  4.5461E+03  5.9220E+02  1.0000E+00  0.0000E+00  0.0000E+00  1.5000E+00
1.7490E-02  4.5387E+03  6.6880E+02  1.0000E+00  0.0000E+00  0.0000E+00  1.5000E+00
1.9915E-02  4.5189E+03  7.4770E+02  1.0000E+00  0.0000E+00  0.0000E+00  1.5000E+00
2.2658E-02  4.4880E+03  8.2880E+02  1.0000E+00  0.0000E+00  0.0000E+00  1.5000E+00
2.5763E-02  4.4562E+03  9.1450E+02  1.0000E+00  0.0000E+00  0.0000E+00  1.5000E+00
2.9285E-02  4.4321E+03  1.0090E+03  1.0000E+00  0.0000E+00  0.0000E+00  1.5000E+00
3.3285E-02  4.4088E+03  1.1120E+03  1.0000E+00  0.0000E+00  0.0000E+00  1.5000E+00
3.7838E-02  4.3905E+03  1.2250E+03  1.0000E+00  0.0000E+00  0.0000E+00  1.5000E+00
4.3025E-02  4.3778E+03  1.3530E+03  1.0000E+00  0.0000E+00  0.0000E+00  1.5000E+00
4.8923E-02  4.3707E+03  1.5040E+03  1.0000E+00  0.0000E+00  0.0000E+00  1.5000E+00
5.5595E-02  4.3772E+03  1.6930E+03  1.0000E+00  0.0000E+00  0.0000E+00  1.5000E+00
6.3097E-02  4.4060E+03  1.9300E+03  1.0000E+00  0.0000E+00  0.0000E+00  1.5000E+00
7.1478E-02  4.4477E+03  2.2170E+03  1.0000E+00  0.0000E+00  0.0000E+00  1.5000E+00
8.0839E-02  4.4811E+03  2.5330E+03  1.0000E+00  0.0000E+00  0.0000E+00  1.5000E+00
9.1341E-02  4.4911E+03  2.8570E+03  1.0000E+00  0.0000E+00  0.0000E+00  1.5000E+00
1.0318E-01  4.4822E+03  3.1900E+03  1.0000E+00  0.0000E+00  0.0000E+00  1.5000E+00
1.1657E-01  4.4672E+03  3.5550E+03  1.0000E+00  0.0000E+00  0.0000E+00  1.5000E+00
1.3172E-01  4.4537E+03  3.9700E+03  1.0000E+00  0.0000E+00  0.0000E+00  1.5000E+00
1.4890E-01  4.4396E+03  4.4070E+03  1.0000E+00  0.0000E+00  0.0000E+00  1.5000E+00
1.6860E-01  4.4149E+03  4.8210E+03  1.0000E+00  0.0000E+00  0.0000E+00  1.5000E+00
1.9140E-01  4.3844E+03  5.2370E+03  1.0000E+00  0.0000E+00  0.0000E+00  1.5000E+00
2.1796E-01  4.3981E+03  5.6800E+03  1.0000E+00  0.0000E+00  0.0000E+00  1.5000E+00
2.4864E-01  4.4475E+03  6.1970E+03  1.0000E+00  0.0000E+00  0.0000E+00  1.5000E+00
2.8372E-01  4.3653E+03  6.9710E+03  1.0000E+00  0.0000E+00  0.0000E+00  1.5000E+00
3.2495E-01  4.2330E+03  7.6600E+03  1.0000E+00  0.0000E+00  0.0000E+00  1.5000E+00
3.7324E-01  4.3118E+03  8.4470E+03  1.0000E+00  0.0000E+00  0.0000E+00  1.5000E+00
4.2534E-01  4.4639E+03  9.7410E+03  1.0000E+00  0.0000E+00  0.0000E+00  1.5000E+00
4.8205E-01  4.6060E+03  1.1440E+04  1.0000E+00  0.0000E+00  0.0000E+00  1.5000E+00
5.4474E-01  4.6645E+03  1.2770E+04  1.0000E+00  0.0000E+00  0.0000E+00  1.5000E+00
6.1561E-01  4.7319E+03  1.4350E+04  1.0000E+00  0.0000E+00  0.0000E+00  1.5000E+00
6.9525E-01  4.8338E+03  1.6380E+04  1.0000E+00  0.0000E+00  0.0000E+00  1.5000E+00
7.8345E-01  4.9711E+03  1.9050E+04  1.0000E+00  0.0000E+00  0.0000E+00  1.5000E+00
8.7959E-01  5.1110E+03  2.2180E+04  1.0000E+00  0.0000E+00  0.0000E+00  1.5000E+00
9.8292E-01  5.2305E+03  2.5520E+04  1.0000E+00  0.0000E+00  0.0000E+00  1.5000E+00
1.0944E+00  5.3131E+03  2.8780E+04  1.0000E+00  0.0000E+00  0.0000E+00  1.5000E+00
1.2166E+00  5.3740E+03  3.2130E+04  1.0000E+00  0.0000E+00  0.0000E+00  1.5000E+00
1.3520E+00  5.4137E+03  3.5680E+04  1.0000E+00  0.0000E+00  0.0000E+00  1.5000E+00
1.5034E+00  5.4502E+03  3.9580E+04  1.0000E+00  0.0000E+00  0.0000E+00  1.5000E+00
1.6720E+00  5.4923E+03  4.4180E+04  1.0000E+00  0.0000E+00  0.0000E+00  1.5000E+00
1.8578E+00  5.5434E+03  4.9450E+04  1.0000E+00  0.0000E+00  0.0000E+00  1.5000E+00
2.0602E+00  5.6002E+03  5.5900E+04  1.0000E+00  0.0000E+00  0.0000E+00  1.5000E+00
2.2800E+00  5.6356E+03  6.3620E+04  1.0000E+00  0.0000E+00  0.0000E+00  1.5000E+00
2.5301E+00  5.6018E+03  7.1640E+04  1.0000E+00  0.0000E+00  0.0000E+00  1.5000E+00
2.8282E+00  5.5311E+03  7.9460E+04  1.0000E+00  0.0000E+00  0.0000E+00  1.5000E+00
3.1887E+00  5.5260E+03  8.4810E+04  1.0000E+00  0.0000E+00  0.0000E+00  1.5000E+00
3.6053E+00  5.5826E+03  9.1200E+04  1.0000E+00  0.0000E+00  0.0000E+00  1.5000E+00
4.0521E+00  5.7749E+03  9.7710E+04  1.0000E+00  0.0000E+00  0.0000E+00  1.5000E+00
4.4831E+00  5.9536E+03  1.0410E+05  1.0000E+00  0.0000E+00  0.0000E+00  1.5000E+00
4.9057E+00  6.1222E+03  1.1170E+05  1.0000E+00  0.0000E+00  0.0000E+00  1.5000E+00
5.2830E+00  6.3591E+03  1.1750E+05  1.0000E+00  0.0000E+00  0.0000E+00  1.5000E+00
5.6312E+00  6.5445E+03  1.2290E+05  1.0000E+00  0.0000E+00  0.0000E+00  1.5000E+00
5.9659E+00  6.7038E+03  1.2960E+05  1.0000E+00  0.0000E+00  0.0000E+00  1.5000E+00
6.2933E+00  6.8589E+03  1.3730E+05  1.0000E+00  0.0000E+00  0.0000E+00  1.5000E+00
6.6143E+00  7.0242E+03  1.4410E+05  1.0000E+00  0.0000E+00  0.0000E+00  1.5000E+00
6.8751E+00  7.3922E+03  1.5100E+05  1.0000E+00  0.0000E+00  0.0000E+00  1.5000E+00
7.0724E+00  7.8325E+03  1.5700E+05  1.0000E+00  0.0000E+00  0.0000E+00  1.5000E+00
7.2036E+00  8.2733E+03  1.6100E+05  1.0000E+00  0.0000E+00  0.0000E+00  1.5000E+00
7.3332E+00  8.6994E+03  1.6500E+05  1.0000E+00  0.0000E+00  0.0000E+00  1.5000E+00
7.4236E+00  8.9738E+03  1.6770E+05  1.0000E+00  0.0000E+00  0.0000E+00  1.5000E+00
7.5150E+00  9.2481E+03  1.7030E+05  1.0000E+00  0.0000E+00  0.0000E+00  1.5000E+00
7.6076E+00  9.5225E+03  1.7300E+05  1.0000E+00  0.0000E+00  0.0000E+00  1.5000E+00
7.7046E+00  9.6546E+03  1.7510E+05  1.0000E+00  0.0000E+00  0.0000E+00  1.5000E+00
7.8030E+00  9.7830E+03  1.7710E+05  1.0000E+00  0.0000E+00  0.0000E+00  1.5000E+00
7.9090E+00  9.8889E+03  1.7900E+05  1.0000E+00  0.0000E+00  0.0000E+00  1.5000E+00
8.0445E+00  9.8993E+03  1.8010E+05  1.0000E+00  0.0000E+00  0.0000E+00  1.5000E+00
8.1908E+00  9.9177E+03  1.8220E+05  1.0000E+00  0.0000E+00  0.0000E+00  1.5000E+00
8.3767E+00  9.9702E+03  1.8830E+05  1.0000E+00  0.0000E+00  0.0000E+00  1.5000E+00
8.5810E+00  1.0106E+04  1.9490E+05  1.0000E+00  0.0000E+00  0.0000E+00  1.5000E+00
8.7970E+00  1.0293E+04  2.0050E+05  1.0000E+00  0.0000E+00  0.0000E+00  1.5000E+00
9.0193E+00  1.0501E+04  2.0370E+05  1.0000E+00  0.0000E+00  0.0000E+00  1.5000E+00
9.2585E+00  1.0605E+04  2.0580E+05  1.0000E+00  0.0000E+00  0.0000E+00  1.5000E+00
9.5315E+00  1.0657E+04  2.1870E+05  1.0000E+00  0.0000E+00  0.0000E+00  1.5000E+00
9.8441E+00  1.0734E+04  2.3610E+05  1.0000E+00  0.0000E+00  0.0000E+00  1.5000E+00
1.0194E+01  1.0846E+04  2.5240E+05  1.0000E+00  0.0000E+00  0.0000E+00  1.5000E+00
1.0591E+01  1.0902E+04  2.6430E+05  1.0000E+00  0.0000E+00  0.0000E+00  1.5000E+00
1.1051E+01  1.0993E+04  2.7510E+05  1.0000E+00  0.0000E+00  0.0000E+00  1.5000E+00
