8.4060E-03  4.3699E+03  2.6240E+02  1.0000E+00  0.0000E+00  0.0000E+00  1.5000E+00
9.6770E-03  4.3974E+03  3.0490E+02  1.0000E+00  0.0000E+00  0.0000E+00  1.5000E+00
1.1111E-02  4.4199E+03  3.4970E+02  1.0000E+00  0.0000E+00  0.0000E+00  1.5000E+00
1.2732E-02  4.4383E+03  4.0040E+02  1.0000E+00  0.0000E+00  0.0000E+00  1.5000E+00
1.4560E-02  4.4511E+03  4.5780E+02  1.0000E+00  0.0000E+00  0.0000E+00  1.5000E+00
1.6617E-02  4.4527E+03  5.2180E+02  1.0000E+00  0.0000E+00  0.0000E+00  1.5000E+00
1.8926E-02  4.4681E+03  5.9750E+02  1.0000E+00  0.0000E+00  0.0000E+00  1.5000E+00
2.1515E-02  4.4798E+03  6.8040E+02  1.0000E+00  0.0000E+00  0.0000E+00  1.5000E+00
2.4413E-02  4.4689E+03  7.7280E+02  1.0000E+00  0.0000E+00  0.0000E+00  1.5000E+00
2.7639E-02  4.4480E+03  8.7790E+02  1.0000E+00  0.0000E+00  0.0000E+00  1.5000E+00
3.1219E-02  4.4241E+03  9.9750E+02  1.0000E+00  0.0000E+00  0.0000E+00  1.5000E+00
3.5183E-02  4.4145E+03  1.1420E+03  1.0000E+00  0.0000E+00  0.0000E+00  1.5000E+00
3.9567E-02  4.4204E+03  1.3160E+03  1.0000E+00  0.0000E+00  0.0000E+00  1.5000E+00
4.4417E-02  4.4258E+03  1.5140E+03  1.0000E+00  0.0000E+00  0.0000E+00  1.5000E+00
4.9802E-02  4.4086E+03  1.7180E+03  1.0000E+00  0.0000E+00  0.0000E+00  1.5000E+00
5.5832E-02  4.3573E+03  1.9160E+03  1.0000E+00  0.0000E+00  0.0000E+00  1.5000E+00
6.2673E-02  4.2770E+03  2.1070E+03  1.0000E+00  0.0000E+00  0.0000E+00  1.5000E+00
7.0575E-02  4.1792E+03  2.3030E+03  1.0000E+00  0.0000E+00  0.0000E+00  1.5000E+00
7.9869E-02  4.0914E+03  2.5260E+03  1.0000E+00  0.0000E+00  0.0000E+00  1.5000E+00
9.0836E-02  4.0453E+03  2.7950E+03  1.0000E+00  0.0000E+00  0.0000E+00  1.5000E+00
1.0362E-01  4.0276E+03  3.1150E+03  1.0000E+00  0.0000E+00  0.0000E+00  1.5000E+00
1.1852E-01  3.9937E+03  3.4860E+03  1.0000E+00  0.0000E+00  0.0000E+00  1.5000E+00
1.3600E-01  3.9583E+03  3.9180E+03  1.0000E+00  0.0000E+00  0.0000E+00  1.5000E+00
1.5630E-01  3.9572E+03  4.3960E+03  1.0000E+00  0.0000E+00  0.0000E+00  1.5000E+00
1.7910E-01  4.0097E+03  4.9270E+03  1.0000E+00  0.0000E+00  0.0000E+00  1.5000E+00
2.0398E-01  4.0971E+03  5.5170E+03  1.0000E+00  0.0000E+00  0.0000E+00  1.5000E+00
2.3106E-01  4.1883E+03  6.1710E+03  1.0000E+00  0.0000E+00  0.0000E+00  1.5000E+00
2.6076E-01  4.2699E+03  6.9400E+03  1.0000E+00  0.0000E+00  0.0000E+00  1.5000E+00
2.9354E-01  4.3350E+03  7.8360E+03  1.0000E+00  0.0000E+00  0.0000E+00  1.5000E+00
3.2996E-01  4.3944E+03  8.8830E+03  1.0000E+00  0.0000E+00  0.0000E+00  1.5000E+00
3.7049E-01  4.4548E+03  1.0070E+04  1.0000E+00  0.0000E+00  0.0000E+00  1.5000E+00
4.1571E-01  4.5171E+03  1.1400E+04  1.0000E+00  0.0000E+00  0.0000E+00  1.5000E+00
4.6629E-01  4.5743E+03  1.2860E+04  1.0000E+00  0.0000E+00  0.0000E+00  1.5000E+00
5.2305E-01  4.6278E+03  1.4510E+04  1.0000E+00  0.0000E+00  0.0000E+00  1.5000E+00
5.8682E-01  4.6753E+03  1.6370E+04  1.0000E+00  0.0000E+00  0.0000E+00  1.5000E+00
6.5846E-01  4.7149E+03  1.8460E+04  1.0000E+00  0.0000E+00  0.0000E+00  1.5000E+00
7.3899E-01  4.7700E+03  2.0830E+04  1.0000E+00  0.0000E+00  0.0000E+00  1.5000E+00
8.3016E-01  4.8065E+03  2.3140E+04  1.0000E+00  0.0000E+00  0.0000E+00  1.5000E+00
9.3371E-01  4.8329E+03  2.5780E+04  1.0000E+00  0.0000E+00  0.0000E+00  1.5000E+00
1.0511E+00  4.8591E+03  2.8730E+04  1.0000E+00  0.0000E+00  0.0000E+00  1.5000E+00
1.1844E+00  4.8810E+03  3.2020E+04  1.0000E+00  0.0000E+00  0.0000E+00  1.5000E+00
1.3356E+00  4.8997E+03  3.5630E+04  1.0000E+00  0.0000E+00  0.0000E+00  1.5000E+00
1.5075E+00  4.9126E+03  3.9520E+04  1.0000E+00  0.0000E+00  0.0000E+00  1.5000E+00
1.7036E+00  4.9331E+03  4.3790E+04  1.0000E+00  0.0000E+00  0.0000E+00  1.5000E+00
1.9269E+00  4.9616E+03  4.8480E+04  1.0000E+00  0.0000E+00  0.0000E+00  1.5000E+00
2.1809E+00  4.9818E+03  5.4050E+04  1.0000E+00  0.0000E+00  0.0000E+00  1.5000E+00
2.4696E+00  5.0014E+03  5.9820E+04  1.0000E+00  0.0000E+00  0.0000E+00  1.5000E+00
2.7998E+00  5.0767E+03  6.5350E+04  1.0000E+00  0.0000E+00  0.0000E+00  1.5000E+00
3.1727E+00  5.3056E+03  7.2350E+04  1.0000E+00  0.0000E+00  0.0000E+00  1.5000E+00
3.5634E+00  5.5257E+03  8.3730E+04  1.0000E+00  0.0000E+00  0.0000E+00  1.5000E+00
3.9621E+00  5.6654E+03  9.4290E+04  1.0000E+00  0.0000E+00  0.0000E+00  1.5000E+00
4.3668E+00  5.8128E+03  1.0330E+05  1.0000E+00  0.0000E+00  0.0000E+00  1.5000E+00
4.7663E+00  5.9935E+03  1.1380E+05  1.0000E+00  0.0000E+00  0.0000E+00  1.5000E+00
5.1316E+00  6.1864E+03  1.2500E+05  1.0000E+00  0.0000E+00  0.0000E+00  1.5000E+00
5.4713E+00  6.3626E+03  1.3550E+05  1.0000E+00  0.0000E+00  0.0000E+00  1.5000E+00
5.7937E+00  6.5339E+03  1.4480E+05  1.0000E+00  0.0000E+00  0.0000E+00  1.5000E+00
6.1037E+00  6.7050E+03  1.5200E+05  1.0000E+00  0.0000E+00  0.0000E+00  1.5000E+00
6.4037E+00  6.8661E+03  1.5770E+05  1.0000E+00  0.0000E+00  0.0000E+00  1.5000E+00
6.6768E+00  7.1250E+03  1.6090E+05  1.0000E+00  0.0000E+00  0.0000E+00  1.5000E+00
6.8842E+00  7.5117E+03  1.6370E+05  1.0000E+00  0.0000E+00  0.0000E+00  1.5000E+00
7.0337E+00  7.9979E+03  1.6670E+05  1.0000E+00  0.0000E+00  0.0000E+00  1.5000E+00
7.1647E+00  8.4356E+03  1.6930E+05  1.0000E+00  0.0000E+00  0.0000E+00  1.5000E+00
7.2485E+00  8.7644E+03  1.7100E+05  1.0000E+00  0.0000E+00  0.0000E+00  1.5000E+00
7.3333E+00  9.0933E+03  1.7270E+05  1.0000E+00  0.0000E+00  0.0000E+00  1.5000E+00
7.4191E+00  9.4221E+03  1.7430E+05  1.0000E+00  0.0000E+00  0.0000E+00  1.5000E+00
7.4978E+00  9.6417E+03  1.7560E+05  1.0000E+00  0.0000E+00  0.0000E+00  1.5000E+00
7.5753E+00  9.8342E+03  1.7670E+05  1.0000E+00  0.0000E+00  0.0000E+00  1.5000E+00
7.6537E+00  1.0027E+04  1.7780E+05  1.0000E+00  0.0000E+00  0.0000E+00  1.5000E+00
7.7398E+00  1.0176E+04  1.7880E+05  1.0000E+00  0.0000E+00  0.0000E+00  1.5000E+00
7.8409E+00  1.0238E+04  1.7980E+05  1.0000E+00  0.0000E+00  0.0000E+00  1.5000E+00
7.9434E+00  1.0300E+04  1.8080E+05  1.0000E+00  0.0000E+00  0.0000E+00  1.5000E+00
8.0893E+00  1.0231E+04  1.8240E+05  1.0000E+00  0.0000E+00  0.0000E+00  1.5000E+00
8.2609E+00  1.0114E+04  1.8400E+05  1.0000E+00  0.0000E+00  0.0000E+00  1.5000E+00
8.5211E+00  9.9194E+03  1.8350E+05  1.0000E+00  0.0000E+00  0.0000E+00  1.5000E+00
8.9517E+00  9.5514E+03  1.8680E+05  1.0000E+00  0.0000E+00  0.0000E+00  1.5000E+00
9.6183E+00  9.5665E+03  1.9060E+05  1.0000E+00  0.0000E+00  0.0000E+00  1.5000E+00
1.0278E+01  9.8610E+03  1.8560E+05  1.0000E+00  0.0000E+00  0.0000E+00  1.5000E+00
1.0971E+01  9.9743E+03  1.7990E+05  1.0000E+00  0.0000E+00  0.0000E+00  1.5000E+00
1.1640E+01  1.0328E+04  2.1600E+05  1.0000E+00  0.0000E+00  0.0000E+00  1.5000E+00
1.2232E+01  1.0567E+04  2.5060E+05  1.0000E+00  0.0000E+00  0.0000E+00  1.5000E+00
1.2812E+01  1.0790E+04  2.8010E+05  1.0000E+00  0.0000E+00  0.0000E+00  1.5000E+00
