8.2566E-03  3.8815E+03  2.1040E+02  1.0000E+00  0.0000E+00  0.0000E+00  1.5000E+00
9.5608E-03  3.9235E+03  2.3890E+02  1.0000E+00  0.0000E+00  0.0000E+00  1.5000E+00
1.1052E-02  3.9725E+03  2.7220E+02  1.0000E+00  0.0000E+00  0.0000E+00  1.5000E+00
1.2755E-02  4.0253E+03  3.1100E+02  1.0000E+00  0.0000E+00  0.0000E+00  1.5000E+00
1.4694E-02  4.0807E+03  3.5630E+02  1.0000E+00  0.0000E+00  0.0000E+00  1.5000E+00
1.6900E-02  4.1385E+03  4.0980E+02  1.0000E+00  0.0000E+00  0.0000E+00  1.5000E+00
1.9401E-02  4.2031E+03  4.7370E+02  1.0000E+00  0.0000E+00  0.0000E+00  1.5000E+00
2.2238E-02  4.2800E+03  5.5020E+02  1.0000E+00  0.0000E+00  0.0000E+00  1.5000E+00
2.5453E-02  4.3730E+03  6.4430E+02  1.0000E+00  0.0000E+00  0.0000E+00  1.5000E+00
2.9082E-02  4.4811E+03  7.6450E+02  1.0000E+00  0.0000E+00  0.0000E+00  1.5000E+00
3.3129E-02  4.5906E+03  9.1070E+02  1.0000E+00  0.0000E+00  0.0000E+00  1.5000E+00
3.7586E-02  4.6783E+03  1.0710E+03  1.0000E+00  0.0000E+00  0.0000E+00  1.5000E+00
4.2505E-02  4.7354E+03  1.2360E+03  1.0000E+00  0.0000E+00  0.0000E+00  1.5000E+00
4.7973E-02  4.7671E+03  1.4020E+03  1.0000E+00  0.0000E+00  0.0000E+00  1.5000E+00
5.4106E-02  4.7872E+03  1.5790E+03  1.0000E+00  0.0000E+00  0.0000E+00  1.5000E+00
6.1026E-02  4.7964E+03  1.7700E+03  1.0000E+00  0.0000E+00  0.0000E+00  1.5000E+00
6.8869E-02  4.7898E+03  1.9760E+03  1.0000E+00  0.0000E+00  0.0000E+00  1.5000E+00
7.7782E-02  4.7847E+03  2.2040E+03  1.0000E+00  0.0000E+00  0.0000E+00  1.5000E+00
8.7895E-02  4.7932E+03  2.4600E+03  1.0000E+00  0.0000E+00  0.0000E+00  1.5000E+00
9.9307E-02  4.8111E+03  2.7630E+03  1.0000E+00  0.0000E+00  0.0000E+00  1.5000E+00
1.1210E-01  4.8499E+03  3.1260E+03  1.0000E+00  0.0000E+00  0.0000E+00  1.5000E+00
1.2630E-01  4.9076E+03  3.5490E+03  1.0000E+00  0.0000E+00  0.0000E+00  1.5000E+00
1.4204E-01  4.9517E+03  4.0240E+03  1.0000E+00  0.0000E+00  0.0000E+00  1.5000E+00
1.5949E-01  4.9825E+03  4.5540E+03  1.0000E+00  0.0000E+00  0.0000E+00  1.5000E+00
1.7898E-01  4.9964E+03  5.1390E+03  1.0000E+00  0.0000E+00  0.0000E+00  1.5000E+00
2.0088E-01  5.0008E+03  5.7920E+03  1.0000E+00  0.0000E+00  0.0000E+00  1.5000E+00
2.2552E-01  5.0026E+03  6.5310E+03  1.0000E+00  0.0000E+00  0.0000E+00  1.5000E+00
2.5324E-01  5.0044E+03  7.3620E+03  1.0000E+00  0.0000E+00  0.0000E+00  1.5000E+00
2.8439E-01  5.0059E+03  8.3090E+03  1.0000E+00  0.0000E+00  0.0000E+00  1.5000E+00
3.1939E-01  5.0010E+03  9.3740E+03  1.0000E+00  0.0000E+00  0.0000E+00  1.5000E+00
3.5874E-01  4.9877E+03  1.0560E+04  1.0000E+00  0.0000E+00  0.0000E+00  1.5000E+00
4.0300E-01  4.9720E+03  1.1890E+04  1.0000E+00  0.0000E+00  0.0000E+00  1.5000E+00
4.5274E-01  4.9647E+03  1.3370E+04  1.0000E+00  0.0000E+00  0.0000E+00  1.5000E+00
5.0865E-01  4.9646E+03  1.5020E+04  1.0000E+00  0.0000E+00  0.0000E+00  1.5000E+00
5.7156E-01  4.9676E+03  1.6850E+04  1.0000E+00  0.0000E+00  0.0000E+00  1.5000E+00
6.4249E-01  4.9726E+03  1.8850E+04  1.0000E+00  0.0000E+00  0.0000E+00  1.5000E+00
7.2259E-01  4.9822E+03  2.1040E+04  1.0000E+00  0.0000E+00  0.0000E+00  1.5000E+00
8.1328E-01  4.9967E+03  2.3410E+04  1.0000E+00  0.0000E+00  0.0000E+00  1.5000E+00
9.1618E-01  5.0134E+03  2.6020E+04  1.0000E+00  0.0000E+00  0.0000E+00  1.5000E+00
1.0330E+00  5.0255E+03  2.8910E+04  1.0000E+00  0.0000E+00  0.0000E+00  1.5000E+00
1.1655E+00  5.0332E+03  3.2160E+04  1.0000E+00  0.0000E+00  0.0000E+00  1.5000E+00
1.3160E+00  5.0498E+03  3.5730E+04  1.0000E+00  0.0000E+00  0.0000E+00  1.5000E+00
1.4870E+00  5.0860E+03  3.9560E+04  1.0000E+00  0.0000E+00  0.0000E+00  1.5000E+00
1.6819E+00  5.1146E+03  4.3620E+04  1.0000E+00  0.0000E+00  0.0000E+00  1.5000E+00
1.9034E+00  5.1959E+03  4.8360E+04  1.0000E+00  0.0000E+00  0.0000E+00  1.5000E+00
2.1509E+00  5.2897E+03  5.3830E+04  1.0000E+00  0.0000E+00  0.0000E+00  1.5000E+00
2.4261E+00  5.3800E+03  5.9590E+04  1.0000E+00  0.0000E+00  0.0000E+00  1.5000E+00
2.7250E+00  5.5080E+03  6.6080E+04  1.0000E+00  0.0000E+00  0.0000E+00  1.5000E+00
3.0332E+00  5.6751E+03  7.3450E+04  1.0000E+00  0.0000E+00  0.0000E+00  1.5000E+00
3.3371E+00  5.8527E+03  8.0110E+04  1.0000E+00  0.0000E+00  0.0000E+00  1.5000E+00
3.6259E+00  6.0364E+03  8.5330E+04  1.0000E+00  0.0000E+00  0.0000E+00  1.5000E+00
3.8933E+00  6.2408E+03  9.0240E+04  1.0000E+00  0.0000E+00  0.0000E+00  1.5000E+00
4.1374E+00  6.4456E+03  9.4420E+04  1.0000E+00  0.0000E+00  0.0000E+00  1.5000E+00
4.3628E+00  6.6392E+03  9.8320E+04  1.0000E+00  0.0000E+00  0.0000E+00  1.5000E+00
4.5732E+00  6.8341E+03  1.0240E+05  1.0000E+00  0.0000E+00  0.0000E+00  1.5000E+00
4.7653E+00  7.0692E+03  1.0580E+05  1.0000E+00  0.0000E+00  0.0000E+00  1.5000E+00
4.9324E+00  7.3919E+03  1.0740E+05  1.0000E+00  0.0000E+00  0.0000E+00  1.5000E+00
5.0419E+00  7.8088E+03  1.0770E+05  1.0000E+00  0.0000E+00  0.0000E+00  1.5000E+00
5.1466E+00  8.2365E+03  1.0800E+05  1.0000E+00  0.0000E+00  0.0000E+00  1.5000E+00
5.2226E+00  8.5507E+03  1.0780E+05  1.0000E+00  0.0000E+00  0.0000E+00  1.5000E+00
5.2937E+00  8.8431E+03  1.0760E+05  1.0000E+00  0.0000E+00  0.0000E+00  1.5000E+00
5.3650E+00  9.1155E+03  1.0750E+05  1.0000E+00  0.0000E+00  0.0000E+00  1.5000E+00
5.4333E+00  9.2765E+03  1.0770E+05  1.0000E+00  0.0000E+00  0.0000E+00  1.5000E+00
5.5025E+00  9.4376E+03  1.0800E+05  1.0000E+00  0.0000E+00  0.0000E+00  1.5000E+00
5.5797E+00  9.5562E+03  1.0880E+05  1.0000E+00  0.0000E+00  0.0000E+00  1.5000E+00
5.6628E+00  9.6463E+03  1.0990E+05  1.0000E+00  0.0000E+00  0.0000E+00  1.5000E+00
5.7578E+00  9.7205E+03  1.1190E+05  1.0000E+00  0.0000E+00  0.0000E+00  1.5000E+00
5.8638E+00  9.7810E+03  1.1480E+05  1.0000E+00  0.0000E+00  0.0000E+00  1.5000E+00
5.9925E+00  9.8327E+03  1.1890E+05  1.0000E+00  0.0000E+00  0.0000E+00  1.5000E+00
6.1384E+00  9.8913E+03  1.2420E+05  1.0000E+00  0.0000E+00  0.0000E+00  1.5000E+00
6.3049E+00  9.9655E+03  1.3110E+05  1.0000E+00  0.0000E+00  0.0000E+00  1.5000E+00
6.4921E+00  1.0057E+04  1.3990E+05  1.0000E+00  0.0000E+00  0.0000E+00  1.5000E+00
6.7003E+00  1.0152E+04  1.5040E+05  1.0000E+00  0.0000E+00  0.0000E+00  1.5000E+00
6.9318E+00  1.0244E+04  1.6120E+05  1.0000E+00  0.0000E+00  0.0000E+00  1.5000E+00
7.1892E+00  1.0342E+04  1.7300E+05  1.0000E+00  0.0000E+00  0.0000E+00  1.5000E+00
7.4747E+00  1.0439E+04  1.8610E+05  1.0000E+00  0.0000E+00  0.0000E+00  1.5000E+00
7.7929E+00  1.0529E+04  1.9910E+05  1.0000E+00  0.0000E+00  0.0000E+00  1.5000E+00
8.1496E+00  1.0618E+04  2.1120E+05  1.0000E+00  0.0000E+00  0.0000E+00  1.5000E+00
8.5558E+00  1.0700E+04  2.2200E+05  1.0000E+00  0.0000E+00  0.0000E+00  1.5000E+00
9.0184E+00  1.0772E+04  2.3220E+05  1.0000E+00  0.0000E+00  0.0000E+00  1.5000E+00
9.5550E+00  1.0832E+04  2.4260E+05  1.0000E+00  0.0000E+00  0.0000E+00  1.5000E+00
