9.2501E-03  3.6541E+03  1.9680E+02  1.0000E+00  0.0000E+00  0.0000E+00  1.5000E+00
1.0683E-02  3.6611E+03  2.2600E+02  1.0000E+00  0.0000E+00  0.0000E+00  1.5000E+00
1.2314E-02  3.6923E+03  2.5850E+02  1.0000E+00  0.0000E+00  0.0000E+00  1.5000E+00
1.4161E-02  3.7277E+03  2.9520E+02  1.0000E+00  0.0000E+00  0.0000E+00  1.5000E+00
1.6240E-02  3.7658E+03  3.3830E+02  1.0000E+00  0.0000E+00  0.0000E+00  1.5000E+00
1.8586E-02  3.7880E+03  3.8770E+02  1.0000E+00  0.0000E+00  0.0000E+00  1.5000E+00
2.1225E-02  3.8231E+03  4.4530E+02  1.0000E+00  0.0000E+00  0.0000E+00  1.5000E+00
2.4176E-02  3.8747E+03  5.1260E+02  1.0000E+00  0.0000E+00  0.0000E+00  1.5000E+00
2.7449E-02  3.9242E+03  5.9080E+02  1.0000E+00  0.0000E+00  0.0000E+00  1.5000E+00
3.1099E-02  3.9816E+03  6.8000E+02  1.0000E+00  0.0000E+00  0.0000E+00  1.5000E+00
3.5152E-02  4.0395E+03  7.8280E+02  1.0000E+00  0.0000E+00  0.0000E+00  1.5000E+00
3.9655E-02  4.1118E+03  9.0650E+02  1.0000E+00  0.0000E+00  0.0000E+00  1.5000E+00
4.4642E-02  4.2031E+03  1.0580E+03  1.0000E+00  0.0000E+00  0.0000E+00  1.5000E+00
5.0161E-02  4.3033E+03  1.2440E+03  1.0000E+00  0.0000E+00  0.0000E+00  1.5000E+00
5.6281E-02  4.3945E+03  1.4660E+03  1.0000E+00  0.0000E+00  0.0000E+00  1.5000E+00
6.3071E-02  4.4614E+03  1.7150E+03  1.0000E+00  0.0000E+00  0.0000E+00  1.5000E+00
7.0622E-02  4.5109E+03  1.9790E+03  1.0000E+00  0.0000E+00  0.0000E+00  1.5000E+00
7.9064E-02  4.5532E+03  2.2650E+03  1.0000E+00  0.0000E+00  0.0000E+00  1.5000E+00
8.8511E-02  4.5819E+03  2.5800E+03  1.0000E+00  0.0000E+00  0.0000E+00  1.5000E+00
9.9094E-02  4.5896E+03  2.9140E+03  1.0000E+00  0.0000E+00  0.0000E+00  1.5000E+00
1.1098E-01  4.5764E+03  3.2580E+03  1.0000E+00  0.0000E+00  0.0000E+00  1.5000E+00
1.2436E-01  4.5634E+03  3.6310E+03  1.0000E+00  0.0000E+00  0.0000E+00  1.5000E+00
1.3949E-01  4.5620E+03  4.0460E+03  1.0000E+00  0.0000E+00  0.0000E+00  1.5000E+00
1.5663E-01  4.5718E+03  4.5180E+03  1.0000E+00  0.0000E+00  0.0000E+00  1.5000E+00
1.7605E-01  4.5821E+03  5.0370E+03  1.0000E+00  0.0000E+00  0.0000E+00  1.5000E+00
1.9808E-01  4.5951E+03  5.6150E+03  1.0000E+00  0.0000E+00  0.0000E+00  1.5000E+00
2.2306E-01  4.6211E+03  6.2750E+03  1.0000E+00  0.0000E+00  0.0000E+00  1.5000E+00
2.5135E-01  4.6576E+03  7.0350E+03  1.0000E+00  0.0000E+00  0.0000E+00  1.5000E+00
2.8330E-01  4.7066E+03  7.9520E+03  1.0000E+00  0.0000E+00  0.0000E+00  1.5000E+00
3.1917E-01  4.7602E+03  9.0370E+03  1.0000E+00  0.0000E+00  0.0000E+00  1.5000E+00
3.5932E-01  4.8224E+03  1.0310E+04  1.0000E+00  0.0000E+00  0.0000E+00  1.5000E+00
4.0420E-01  4.8740E+03  1.1690E+04  1.0000E+00  0.0000E+00  0.0000E+00  1.5000E+00
4.5450E-01  4.9148E+03  1.3190E+04  1.0000E+00  0.0000E+00  0.0000E+00  1.5000E+00
5.1106E-01  4.9421E+03  1.4810E+04  1.0000E+00  0.0000E+00  0.0000E+00  1.5000E+00
5.7477E-01  4.9594E+03  1.6580E+04  1.0000E+00  0.0000E+00  0.0000E+00  1.5000E+00
6.4654E-01  4.9872E+03  1.8610E+04  1.0000E+00  0.0000E+00  0.0000E+00  1.5000E+00
7.2740E-01  5.0179E+03  2.0830E+04  1.0000E+00  0.0000E+00  0.0000E+00  1.5000E+00
8.1849E-01  5.0547E+03  2.3290E+04  1.0000E+00  0.0000E+00  0.0000E+00  1.5000E+00
9.2131E-01  5.0902E+03  2.5980E+04  1.0000E+00  0.0000E+00  0.0000E+00  1.5000E+00
1.0378E+00  5.1177E+03  2.8770E+04  1.0000E+00  0.0000E+00  0.0000E+00  1.5000E+00
1.1701E+00  5.1433E+03  3.1820E+04  1.0000E+00  0.0000E+00  0.0000E+00  1.5000E+00
1.3210E+00  5.1628E+03  3.5080E+04  1.0000E+00  0.0000E+00  0.0000E+00  1.5000E+00
1.4928E+00  5.1885E+03  3.8770E+04  1.0000E+00  0.0000E+00  0.0000E+00  1.5000E+00
1.6876E+00  5.2234E+03  4.3070E+04  1.0000E+00  0.0000E+00  0.0000E+00  1.5000E+00
1.9063E+00  5.2833E+03  4.8180E+04  1.0000E+00  0.0000E+00  0.0000E+00  1.5000E+00
2.1486E+00  5.3587E+03  5.3910E+04  1.0000E+00  0.0000E+00  0.0000E+00  1.5000E+00
2.4163E+00  5.4289E+03  5.9840E+04  1.0000E+00  0.0000E+00  0.0000E+00  1.5000E+00
2.7111E+00  5.5096E+03  6.6360E+04  1.0000E+00  0.0000E+00  0.0000E+00  1.5000E+00
3.0308E+00  5.5997E+03  7.3170E+04  1.0000E+00  0.0000E+00  0.0000E+00  1.5000E+00
3.3693E+00  5.7137E+03  8.1200E+04  1.0000E+00  0.0000E+00  0.0000E+00  1.5000E+00
3.7144E+00  5.8449E+03  9.0590E+04  1.0000E+00  0.0000E+00  0.0000E+00  1.5000E+00
4.0590E+00  5.9750E+03  1.0040E+05  1.0000E+00  0.0000E+00  0.0000E+00  1.5000E+00
4.3984E+00  6.1121E+03  1.0970E+05  1.0000E+00  0.0000E+00  0.0000E+00  1.5000E+00
4.7349E+00  6.2534E+03  1.1800E+05  1.0000E+00  0.0000E+00  0.0000E+00  1.5000E+00
5.0595E+00  6.4224E+03  1.2680E+05  1.0000E+00  0.0000E+00  0.0000E+00  1.5000E+00
5.3608E+00  6.6180E+03  1.3570E+05  1.0000E+00  0.0000E+00  0.0000E+00  1.5000E+00
5.6305E+00  6.8497E+03  1.4360E+05  1.0000E+00  0.0000E+00  0.0000E+00  1.5000E+00
5.8771E+00  7.0893E+03  1.5060E+05  1.0000E+00  0.0000E+00  0.0000E+00  1.5000E+00
6.1053E+00  7.2605E+03  1.5640E+05  1.0000E+00  0.0000E+00  0.0000E+00  1.5000E+00
6.3027E+00  7.5498E+03  1.6020E+05  1.0000E+00  0.0000E+00  0.0000E+00  1.5000E+00
6.4922E+00  7.8807E+03  1.6350E+05  1.0000E+00  0.0000E+00  0.0000E+00  1.5000E+00
6.6011E+00  8.2916E+03  1.6470E+05  1.0000E+00  0.0000E+00  0.0000E+00  1.5000E+00
6.7098E+00  8.7045E+03  1.6590E+05  1.0000E+00  0.0000E+00  0.0000E+00  1.5000E+00
6.8142E+00  9.0889E+03  1.6700E+05  1.0000E+00  0.0000E+00  0.0000E+00  1.5000E+00
6.8924E+00  9.3469E+03  1.6810E+05  1.0000E+00  0.0000E+00  0.0000E+00  1.5000E+00
6.9715E+00  9.6049E+03  1.6910E+05  1.0000E+00  0.0000E+00  0.0000E+00  1.5000E+00
7.0515E+00  9.8629E+03  1.7020E+05  1.0000E+00  0.0000E+00  0.0000E+00  1.5000E+00
7.1372E+00  1.0018E+04  1.7140E+05  1.0000E+00  0.0000E+00  0.0000E+00  1.5000E+00
7.2254E+00  1.0142E+04  1.7270E+05  1.0000E+00  0.0000E+00  0.0000E+00  1.5000E+00
7.3148E+00  1.0266E+04  1.7400E+05  1.0000E+00  0.0000E+00  0.0000E+00  1.5000E+00
7.4303E+00  1.0330E+04  1.7700E+05  1.0000E+00  0.0000E+00  0.0000E+00  1.5000E+00
7.5503E+00  1.0387E+04  1.8020E+05  1.0000E+00  0.0000E+00  0.0000E+00  1.5000E+00
7.7031E+00  1.0421E+04  1.8400E+05  1.0000E+00  0.0000E+00  0.0000E+00  1.5000E+00
7.8755E+00  1.0449E+04  1.8830E+05  1.0000E+00  0.0000E+00  0.0000E+00  1.5000E+00
8.0858E+00  1.0480E+04  1.9390E+05  1.0000E+00  0.0000E+00  0.0000E+00  1.5000E+00
8.3400E+00  1.0513E+04  2.0040E+05  1.0000E+00  0.0000E+00  0.0000E+00  1.5000E+00
8.6390E+00  1.0556E+04  2.0920E+05  1.0000E+00  0.0000E+00  0.0000E+00  1.5000E+00
8.9884E+00  1.0624E+04  2.1980E+05  1.0000E+00  0.0000E+00  0.0000E+00  1.5000E+00
9.3798E+00  1.0758E+04  2.3230E+05  1.0000E+00  0.0000E+00  0.0000E+00  1.5000E+00
9.7897E+00  1.0963E+04  2.4510E+05  1.0000E+00  0.0000E+00  0.0000E+00  1.5000E+00
1.0223E+01  1.1076E+04  2.5840E+05  1.0000E+00  0.0000E+00  0.0000E+00  1.5000E+00
