1.0968E-02  3.4108E+03  1.9480E+02  1.0000E+00  0.0000E+00  0.0000E+00  1.5000E+00
1.2639E-02  3.4703E+03  2.2840E+02  1.0000E+00  0.0000E+00  0.0000E+00  1.5000E+00
1.4432E-02  3.5602E+03  2.7170E+02  1.0000E+00  0.0000E+00  0.0000E+00  1.5000E+00
1.6288E-02  3.6763E+03  3.2780E+02  1.0000E+00  0.0000E+00  0.0000E+00  1.5000E+00
1.8241E-02  3.7730E+03  3.8970E+02  1.0000E+00  0.0000E+00  0.0000E+00  1.5000E+00
2.0375E-02  3.8152E+03  4.4620E+02  1.0000E+00  0.0000E+00  0.0000E+00  1.5000E+00
2.2804E-02  3.8233E+03  4.9910E+02  1.0000E+00  0.0000E+00  0.0000E+00  1.5000E+00
2.5589E-02  3.8366E+03  5.5980E+02  1.0000E+00  0.0000E+00  0.0000E+00  1.5000E+00
2.8755E-02  3.8644E+03  6.3380E+02  1.0000E+00  0.0000E+00  0.0000E+00  1.5000E+00
3.2320E-02  3.9000E+03  7.2040E+02  1.0000E+00  0.0000E+00  0.0000E+00  1.5000E+00
3.6314E-02  3.9421E+03  8.2130E+02  1.0000E+00  0.0000E+00  0.0000E+00  1.5000E+00
4.0770E-02  3.9905E+03  9.3930E+02  1.0000E+00  0.0000E+00  0.0000E+00  1.5000E+00
4.5724E-02  4.0434E+03  1.0770E+03  1.0000E+00  0.0000E+00  0.0000E+00  1.5000E+00
5.1222E-02  4.1029E+03  1.2360E+03  1.0000E+00  0.0000E+00  0.0000E+00  1.5000E+00
5.7339E-02  4.1648E+03  1.4150E+03  1.0000E+00  0.0000E+00  0.0000E+00  1.5000E+00
6.4169E-02  4.2228E+03  1.6140E+03  1.0000E+00  0.0000E+00  0.0000E+00  1.5000E+00
7.1828E-02  4.2796E+03  1.8370E+03  1.0000E+00  0.0000E+00  0.0000E+00  1.5000E+00
8.0407E-02  4.3396E+03  2.1060E+03  1.0000E+00  0.0000E+00  0.0000E+00  1.5000E+00
8.9971E-02  4.4234E+03  2.4420E+03  1.0000E+00  0.0000E+00  0.0000E+00  1.5000E+00
1.0062E-01  4.5064E+03  2.8360E+03  1.0000E+00  0.0000E+00  0.0000E+00  1.5000E+00
1.1247E-01  4.5742E+03  3.2840E+03  1.0000E+00  0.0000E+00  0.0000E+00  1.5000E+00
1.2564E-01  4.6392E+03  3.8030E+03  1.0000E+00  0.0000E+00  0.0000E+00  1.5000E+00
1.4026E-01  4.7023E+03  4.4010E+03  1.0000E+00  0.0000E+00  0.0000E+00  1.5000E+00
1.5649E-01  4.7492E+03  5.0530E+03  1.0000E+00  0.0000E+00  0.0000E+00  1.5000E+00
1.7460E-01  4.7662E+03  5.7170E+03  1.0000E+00  0.0000E+00  0.0000E+00  1.5000E+00
1.9496E-01  4.7567E+03  6.3740E+03  1.0000E+00  0.0000E+00  0.0000E+00  1.5000E+00
2.1800E-01  4.7332E+03  7.0440E+03  1.0000E+00  0.0000E+00  0.0000E+00  1.5000E+00
2.4418E-01  4.7082E+03  7.7610E+03  1.0000E+00  0.0000E+00  0.0000E+00  1.5000E+00
2.7402E-01  4.6901E+03  8.5570E+03  1.0000E+00  0.0000E+00  0.0000E+00  1.5000E+00
3.0805E-01  4.6718E+03  9.4240E+03  1.0000E+00  0.0000E+00  0.0000E+00  1.5000E+00
3.4690E-01  4.6489E+03  1.0380E+04  1.0000E+00  0.0000E+00  0.0000E+00  1.5000E+00
3.9126E-01  4.6234E+03  1.1470E+04  1.0000E+00  0.0000E+00  0.0000E+00  1.5000E+00
4.4180E-01  4.6068E+03  1.2740E+04  1.0000E+00  0.0000E+00  0.0000E+00  1.5000E+00
4.9923E-01  4.6115E+03  1.4230E+04  1.0000E+00  0.0000E+00  0.0000E+00  1.5000E+00
5.6422E-01  4.6347E+03  1.5960E+04  1.0000E+00  0.0000E+00  0.0000E+00  1.5000E+00
6.3760E-01  4.6630E+03  1.7910E+04  1.0000E+00  0.0000E+00  0.0000E+00  1.5000E+00
7.2040E-01  4.6959E+03  2.0110E+04  1.0000E+00  0.0000E+00  0.0000E+00  1.5000E+00
8.1369E-01  4.7447E+03  2.2620E+04  1.0000E+00  0.0000E+00  0.0000E+00  1.5000E+00
9.1868E-01  4.8038E+03  2.5470E+04  1.0000E+00  0.0000E+00  0.0000E+00  1.5000E+00
1.0367E+00  4.8653E+03  2.8710E+04  1.0000E+00  0.0000E+00  0.0000E+00  1.5000E+00
1.1693E+00  4.9289E+03  3.2360E+04  1.0000E+00  0.0000E+00  0.0000E+00  1.5000E+00
1.3185E+00  4.9938E+03  3.6380E+04  1.0000E+00  0.0000E+00  0.0000E+00  1.5000E+00
1.4863E+00  5.0599E+03  4.0810E+04  1.0000E+00  0.0000E+00  0.0000E+00  1.5000E+00
1.6748E+00  5.1349E+03  4.5750E+04  1.0000E+00  0.0000E+00  0.0000E+00  1.5000E+00
1.8859E+00  5.2221E+03  5.1310E+04  1.0000E+00  0.0000E+00  0.0000E+00  1.5000E+00
2.1198E+00  5.3201E+03  5.7430E+04  1.0000E+00  0.0000E+00  0.0000E+00  1.5000E+00
2.3770E+00  5.4216E+03  6.3890E+04  1.0000E+00  0.0000E+00  0.0000E+00  1.5000E+00
2.6567E+00  5.5276E+03  7.0240E+04  1.0000E+00  0.0000E+00  0.0000E+00  1.5000E+00
2.9582E+00  5.6404E+03  7.6130E+04  1.0000E+00  0.0000E+00  0.0000E+00  1.5000E+00
3.2765E+00  5.7733E+03  8.1170E+04  1.0000E+00  0.0000E+00  0.0000E+00  1.5000E+00
3.5989E+00  5.9380E+03  8.5230E+04  1.0000E+00  0.0000E+00  0.0000E+00  1.5000E+00
3.9186E+00  6.0994E+03  8.8040E+04  1.0000E+00  0.0000E+00  0.0000E+00  1.5000E+00
4.2316E+00  6.2622E+03  9.0480E+04  1.0000E+00  0.0000E+00  0.0000E+00  1.5000E+00
4.5358E+00  6.4292E+03  9.3200E+04  1.0000E+00  0.0000E+00  0.0000E+00  1.5000E+00
4.8272E+00  6.6156E+03  9.6690E+04  1.0000E+00  0.0000E+00  0.0000E+00  1.5000E+00
5.0924E+00  6.8387E+03  1.0040E+05  1.0000E+00  0.0000E+00  0.0000E+00  1.5000E+00
5.3381E+00  7.0342E+03  1.0470E+05  1.0000E+00  0.0000E+00  0.0000E+00  1.5000E+00
5.5753E+00  7.1962E+03  1.1070E+05  1.0000E+00  0.0000E+00  0.0000E+00  1.5000E+00
5.8047E+00  7.3822E+03  1.1900E+05  1.0000E+00  0.0000E+00  0.0000E+00  1.5000E+00
6.0328E+00  7.5116E+03  1.2800E+05  1.0000E+00  0.0000E+00  0.0000E+00  1.5000E+00
6.2827E+00  7.5187E+03  1.4010E+05  1.0000E+00  0.0000E+00  0.0000E+00  1.5000E+00
6.5422E+00  7.7267E+03  1.5220E+05  1.0000E+00  0.0000E+00  0.0000E+00  1.5000E+00
6.7100E+00  8.2161E+03  1.5980E+05  1.0000E+00  0.0000E+00  0.0000E+00  1.5000E+00
6.8687E+00  8.7418E+03  1.6700E+05  1.0000E+00  0.0000E+00  0.0000E+00  1.5000E+00
6.9529E+00  9.1264E+03  1.6940E+05  1.0000E+00  0.0000E+00  0.0000E+00  1.5000E+00
7.0352E+00  9.5059E+03  1.7160E+05  1.0000E+00  0.0000E+00  0.0000E+00  1.5000E+00
7.1186E+00  9.8854E+03  1.7390E+05  1.0000E+00  0.0000E+00  0.0000E+00  1.5000E+00
7.1996E+00  1.0121E+04  1.7620E+05  1.0000E+00  0.0000E+00  0.0000E+00  1.5000E+00
7.2794E+00  1.0263E+04  1.7860E+05  1.0000E+00  0.0000E+00  0.0000E+00  1.5000E+00
7.3601E+00  1.0405E+04  1.8100E+05  1.0000E+00  0.0000E+00  0.0000E+00  1.5000E+00
7.4506E+00  1.0532E+04  1.8350E+05  1.0000E+00  0.0000E+00  0.0000E+00  1.5000E+00
7.5549E+00  1.0637E+04  1.8610E+05  1.0000E+00  0.0000E+00  0.0000E+00  1.5000E+00
7.6607E+00  1.0743E+04  1.8880E+05  1.0000E+00  0.0000E+00  0.0000E+00  1.5000E+00
7.7995E+00  1.0794E+04  1.9190E+05  1.0000E+00  0.0000E+00  0.0000E+00  1.5000E+00
7.9476E+00  1.0844E+04  1.9530E+05  1.0000E+00  0.0000E+00  0.0000E+00  1.5000E+00
8.1304E+00  1.0888E+04  1.9960E+05  1.0000E+00  0.0000E+00  0.0000E+00  1.5000E+00
8.3470E+00  1.0931E+04  2.0480E+05  1.0000E+00  0.0000E+00  0.0000E+00  1.5000E+00
8.6019E+00  1.0973E+04  2.1120E+05  1.0000E+00  0.0000E+00  0.0000E+00  1.5000E+00
8.9034E+00  1.1017E+04  2.1890E+05  1.0000E+00  0.0000E+00  0.0000E+00  1.5000E+00
9.2575E+00  1.1069E+04  2.2870E+05  1.0000E+00  0.0000E+00  0.0000E+00  1.5000E+00
9.6721E+00  1.1143E+04  2.4120E+05  1.0000E+00  0.0000E+00  0.0000E+00  1.5000E+00
