7.7991E-03  3.7575E+03  2.2850E+02  1.0000E+00  0.0000E+00  0.0000E+00  1.5000E+00
9.0662E-03  3.7854E+03  2.5710E+02  1.0000E+00  0.0000E+00  0.0000E+00  1.5000E+00
1.0520E-02  3.8190E+03  2.8840E+02  1.0000E+00  0.0000E+00  0.0000E+00  1.5000E+00
1.2194E-02  3.8329E+03  3.2100E+02  1.0000E+00  0.0000E+00  0.0000E+00  1.5000E+00
1.4129E-02  3.8295E+03  3.5970E+02  1.0000E+00  0.0000E+00  0.0000E+00  1.5000E+00
1.6358E-02  3.8372E+03  4.0580E+02  1.0000E+00  0.0000E+00  0.0000E+00  1.5000E+00
1.8891E-02  3.8677E+03  4.6160E+02  1.0000E+00  0.0000E+00  0.0000E+00  1.5000E+00
2.1740E-02  3.9109E+03  5.2870E+02  1.0000E+00  0.0000E+00  0.0000E+00  1.5000E+00
2.4926E-02  3.9750E+03  6.0830E+02  1.0000E+00  0.0000E+00  0.0000E+00  1.5000E+00
2.8447E-02  4.0770E+03  7.0730E+02  1.0000E+00  0.0000E+00  0.0000E+00  1.5000E+00
3.2323E-02  4.2363E+03  8.5500E+02  1.0000E+00  0.0000E+00  0.0000E+00  1.5000E+00
3.6550E-02  4.4734E+03  1.0910E+03  1.0000E+00  0.0000E+00  0.0000E+00  1.5000E+00
4.1116E-02  4.6601E+03  1.3680E+03  1.0000E+00  0.0000E+00  0.0000E+00  1.5000E+00
4.6095E-02  4.7212E+03  1.5990E+03  1.0000E+00  0.0000E+00  0.0000E+00  1.5000E+00
5.1651E-02  4.6988E+03  1.7880E+03  1.0000E+00  0.0000E+00  0.0000E+00  1.5000E+00
5.7938E-02  4.6769E+03  1.9860E+03  1.0000E+00  0.0000E+00  0.0000E+00  1.5000E+00
6.5056E-02  4.6578E+03  2.2050E+03  1.0000E+00  0.0000E+00  0.0000E+00  1.5000E+00
7.3114E-02  4.6273E+03  2.4340E+03  1.0000E+00  0.0000E+00  0.0000E+00  1.5000E+00
8.2242E-02  4.5853E+03  2.6750E+03  1.0000E+00  0.0000E+00  0.0000E+00  1.5000E+00
9.2576E-02  4.5466E+03  2.9470E+03  1.0000E+00  0.0000E+00  0.0000E+00  1.5000E+00
1.0427E-01  4.5137E+03  3.2620E+03  1.0000E+00  0.0000E+00  0.0000E+00  1.5000E+00
1.1749E-01  4.4834E+03  3.6170E+03  1.0000E+00  0.0000E+00  0.0000E+00  1.5000E+00
1.3250E-01  4.4524E+03  4.0060E+03  1.0000E+00  0.0000E+00  0.0000E+00  1.5000E+00
1.4959E-01  4.4192E+03  4.4250E+03  1.0000E+00  0.0000E+00  0.0000E+00  1.5000E+00
1.6915E-01  4.3847E+03  4.8790E+03  1.0000E+00  0.0000E+00  0.0000E+00  1.5000E+00
1.9166E-01  4.3509E+03  5.3740E+03  1.0000E+00  0.0000E+00  0.0000E+00  1.5000E+00
2.1767E-01  4.3227E+03  5.9240E+03  1.0000E+00  0.0000E+00  0.0000E+00  1.5000E+00
2.4768E-01  4.3042E+03  6.5460E+03  1.0000E+00  0.0000E+00  0.0000E+00  1.5000E+00
2.8221E-01  4.2975E+03  7.2620E+03  1.0000E+00  0.0000E+00  0.0000E+00  1.5000E+00
3.2178E-01  4.3019E+03  8.0920E+03  1.0000E+00  0.0000E+00  0.0000E+00  1.5000E+00
3.6678E-01  4.3191E+03  9.0600E+03  1.0000E+00  0.0000E+00  0.0000E+00  1.5000E+00
4.1740E-01  4.3568E+03  1.0220E+04  1.0000E+00  0.0000E+00  0.0000E+00  1.5000E+00
4.7386E-01  4.4139E+03  1.1610E+04  1.0000E+00  0.0000E+00  0.0000E+00  1.5000E+00
5.3611E-01  4.4917E+03  1.3280E+04  1.0000E+00  0.0000E+00  0.0000E+00  1.5000E+00
6.0454E-01  4.5847E+03  1.5270E+04  1.0000E+00  0.0000E+00  0.0000E+00  1.5000E+00
6.7992E-01  4.6846E+03  1.7560E+04  1.0000E+00  0.0000E+00  0.0000E+00  1.5000E+00
7.6308E-01  4.7815E+03  2.0170E+04  1.0000E+00  0.0000E+00  0.0000E+00  1.5000E+00
8.5552E-01  4.8682E+03  2.3050E+04  1.0000E+00  0.0000E+00  0.0000E+00  1.5000E+00
9.5869E-01  4.9406E+03  2.6140E+04  1.0000E+00  0.0000E+00  0.0000E+00  1.5000E+00
1.0745E+00  4.9955E+03  2.9370E+04  1.0000E+00  0.0000E+00  0.0000E+00  1.5000E+00
1.2051E+00  5.0421E+03  3.2830E+04  1.0000E+00  0.0000E+00  0.0000E+00  1.5000E+00
1.3523E+00  5.0952E+03  3.6740E+04  1.0000E+00  0.0000E+00  0.0000E+00  1.5000E+00
1.5170E+00  5.1742E+03  4.1500E+04  1.0000E+00  0.0000E+00  0.0000E+00  1.5000E+00
1.6988E+00  5.2661E+03  4.7110E+04  1.0000E+00  0.0000E+00  0.0000E+00  1.5000E+00
1.8974E+00  5.3590E+03  5.3370E+04  1.0000E+00  0.0000E+00  0.0000E+00  1.5000E+00
2.1122E+00  5.4492E+03  6.0010E+04  1.0000E+00  0.0000E+00  0.0000E+00  1.5000E+00
2.3455E+00  5.5334E+03  6.6740E+04  1.0000E+00  0.0000E+00  0.0000E+00  1.5000E+00
2.5988E+00  5.6166E+03  7.3380E+04  1.0000E+00  0.0000E+00  0.0000E+00  1.5000E+00
2.8691E+00  5.7213E+03  8.0090E+04  1.0000E+00  0.0000E+00  0.0000E+00  1.5000E+00
3.1505E+00  5.8517E+03  8.6710E+04  1.0000E+00  0.0000E+00  0.0000E+00  1.5000E+00
3.4319E+00  6.0052E+03  9.3250E+04  1.0000E+00  0.0000E+00  0.0000E+00  1.5000E+00
3.7033E+00  6.1773E+03  9.9980E+04  1.0000E+00  0.0000E+00  0.0000E+00  1.5000E+00
3.9579E+00  6.3577E+03  1.0640E+05  1.0000E+00  0.0000E+00  0.0000E+00  1.5000E+00
4.1916E+00  6.5565E+03  1.1290E+05  1.0000E+00  0.0000E+00  0.0000E+00  1.5000E+00
4.3977E+00  6.7978E+03  1.1880E+05  1.0000E+00  0.0000E+00  0.0000E+00  1.5000E+00
4.5872E+00  7.0450E+03  1.2430E+05  1.0000E+00  0.0000E+00  0.0000E+00  1.5000E+00
4.7622E+00  7.1914E+03  1.2950E+05  1.0000E+00  0.0000E+00  0.0000E+00  1.5000E+00
4.9174E+00  7.4447E+03  1.3400E+05  1.0000E+00  0.0000E+00  0.0000E+00  1.5000E+00
5.0571E+00  7.7784E+03  1.3810E+05  1.0000E+00  0.0000E+00  0.0000E+00  1.5000E+00
5.1504E+00  8.1572E+03  1.4070E+05  1.0000E+00  0.0000E+00  0.0000E+00  1.5000E+00
5.2067E+00  8.5704E+03  1.4210E+05  1.0000E+00  0.0000E+00  0.0000E+00  1.5000E+00
5.2636E+00  8.9835E+03  1.4350E+05  1.0000E+00  0.0000E+00  0.0000E+00  1.5000E+00
5.3211E+00  9.3967E+03  1.4490E+05  1.0000E+00  0.0000E+00  0.0000E+00  1.5000E+00
5.3776E+00  9.7683E+03  1.4630E+05  1.0000E+00  0.0000E+00  0.0000E+00  1.5000E+00
5.4268E+00  9.9469E+03  1.4740E+05  1.0000E+00  0.0000E+00  0.0000E+00  1.5000E+00
5.4764E+00  1.0126E+04  1.4860E+05  1.0000E+00  0.0000E+00  0.0000E+00  1.5000E+00
5.5265E+00  1.0304E+04  1.4970E+05  1.0000E+00  0.0000E+00  0.0000E+00  1.5000E+00
5.5771E+00  1.0483E+04  1.5090E+05  1.0000E+00  0.0000E+00  0.0000E+00  1.5000E+00
5.6443E+00  1.0554E+04  1.5260E+05  1.0000E+00  0.0000E+00  0.0000E+00  1.5000E+00
5.7157E+00  1.0603E+04  1.5450E+05  1.0000E+00  0.0000E+00  0.0000E+00  1.5000E+00
5.7880E+00  1.0653E+04  1.5630E+05  1.0000E+00  0.0000E+00  0.0000E+00  1.5000E+00
5.8911E+00  1.0696E+04  1.5890E+05  1.0000E+00  0.0000E+00  0.0000E+00  1.5000E+00
5.9991E+00  1.0739E+04  1.6150E+05  1.0000E+00  0.0000E+00  0.0000E+00  1.5000E+00
6.1412E+00  1.0764E+04  1.6500E+05  1.0000E+00  0.0000E+00  0.0000E+00  1.5000E+00
6.3042E+00  1.0794E+04  1.6900E+05  1.0000E+00  0.0000E+00  0.0000E+00  1.5000E+00
6.4992E+00  1.0832E+04  1.7390E+05  1.0000E+00  0.0000E+00  0.0000E+00  1.5000E+00
6.7326E+00  1.0872E+04  1.7970E+05  1.0000E+00  0.0000E+00  0.0000E+00  1.5000E+00
7.0090E+00  1.0921E+04  1.8680E+05  1.0000E+00  0.0000E+00  0.0000E+00  1.5000E+00
7.3324E+00  1.0975E+04  1.9490E+05  1.0000E+00  0.0000E+00  0.0000E+00  1.5000E+00
7.7096E+00  1.1032E+04  2.0420E+05  1.0000E+00  0.0000E+00  0.0000E+00  1.5000E+00
8.1500E+00  1.1094E+04  2.1480E+05  1.0000E+00  0.0000E+00  0.0000E+00  1.5000E+00
