9.3431E-03  3.5831E+03  1.9590E+02  1.0000E+00  0.0000E+00  0.0000E+00  1.5000E+00
1.0825E-02  3.6062E+03  2.2720E+02  1.0000E+00  0.0000E+00  0.0000E+00  1.5000E+00
1.2499E-02  3.6287E+03  2.6320E+02  1.0000E+00  0.0000E+00  0.0000E+00  1.5000E+00
1.4386E-02  3.6633E+03  3.0440E+02  1.0000E+00  0.0000E+00  0.0000E+00  1.5000E+00
1.6484E-02  3.7103E+03  3.5140E+02  1.0000E+00  0.0000E+00  0.0000E+00  1.5000E+00
1.8818E-02  3.7621E+03  4.0510E+02  1.0000E+00  0.0000E+00  0.0000E+00  1.5000E+00
2.1398E-02  3.8210E+03  4.6590E+02  1.0000E+00  0.0000E+00  0.0000E+00  1.5000E+00
2.4265E-02  3.8785E+03  5.3440E+02  1.0000E+00  0.0000E+00  0.0000E+00  1.5000E+00
2.7454E-02  3.9289E+03  6.1240E+02  1.0000E+00  0.0000E+00  0.0000E+00  1.5000E+00
3.1017E-02  3.9758E+03  7.0160E+02  1.0000E+00  0.0000E+00  0.0000E+00  1.5000E+00
3.4989E-02  4.0314E+03  8.0830E+02  1.0000E+00  0.0000E+00  0.0000E+00  1.5000E+00
3.9378E-02  4.1054E+03  9.4050E+02  1.0000E+00  0.0000E+00  0.0000E+00  1.5000E+00
4.4227E-02  4.1835E+03  1.0950E+03  1.0000E+00  0.0000E+00  0.0000E+00  1.5000E+00
4.9613E-02  4.2240E+03  1.2620E+03  1.0000E+00  0.0000E+00  0.0000E+00  1.5000E+00
5.5642E-02  4.2329E+03  1.4340E+03  1.0000E+00  0.0000E+00  0.0000E+00  1.5000E+00
6.2441E-02  4.2421E+03  1.6170E+03  1.0000E+00  0.0000E+00  0.0000E+00  1.5000E+00
7.0120E-02  4.2545E+03  1.8220E+03  1.0000E+00  0.0000E+00  0.0000E+00  1.5000E+00
7.8797E-02  4.2649E+03  2.0510E+03  1.0000E+00  0.0000E+00  0.0000E+00  1.5000E+00
8.8611E-02  4.2767E+03  2.3040E+03  1.0000E+00  0.0000E+00  0.0000E+00  1.5000E+00
9.9720E-02  4.3037E+03  2.5910E+03  1.0000E+00  0.0000E+00  0.0000E+00  1.5000E+00
1.1226E-01  4.3500E+03  2.9220E+03  1.0000E+00  0.0000E+00  0.0000E+00  1.5000E+00
1.2642E-01  4.4062E+03  3.2960E+03  1.0000E+00  0.0000E+00  0.0000E+00  1.5000E+00
1.4241E-01  4.4688E+03  3.7230E+03  1.0000E+00  0.0000E+00  0.0000E+00  1.5000E+00
1.6046E-01  4.5271E+03  4.2180E+03  1.0000E+00  0.0000E+00  0.0000E+00  1.5000E+00
1.8076E-01  4.5852E+03  4.8030E+03  1.0000E+00  0.0000E+00  0.0000E+00  1.5000E+00
2.0354E-01  4.6339E+03  5.4710E+03  1.0000E+00  0.0000E+00  0.0000E+00  1.5000E+00
2.2909E-01  4.6697E+03  6.1870E+03  1.0000E+00  0.0000E+00  0.0000E+00  1.5000E+00
2.5790E-01  4.7017E+03  6.9460E+03  1.0000E+00  0.0000E+00  0.0000E+00  1.5000E+00
2.9050E-01  4.7341E+03  7.7710E+03  1.0000E+00  0.0000E+00  0.0000E+00  1.5000E+00
3.2743E-01  4.7617E+03  8.6900E+03  1.0000E+00  0.0000E+00  0.0000E+00  1.5000E+00
3.6915E-01  4.7903E+03  9.7500E+03  1.0000E+00  0.0000E+00  0.0000E+00  1.5000E+00
4.1626E-01  4.8294E+03  1.0940E+04  1.0000E+00  0.0000E+00  0.0000E+00  1.5000E+00
4.6950E-01  4.8424E+03  1.2230E+04  1.0000E+00  0.0000E+00  0.0000E+00  1.5000E+00
5.2953E-01  4.8098E+03  1.3650E+04  1.0000E+00  0.0000E+00  0.0000E+00  1.5000E+00
5.9728E-01  4.8011E+03  1.5230E+04  1.0000E+00  0.0000E+00  0.0000E+00  1.5000E+00
6.7405E-01  4.8139E+03  1.6940E+04  1.0000E+00  0.0000E+00  0.0000E+00  1.5000E+00
7.6152E-01  4.8410E+03  1.8710E+04  1.0000E+00  0.0000E+00  0.0000E+00  1.5000E+00
8.6139E-01  4.9363E+03  2.0740E+04  1.0000E+00  0.0000E+00  0.0000E+00  1.5000E+00
9.7417E-01  4.9934E+03  2.3530E+04  1.0000E+00  0.0000E+00  0.0000E+00  1.5000E+00
1.0997E+00  4.9840E+03  2.6820E+04  1.0000E+00  0.0000E+00  0.0000E+00  1.5000E+00
1.2402E+00  4.9801E+03  3.0090E+04  1.0000E+00  0.0000E+00  0.0000E+00  1.5000E+00
1.3983E+00  5.0630E+03  3.3930E+04  1.0000E+00  0.0000E+00  0.0000E+00  1.5000E+00
1.5725E+00  5.1993E+03  3.8950E+04  1.0000E+00  0.0000E+00  0.0000E+00  1.5000E+00
1.7603E+00  5.3200E+03  4.4780E+04  1.0000E+00  0.0000E+00  0.0000E+00  1.5000E+00
1.9629E+00  5.3991E+03  5.0760E+04  1.0000E+00  0.0000E+00  0.0000E+00  1.5000E+00
2.1849E+00  5.4489E+03  5.6690E+04  1.0000E+00  0.0000E+00  0.0000E+00  1.5000E+00
2.4308E+00  5.5069E+03  6.2870E+04  1.0000E+00  0.0000E+00  0.0000E+00  1.5000E+00
2.7043E+00  5.5556E+03  6.8960E+04  1.0000E+00  0.0000E+00  0.0000E+00  1.5000E+00
3.0141E+00  5.5897E+03  7.5370E+04  1.0000E+00  0.0000E+00  0.0000E+00  1.5000E+00
3.3585E+00  5.6444E+03  8.3310E+04  1.0000E+00  0.0000E+00  0.0000E+00  1.5000E+00
3.7306E+00  5.7258E+03  9.3540E+04  1.0000E+00  0.0000E+00  0.0000E+00  1.5000E+00
4.1217E+00  5.8501E+03  1.0130E+05  1.0000E+00  0.0000E+00  0.0000E+00  1.5000E+00
4.5223E+00  5.9964E+03  1.0590E+05  1.0000E+00  0.0000E+00  0.0000E+00  1.5000E+00
4.9189E+00  6.1506E+03  1.1570E+05  1.0000E+00  0.0000E+00  0.0000E+00  1.5000E+00
5.2850E+00  6.3330E+03  1.2760E+05  1.0000E+00  0.0000E+00  0.0000E+00  1.5000E+00
5.6321E+00  6.4964E+03  1.3720E+05  1.0000E+00  0.0000E+00  0.0000E+00  1.5000E+00
5.9542E+00  6.7008E+03  1.4780E+05  1.0000E+00  0.0000E+00  0.0000E+00  1.5000E+00
6.2452E+00  6.9484E+03  1.5380E+05  1.0000E+00  0.0000E+00  0.0000E+00  1.5000E+00
6.4969E+00  7.2234E+03  1.5450E+05  1.0000E+00  0.0000E+00  0.0000E+00  1.5000E+00
6.7185E+00  7.4938E+03  1.5480E+05  1.0000E+00  0.0000E+00  0.0000E+00  1.5000E+00
6.9208E+00  7.7834E+03  1.5510E+05  1.0000E+00  0.0000E+00  0.0000E+00  1.5000E+00
7.0882E+00  8.1255E+03  1.5570E+05  1.0000E+00  0.0000E+00  0.0000E+00  1.5000E+00
7.2309E+00  8.4726E+03  1.5780E+05  1.0000E+00  0.0000E+00  0.0000E+00  1.5000E+00
7.3443E+00  8.8252E+03  1.6150E+05  1.0000E+00  0.0000E+00  0.0000E+00  1.5000E+00
7.4594E+00  9.1778E+03  1.6530E+05  1.0000E+00  0.0000E+00  0.0000E+00  1.5000E+00
7.5574E+00  9.3908E+03  1.6750E+05  1.0000E+00  0.0000E+00  0.0000E+00  1.5000E+00
7.6563E+00  9.6015E+03  1.6980E+05  1.0000E+00  0.0000E+00  0.0000E+00  1.5000E+00
7.7584E+00  9.7942E+03  1.7240E+05  1.0000E+00  0.0000E+00  0.0000E+00  1.5000E+00
7.8675E+00  9.9332E+03  1.7620E+05  1.0000E+00  0.0000E+00  0.0000E+00  1.5000E+00
7.9782E+00  1.0072E+04  1.8010E+05  1.0000E+00  0.0000E+00  0.0000E+00  1.5000E+00
8.1115E+00  1.0153E+04  1.8290E+05  1.0000E+00  0.0000E+00  0.0000E+00  1.5000E+00
8.2513E+00  1.0223E+04  1.8550E+05  1.0000E+00  0.0000E+00  0.0000E+00  1.5000E+00
8.4285E+00  1.0259E+04  1.9020E+05  1.0000E+00  0.0000E+00  0.0000E+00  1.5000E+00
8.6353E+00  1.0252E+04  1.9340E+05  1.0000E+00  0.0000E+00  0.0000E+00  1.5000E+00
8.8999E+00  1.0172E+04  1.9460E+05  1.0000E+00  0.0000E+00  0.0000E+00  1.5000E+00
9.2665E+00  1.0027E+04  1.9910E+05  1.0000E+00  0.0000E+00  0.0000E+00  1.5000E+00
9.7657E+00  9.9684E+03  2.0960E+05  1.0000E+00  0.0000E+00  0.0000E+00  1.5000E+00
1.0336E+01  1.0164E+04  2.2470E+05  1.0000E+00  0.0000E+00  0.0000E+00  1.5000E+00
1.0894E+01  1.0377E+04  2.4240E+05  1.0000E+00  0.0000E+00  0.0000E+00  1.5000E+00
1.1521E+01  1.0336E+04  2.5840E+05  1.0000E+00  0.0000E+00  0.0000E+00  1.5000E+00
1.2483E+01  9.8581E+03  2.7250E+05  1.0000E+00  0.0000E+00  0.0000E+00  1.5000E+00
