7.5263E-03  4.0571E+03  2.7420E+02  1.0000E+00  0.0000E+00  0.0000E+00  1.5000E+00
8.6417E-03  4.0851E+03  3.1290E+02  1.0000E+00  0.0000E+00  0.0000E+00  1.5000E+00
9.9056E-03  4.1278E+03  3.6250E+02  1.0000E+00  0.0000E+00  0.0000E+00  1.5000E+00
1.1326E-02  4.1667E+03  4.2270E+02  1.0000E+00  0.0000E+00  0.0000E+00  1.5000E+00
1.2916E-02  4.1920E+03  4.9010E+02  1.0000E+00  0.0000E+00  0.0000E+00  1.5000E+00
1.4699E-02  4.1852E+03  5.5830E+02  1.0000E+00  0.0000E+00  0.0000E+00  1.5000E+00
1.6710E-02  4.1585E+03  6.2820E+02  1.0000E+00  0.0000E+00  0.0000E+00  1.5000E+00
1.8990E-02  4.1245E+03  7.0240E+02  1.0000E+00  0.0000E+00  0.0000E+00  1.5000E+00
2.1586E-02  4.0940E+03  7.8510E+02  1.0000E+00  0.0000E+00  0.0000E+00  1.5000E+00
2.4550E-02  4.0697E+03  8.7920E+02  1.0000E+00  0.0000E+00  0.0000E+00  1.5000E+00
2.7939E-02  4.0489E+03  9.8510E+02  1.0000E+00  0.0000E+00  0.0000E+00  1.5000E+00
3.1823E-02  4.0284E+03  1.1030E+03  1.0000E+00  0.0000E+00  0.0000E+00  1.5000E+00
3.6291E-02  4.0057E+03  1.2320E+03  1.0000E+00  0.0000E+00  0.0000E+00  1.5000E+00
4.1447E-02  3.9845E+03  1.3770E+03  1.0000E+00  0.0000E+00  0.0000E+00  1.5000E+00
4.7393E-02  3.9708E+03  1.5420E+03  1.0000E+00  0.0000E+00  0.0000E+00  1.5000E+00
5.4194E-02  3.9738E+03  1.7410E+03  1.0000E+00  0.0000E+00  0.0000E+00  1.5000E+00
6.1840E-02  4.0033E+03  1.9890E+03  1.0000E+00  0.0000E+00  0.0000E+00  1.5000E+00
7.0253E-02  4.0607E+03  2.3000E+03  1.0000E+00  0.0000E+00  0.0000E+00  1.5000E+00
7.9402E-02  4.1332E+03  2.6680E+03  1.0000E+00  0.0000E+00  0.0000E+00  1.5000E+00
8.9385E-02  4.2020E+03  3.0760E+03  1.0000E+00  0.0000E+00  0.0000E+00  1.5000E+00
1.0041E-01  4.2543E+03  3.5040E+03  1.0000E+00  0.0000E+00  0.0000E+00  1.5000E+00
1.1276E-01  4.2867E+03  3.9440E+03  1.0000E+00  0.0000E+00  0.0000E+00  1.5000E+00
1.2674E-01  4.3043E+03  4.4000E+03  1.0000E+00  0.0000E+00  0.0000E+00  1.5000E+00
1.4265E-01  4.3168E+03  4.8930E+03  1.0000E+00  0.0000E+00  0.0000E+00  1.5000E+00
1.6080E-01  4.3286E+03  5.4360E+03  1.0000E+00  0.0000E+00  0.0000E+00  1.5000E+00
1.8154E-01  4.3391E+03  6.0310E+03  1.0000E+00  0.0000E+00  0.0000E+00  1.5000E+00
2.0525E-01  4.3465E+03  6.6780E+03  1.0000E+00  0.0000E+00  0.0000E+00  1.5000E+00
2.3242E-01  4.3532E+03  7.3880E+03  1.0000E+00  0.0000E+00  0.0000E+00  1.5000E+00
2.6350E-01  4.3642E+03  8.1930E+03  1.0000E+00  0.0000E+00  0.0000E+00  1.5000E+00
2.9891E-01  4.3838E+03  9.1240E+03  1.0000E+00  0.0000E+00  0.0000E+00  1.5000E+00
3.3906E-01  4.4126E+03  1.0210E+04  1.0000E+00  0.0000E+00  0.0000E+00  1.5000E+00
3.8435E-01  4.4497E+03  1.1460E+04  1.0000E+00  0.0000E+00  0.0000E+00  1.5000E+00
4.3527E-01  4.4948E+03  1.2900E+04  1.0000E+00  0.0000E+00  0.0000E+00  1.5000E+00
4.9227E-01  4.5505E+03  1.4570E+04  1.0000E+00  0.0000E+00  0.0000E+00  1.5000E+00
5.5587E-01  4.6173E+03  1.6540E+04  1.0000E+00  0.0000E+00  0.0000E+00  1.5000E+00
6.2676E-01  4.6909E+03  1.8810E+04  1.0000E+00  0.0000E+00  0.0000E+00  1.5000E+00
7.0587E-01  4.7620E+03  2.1360E+04  1.0000E+00  0.0000E+00  0.0000E+00  1.5000E+00
7.9449E-01  4.8234E+03  2.4120E+04  1.0000E+00  0.0000E+00  0.0000E+00  1.5000E+00
8.9419E-01  4.8783E+03  2.7110E+04  1.0000E+00  0.0000E+00  0.0000E+00  1.5000E+00
1.0066E+00  4.9350E+03  3.0450E+04  1.0000E+00  0.0000E+00  0.0000E+00  1.5000E+00
1.1331E+00  4.9964E+03  3.4200E+04  1.0000E+00  0.0000E+00  0.0000E+00  1.5000E+00
1.2756E+00  5.0606E+03  3.8350E+04  1.0000E+00  0.0000E+00  0.0000E+00  1.5000E+00
1.4360E+00  5.1257E+03  4.2860E+04  1.0000E+00  0.0000E+00  0.0000E+00  1.5000E+00
1.6166E+00  5.1949E+03  4.7690E+04  1.0000E+00  0.0000E+00  0.0000E+00  1.5000E+00
1.8196E+00  5.2726E+03  5.2880E+04  1.0000E+00  0.0000E+00  0.0000E+00  1.5000E+00
2.0458E+00  5.3699E+03  5.8510E+04  1.0000E+00  0.0000E+00  0.0000E+00  1.5000E+00
2.2921E+00  5.4938E+03  6.4620E+04  1.0000E+00  0.0000E+00  0.0000E+00  1.5000E+00
2.5526E+00  5.6370E+03  7.1170E+04  1.0000E+00  0.0000E+00  0.0000E+00  1.5000E+00
2.8152E+00  5.7933E+03  7.7760E+04  1.0000E+00  0.0000E+00  0.0000E+00  1.5000E+00
3.0713E+00  5.9619E+03  8.4130E+04  1.0000E+00  0.0000E+00  0.0000E+00  1.5000E+00
3.3153E+00  6.1395E+03  9.0170E+04  1.0000E+00  0.0000E+00  0.0000E+00  1.5000E+00
3.5424E+00  6.3308E+03  9.5690E+04  1.0000E+00  0.0000E+00  0.0000E+00  1.5000E+00
3.7503E+00  6.5398E+03  1.0060E+05  1.0000E+00  0.0000E+00  0.0000E+00  1.5000E+00
3.9409E+00  6.7537E+03  1.0490E+05  1.0000E+00  0.0000E+00  0.0000E+00  1.5000E+00
4.1050E+00  6.9917E+03  1.0970E+05  1.0000E+00  0.0000E+00  0.0000E+00  1.5000E+00
4.2482E+00  7.2603E+03  1.1310E+05  1.0000E+00  0.0000E+00  0.0000E+00  1.5000E+00
4.3798E+00  7.5467E+03  1.1550E+05  1.0000E+00  0.0000E+00  0.0000E+00  1.5000E+00
4.4548E+00  7.9387E+03  1.1690E+05  1.0000E+00  0.0000E+00  0.0000E+00  1.5000E+00
4.5139E+00  8.3601E+03  1.1800E+05  1.0000E+00  0.0000E+00  0.0000E+00  1.5000E+00
4.5738E+00  8.7815E+03  1.1920E+05  1.0000E+00  0.0000E+00  0.0000E+00  1.5000E+00
4.6325E+00  9.1835E+03  1.2030E+05  1.0000E+00  0.0000E+00  0.0000E+00  1.5000E+00
4.6743E+00  9.4172E+03  1.2100E+05  1.0000E+00  0.0000E+00  0.0000E+00  1.5000E+00
4.7164E+00  9.6508E+03  1.2160E+05  1.0000E+00  0.0000E+00  0.0000E+00  1.5000E+00
4.7590E+00  9.8845E+03  1.2230E+05  1.0000E+00  0.0000E+00  0.0000E+00  1.5000E+00
4.8019E+00  1.0118E+04  1.2300E+05  1.0000E+00  0.0000E+00  0.0000E+00  1.5000E+00
4.8520E+00  1.0248E+04  1.2420E+05  1.0000E+00  0.0000E+00  0.0000E+00  1.5000E+00
4.9061E+00  1.0323E+04  1.2570E+05  1.0000E+00  0.0000E+00  0.0000E+00  1.5000E+00
4.9609E+00  1.0398E+04  1.2720E+05  1.0000E+00  0.0000E+00  0.0000E+00  1.5000E+00
5.0262E+00  1.0463E+04  1.2900E+05  1.0000E+00  0.0000E+00  0.0000E+00  1.5000E+00
5.1072E+00  1.0512E+04  1.3150E+05  1.0000E+00  0.0000E+00  0.0000E+00  1.5000E+00
5.1951E+00  1.0558E+04  1.3430E+05  1.0000E+00  0.0000E+00  0.0000E+00  1.5000E+00
5.3069E+00  1.0593E+04  1.3800E+05  1.0000E+00  0.0000E+00  0.0000E+00  1.5000E+00
5.4366E+00  1.0632E+04  1.4240E+05  1.0000E+00  0.0000E+00  0.0000E+00  1.5000E+00
5.5884E+00  1.0677E+04  1.4750E+05  1.0000E+00  0.0000E+00  0.0000E+00  1.5000E+00
5.7680E+00  1.0725E+04  1.5360E+05  1.0000E+00  0.0000E+00  0.0000E+00  1.5000E+00
5.9801E+00  1.0777E+04  1.6050E+05  1.0000E+00  0.0000E+00  0.0000E+00  1.5000E+00
6.2288E+00  1.0830E+04  1.6850E+05  1.0000E+00  0.0000E+00  0.0000E+00  1.5000E+00
6.5191E+00  1.0881E+04  1.7730E+05  1.0000E+00  0.0000E+00  0.0000E+00  1.5000E+00
6.8563E+00  1.0931E+04  1.8690E+05  1.0000E+00  0.0000E+00  0.0000E+00  1.5000E+00
7.2560E+00  1.0976E+04  1.9720E+05  1.0000E+00  0.0000E+00  0.0000E+00  1.5000E+00
7.7261E+00  1.1011E+04  2.0800E+05  1.0000E+00  0.0000E+00  0.0000E+00  1.5000E+00
