8.2662E-03  3.7559E+03  2.0270E+02  1.0000E+00  0.0000E+00  0.0000E+00  1.5000E+00
9.6172E-03  3.7913E+03  2.3290E+02  1.0000E+00  0.0000E+00  0.0000E+00  1.5000E+00
1.1139E-02  3.8363E+03  2.6900E+02  1.0000E+00  0.0000E+00  0.0000E+00  1.5000E+00
1.2858E-02  3.8680E+03  3.0990E+02  1.0000E+00  0.0000E+00  0.0000E+00  1.5000E+00
1.4798E-02  3.8820E+03  3.5640E+02  1.0000E+00  0.0000E+00  0.0000E+00  1.5000E+00
1.6995E-02  3.9096E+03  4.0830E+02  1.0000E+00  0.0000E+00  0.0000E+00  1.5000E+00
1.9469E-02  3.9702E+03  4.6600E+02  1.0000E+00  0.0000E+00  0.0000E+00  1.5000E+00
2.2259E-02  4.0336E+03  5.3050E+02  1.0000E+00  0.0000E+00  0.0000E+00  1.5000E+00
2.5413E-02  4.0787E+03  6.0440E+02  1.0000E+00  0.0000E+00  0.0000E+00  1.5000E+00
2.8957E-02  4.1183E+03  6.9580E+02  1.0000E+00  0.0000E+00  0.0000E+00  1.5000E+00
3.2921E-02  4.1861E+03  8.1050E+02  1.0000E+00  0.0000E+00  0.0000E+00  1.5000E+00
3.7324E-02  4.2717E+03  9.5010E+02  1.0000E+00  0.0000E+00  0.0000E+00  1.5000E+00
4.2237E-02  4.3497E+03  1.1100E+03  1.0000E+00  0.0000E+00  0.0000E+00  1.5000E+00
4.7747E-02  4.4075E+03  1.2770E+03  1.0000E+00  0.0000E+00  0.0000E+00  1.5000E+00
5.3962E-02  4.4544E+03  1.4530E+03  1.0000E+00  0.0000E+00  0.0000E+00  1.5000E+00
6.0986E-02  4.5091E+03  1.6570E+03  1.0000E+00  0.0000E+00  0.0000E+00  1.5000E+00
6.8885E-02  4.5608E+03  1.9040E+03  1.0000E+00  0.0000E+00  0.0000E+00  1.5000E+00
7.7716E-02  4.6061E+03  2.1880E+03  1.0000E+00  0.0000E+00  0.0000E+00  1.5000E+00
8.7564E-02  4.6560E+03  2.5110E+03  1.0000E+00  0.0000E+00  0.0000E+00  1.5000E+00
9.8554E-02  4.7079E+03  2.8800E+03  1.0000E+00  0.0000E+00  0.0000E+00  1.5000E+00
1.1080E-01  4.7599E+03  3.2980E+03  1.0000E+00  0.0000E+00  0.0000E+00  1.5000E+00
1.2445E-01  4.7997E+03  3.7550E+03  1.0000E+00  0.0000E+00  0.0000E+00  1.5000E+00
1.3970E-01  4.8214E+03  4.2410E+03  1.0000E+00  0.0000E+00  0.0000E+00  1.5000E+00
1.5687E-01  4.8155E+03  4.7380E+03  1.0000E+00  0.0000E+00  0.0000E+00  1.5000E+00
1.7626E-01  4.8143E+03  5.2800E+03  1.0000E+00  0.0000E+00  0.0000E+00  1.5000E+00
1.9819E-01  4.8141E+03  5.8870E+03  1.0000E+00  0.0000E+00  0.0000E+00  1.5000E+00
2.2290E-01  4.7952E+03  6.5870E+03  1.0000E+00  0.0000E+00  0.0000E+00  1.5000E+00
2.5068E-01  4.7771E+03  7.3680E+03  1.0000E+00  0.0000E+00  0.0000E+00  1.5000E+00
2.8199E-01  4.7761E+03  8.2280E+03  1.0000E+00  0.0000E+00  0.0000E+00  1.5000E+00
3.1735E-01  4.7898E+03  9.1880E+03  1.0000E+00  0.0000E+00  0.0000E+00  1.5000E+00
3.5734E-01  4.8151E+03  1.0280E+04  1.0000E+00  0.0000E+00  0.0000E+00  1.5000E+00
4.0250E-01  4.8571E+03  1.1540E+04  1.0000E+00  0.0000E+00  0.0000E+00  1.5000E+00
4.5342E-01  4.9042E+03  1.2970E+04  1.0000E+00  0.0000E+00  0.0000E+00  1.5000E+00
5.1071E-01  4.9537E+03  1.4600E+04  1.0000E+00  0.0000E+00  0.0000E+00  1.5000E+00
5.7518E-01  4.9889E+03  1.6340E+04  1.0000E+00  0.0000E+00  0.0000E+00  1.5000E+00
6.4788E-01  5.0219E+03  1.8270E+04  1.0000E+00  0.0000E+00  0.0000E+00  1.5000E+00
7.3008E-01  5.0544E+03  2.0300E+04  1.0000E+00  0.0000E+00  0.0000E+00  1.5000E+00
8.2319E-01  5.1006E+03  2.2510E+04  1.0000E+00  0.0000E+00  0.0000E+00  1.5000E+00
9.2831E-01  5.1783E+03  2.4860E+04  1.0000E+00  0.0000E+00  0.0000E+00  1.5000E+00
1.0458E+00  5.2656E+03  2.7420E+04  1.0000E+00  0.0000E+00  0.0000E+00  1.5000E+00
1.1752E+00  5.3358E+03  3.0750E+04  1.0000E+00  0.0000E+00  0.0000E+00  1.5000E+00
1.3190E+00  5.2960E+03  3.5540E+04  1.0000E+00  0.0000E+00  0.0000E+00  1.5000E+00
1.4839E+00  5.1838E+03  4.0670E+04  1.0000E+00  0.0000E+00  0.0000E+00  1.5000E+00
1.6701E+00  5.1213E+03  4.6680E+04  1.0000E+00  0.0000E+00  0.0000E+00  1.5000E+00
1.8772E+00  5.1874E+03  5.2950E+04  1.0000E+00  0.0000E+00  0.0000E+00  1.5000E+00
2.1056E+00  5.3020E+03  5.9910E+04  1.0000E+00  0.0000E+00  0.0000E+00  1.5000E+00
2.3571E+00  5.3885E+03  6.6410E+04  1.0000E+00  0.0000E+00  0.0000E+00  1.5000E+00
2.6353E+00  5.4794E+03  7.3110E+04  1.0000E+00  0.0000E+00  0.0000E+00  1.5000E+00
2.9389E+00  5.5792E+03  7.9900E+04  1.0000E+00  0.0000E+00  0.0000E+00  1.5000E+00
3.2677E+00  5.6799E+03  8.6780E+04  1.0000E+00  0.0000E+00  0.0000E+00  1.5000E+00
3.6179E+00  5.7881E+03  9.3630E+04  1.0000E+00  0.0000E+00  0.0000E+00  1.5000E+00
3.9865E+00  5.9037E+03  1.0080E+05  1.0000E+00  0.0000E+00  0.0000E+00  1.5000E+00
4.3610E+00  6.0340E+03  1.0780E+05  1.0000E+00  0.0000E+00  0.0000E+00  1.5000E+00
4.7468E+00  6.1534E+03  1.1380E+05  1.0000E+00  0.0000E+00  0.0000E+00  1.5000E+00
5.1485E+00  6.2594E+03  1.1790E+05  1.0000E+00  0.0000E+00  0.0000E+00  1.5000E+00
5.5630E+00  6.3981E+03  1.2220E+05  1.0000E+00  0.0000E+00  0.0000E+00  1.5000E+00
5.9688E+00  6.5756E+03  1.2950E+05  1.0000E+00  0.0000E+00  0.0000E+00  1.5000E+00
6.3400E+00  6.7975E+03  1.3650E+05  1.0000E+00  0.0000E+00  0.0000E+00  1.5000E+00
6.6917E+00  6.9600E+03  1.3910E+05  1.0000E+00  0.0000E+00  0.0000E+00  1.5000E+00
7.0455E+00  7.1288E+03  1.3640E+05  1.0000E+00  0.0000E+00  0.0000E+00  1.5000E+00
7.4017E+00  7.3281E+03  1.3160E+05  1.0000E+00  0.0000E+00  0.0000E+00  1.5000E+00
7.7275E+00  7.6114E+03  1.3900E+05  1.0000E+00  0.0000E+00  0.0000E+00  1.5000E+00
8.0129E+00  7.8527E+03  1.5110E+05  1.0000E+00  0.0000E+00  0.0000E+00  1.5000E+00
8.2772E+00  8.0618E+03  1.6480E+05  1.0000E+00  0.0000E+00  0.0000E+00  1.5000E+00
8.5266E+00  8.2834E+03  1.7830E+05  1.0000E+00  0.0000E+00  0.0000E+00  1.5000E+00
8.7651E+00  8.5256E+03  1.9070E+05  1.0000E+00  0.0000E+00  0.0000E+00  1.5000E+00
8.9778E+00  8.7822E+03  2.0080E+05  1.0000E+00  0.0000E+00  0.0000E+00  1.5000E+00
9.1864E+00  9.0283E+03  2.0970E+05  1.0000E+00  0.0000E+00  0.0000E+00  1.5000E+00
9.3859E+00  9.2590E+03  2.1650E+05  1.0000E+00  0.0000E+00  0.0000E+00  1.5000E+00
9.5813E+00  9.4891E+03  2.2160E+05  1.0000E+00  0.0000E+00  0.0000E+00  1.5000E+00
9.7752E+00  9.7187E+03  2.2540E+05  1.0000E+00  0.0000E+00  0.0000E+00  1.5000E+00
9.9554E+00  9.9953E+03  2.2960E+05  1.0000E+00  0.0000E+00  0.0000E+00  1.5000E+00
1.0134E+01  1.0286E+04  2.3410E+05  1.0000E+00  0.0000E+00  0.0000E+00  1.5000E+00
1.0316E+01  1.0445E+04  2.3780E+05  1.0000E+00  0.0000E+00  0.0000E+00  1.5000E+00
1.0503E+01  1.0574E+04  2.4140E+05  1.0000E+00  0.0000E+00  0.0000E+00  1.5000E+00
1.0748E+01  1.0489E+04  2.4220E+05  1.0000E+00  0.0000E+00  0.0000E+00  1.5000E+00
1.1071E+01  1.0295E+04  2.4280E+05  1.0000E+00  0.0000E+00  0.0000E+00  1.5000E+00
1.1555E+01  1.0055E+04  2.4090E+05  1.0000E+00  0.0000E+00  0.0000E+00  1.5000E+00
1.2260E+01  1.0036E+04  2.4780E+05  1.0000E+00  0.0000E+00  0.0000E+00  1.5000E+00
1.3047E+01  1.0208E+04  2.7360E+05  1.0000E+00  0.0000E+00  0.0000E+00  1.5000E+00
1.3802E+01  1.0468E+04  3.1300E+05  1.0000E+00  0.0000E+00  0.0000E+00  1.5000E+00
