7.9333E-03  4.3017E+03  3.0960E+02  1.0000E+00  0.0000E+00  0.0000E+00  1.5000E+00
9.0442E-03  4.2827E+03  3.4390E+02  1.0000E+00  0.0000E+00  0.0000E+00  1.5000E+00
1.0313E-02  4.2620E+03  3.8010E+02  1.0000E+00  0.0000E+00  0.0000E+00  1.5000E+00
1.1762E-02  4.2414E+03  4.2010E+02  1.0000E+00  0.0000E+00  0.0000E+00  1.5000E+00
1.3418E-02  4.2239E+03  4.6590E+02  1.0000E+00  0.0000E+00  0.0000E+00  1.5000E+00
1.5305E-02  4.2102E+03  5.1860E+02  1.0000E+00  0.0000E+00  0.0000E+00  1.5000E+00
1.7452E-02  4.1970E+03  5.7920E+02  1.0000E+00  0.0000E+00  0.0000E+00  1.5000E+00
1.9889E-02  4.1880E+03  6.5010E+02  1.0000E+00  0.0000E+00  0.0000E+00  1.5000E+00
2.2650E-02  4.1901E+03  7.3400E+02  1.0000E+00  0.0000E+00  0.0000E+00  1.5000E+00
2.5772E-02  4.1940E+03  8.2900E+02  1.0000E+00  0.0000E+00  0.0000E+00  1.5000E+00
2.9299E-02  4.2016E+03  9.3740E+02  1.0000E+00  0.0000E+00  0.0000E+00  1.5000E+00
3.3287E-02  4.2024E+03  1.0560E+03  1.0000E+00  0.0000E+00  0.0000E+00  1.5000E+00
3.7797E-02  4.1977E+03  1.1900E+03  1.0000E+00  0.0000E+00  0.0000E+00  1.5000E+00
4.2893E-02  4.1961E+03  1.3440E+03  1.0000E+00  0.0000E+00  0.0000E+00  1.5000E+00
4.8639E-02  4.2108E+03  1.5230E+03  1.0000E+00  0.0000E+00  0.0000E+00  1.5000E+00
5.5109E-02  4.2325E+03  1.7250E+03  1.0000E+00  0.0000E+00  0.0000E+00  1.5000E+00
6.2405E-02  4.2442E+03  1.9470E+03  1.0000E+00  0.0000E+00  0.0000E+00  1.5000E+00
7.0666E-02  4.2397E+03  2.1830E+03  1.0000E+00  0.0000E+00  0.0000E+00  1.5000E+00
8.0064E-02  4.2317E+03  2.4350E+03  1.0000E+00  0.0000E+00  0.0000E+00  1.5000E+00
9.0794E-02  4.2219E+03  2.7130E+03  1.0000E+00  0.0000E+00  0.0000E+00  1.5000E+00
1.0307E-01  4.2057E+03  3.0200E+03  1.0000E+00  0.0000E+00  0.0000E+00  1.5000E+00
1.1715E-01  4.1896E+03  3.3680E+03  1.0000E+00  0.0000E+00  0.0000E+00  1.5000E+00
1.3328E-01  4.1796E+03  3.7700E+03  1.0000E+00  0.0000E+00  0.0000E+00  1.5000E+00
1.5165E-01  4.1792E+03  4.2440E+03  1.0000E+00  0.0000E+00  0.0000E+00  1.5000E+00
1.7246E-01  4.1850E+03  4.8020E+03  1.0000E+00  0.0000E+00  0.0000E+00  1.5000E+00
1.9599E-01  4.1874E+03  5.4330E+03  1.0000E+00  0.0000E+00  0.0000E+00  1.5000E+00
2.2264E-01  4.1914E+03  6.1290E+03  1.0000E+00  0.0000E+00  0.0000E+00  1.5000E+00
2.5274E-01  4.2155E+03  6.9090E+03  1.0000E+00  0.0000E+00  0.0000E+00  1.5000E+00
2.8650E-01  4.2509E+03  7.7850E+03  1.0000E+00  0.0000E+00  0.0000E+00  1.5000E+00
3.2433E-01  4.2877E+03  8.7590E+03  1.0000E+00  0.0000E+00  0.0000E+00  1.5000E+00
3.6669E-01  4.3318E+03  9.8310E+03  1.0000E+00  0.0000E+00  0.0000E+00  1.5000E+00
4.1420E-01  4.3796E+03  1.1010E+04  1.0000E+00  0.0000E+00  0.0000E+00  1.5000E+00
4.6760E-01  4.4267E+03  1.2310E+04  1.0000E+00  0.0000E+00  0.0000E+00  1.5000E+00
5.2787E-01  4.4600E+03  1.3730E+04  1.0000E+00  0.0000E+00  0.0000E+00  1.5000E+00
5.9626E-01  4.4709E+03  1.5330E+04  1.0000E+00  0.0000E+00  0.0000E+00  1.5000E+00
6.7387E-01  4.4861E+03  1.7150E+04  1.0000E+00  0.0000E+00  0.0000E+00  1.5000E+00
7.6177E-01  4.5044E+03  1.9240E+04  1.0000E+00  0.0000E+00  0.0000E+00  1.5000E+00
8.6096E-01  4.5330E+03  2.1620E+04  1.0000E+00  0.0000E+00  0.0000E+00  1.5000E+00
9.7248E-01  4.5732E+03  2.4340E+04  1.0000E+00  0.0000E+00  0.0000E+00  1.5000E+00
1.0975E+00  4.6220E+03  2.7400E+04  1.0000E+00  0.0000E+00  0.0000E+00  1.5000E+00
1.2375E+00  4.6850E+03  3.0850E+04  1.0000E+00  0.0000E+00  0.0000E+00  1.5000E+00
1.3944E+00  4.7546E+03  3.4590E+04  1.0000E+00  0.0000E+00  0.0000E+00  1.5000E+00
1.5712E+00  4.8188E+03  3.8610E+04  1.0000E+00  0.0000E+00  0.0000E+00  1.5000E+00
1.7710E+00  4.8881E+03  4.3040E+04  1.0000E+00  0.0000E+00  0.0000E+00  1.5000E+00
1.9973E+00  4.9714E+03  4.7870E+04  1.0000E+00  0.0000E+00  0.0000E+00  1.5000E+00
2.2536E+00  5.0698E+03  5.3170E+04  1.0000E+00  0.0000E+00  0.0000E+00  1.5000E+00
2.5430E+00  5.1867E+03  5.9130E+04  1.0000E+00  0.0000E+00  0.0000E+00  1.5000E+00
2.8658E+00  5.3206E+03  6.5860E+04  1.0000E+00  0.0000E+00  0.0000E+00  1.5000E+00
3.2183E+00  5.4519E+03  7.3130E+04  1.0000E+00  0.0000E+00  0.0000E+00  1.5000E+00
3.5933E+00  5.6005E+03  8.0850E+04  1.0000E+00  0.0000E+00  0.0000E+00  1.5000E+00
3.9774E+00  5.7575E+03  8.9790E+04  1.0000E+00  0.0000E+00  0.0000E+00  1.5000E+00
4.3622E+00  5.8755E+03  9.9300E+04  1.0000E+00  0.0000E+00  0.0000E+00  1.5000E+00
4.7552E+00  5.9980E+03  1.0930E+05  1.0000E+00  0.0000E+00  0.0000E+00  1.5000E+00
5.1529E+00  6.1164E+03  1.1690E+05  1.0000E+00  0.0000E+00  0.0000E+00  1.5000E+00
5.5604E+00  6.2442E+03  1.2310E+05  1.0000E+00  0.0000E+00  0.0000E+00  1.5000E+00
5.9735E+00  6.3785E+03  1.2920E+05  1.0000E+00  0.0000E+00  0.0000E+00  1.5000E+00
6.3823E+00  6.5301E+03  1.3600E+05  1.0000E+00  0.0000E+00  0.0000E+00  1.5000E+00
6.7801E+00  6.6935E+03  1.4450E+05  1.0000E+00  0.0000E+00  0.0000E+00  1.5000E+00
7.1668E+00  6.8523E+03  1.5410E+05  1.0000E+00  0.0000E+00  0.0000E+00  1.5000E+00
7.5478E+00  7.0011E+03  1.6400E+05  1.0000E+00  0.0000E+00  0.0000E+00  1.5000E+00
7.9322E+00  7.1341E+03  1.7330E+05  1.0000E+00  0.0000E+00  0.0000E+00  1.5000E+00
8.3292E+00  7.2586E+03  1.8170E+05  1.0000E+00  0.0000E+00  0.0000E+00  1.5000E+00
8.7439E+00  7.3820E+03  1.8950E+05  1.0000E+00  0.0000E+00  0.0000E+00  1.5000E+00
9.1827E+00  7.4960E+03  1.9590E+05  1.0000E+00  0.0000E+00  0.0000E+00  1.5000E+00
9.6567E+00  7.5927E+03  2.0110E+05  1.0000E+00  0.0000E+00  0.0000E+00  1.5000E+00
1.0178E+01  7.6887E+03  2.0720E+05  1.0000E+00  0.0000E+00  0.0000E+00  1.5000E+00
1.0751E+01  7.7800E+03  2.1280E+05  1.0000E+00  0.0000E+00  0.0000E+00  1.5000E+00
1.1378E+01  7.8946E+03  2.1780E+05  1.0000E+00  0.0000E+00  0.0000E+00  1.5000E+00
1.2019E+01  8.1022E+03  2.2670E+05  1.0000E+00  0.0000E+00  0.0000E+00  1.5000E+00
1.2638E+01  8.3223E+03  2.4040E+05  1.0000E+00  0.0000E+00  0.0000E+00  1.5000E+00
1.3241E+01  8.5120E+03  2.5610E+05  1.0000E+00  0.0000E+00  0.0000E+00  1.5000E+00
1.3847E+01  8.6827E+03  2.7050E+05  1.0000E+00  0.0000E+00  0.0000E+00  1.5000E+00
1.4476E+01  8.8443E+03  2.8090E+05  1.0000E+00  0.0000E+00  0.0000E+00  1.5000E+00
1.5137E+01  8.9802E+03  2.9080E+05  1.0000E+00  0.0000E+00  0.0000E+00  1.5000E+00
1.5858E+01  9.0954E+03  3.0240E+05  1.0000E+00  0.0000E+00  0.0000E+00  1.5000E+00
1.6624E+01  9.2557E+03  3.1500E+05  1.0000E+00  0.0000E+00  0.0000E+00  1.5000E+00
1.7503E+01  9.2234E+03  3.1220E+05  1.0000E+00  0.0000E+00  0.0000E+00  1.5000E+00
1.8767E+01  8.9613E+03  3.1270E+05  1.0000E+00  0.0000E+00  0.0000E+00  1.5000E+00
2.0524E+01  9.0660E+03  3.4360E+05  1.0000E+00  0.0000E+00  0.0000E+00  1.5000E+00
2.2357E+01  9.0672E+03  3.8100E+05  1.0000E+00  0.0000E+00  0.0000E+00  1.5000E+00
2.3809E+01  1.0044E+04  3.8820E+05  1.0000E+00  0.0000E+00  0.0000E+00  1.5000E+00
