9.5971E-03  4.2991E+03  2.1520E+02  1.0000E+00  0.0000E+00  0.0000E+00  1.5000E+00
1.1009E-02  4.3103E+03  2.5150E+02  1.0000E+00  0.0000E+00  0.0000E+00  1.5000E+00
1.2588E-02  4.3056E+03  2.9220E+02  1.0000E+00  0.0000E+00  0.0000E+00  1.5000E+00
1.4344E-02  4.2733E+03  3.3280E+02  1.0000E+00  0.0000E+00  0.0000E+00  1.5000E+00
1.6312E-02  4.2313E+03  3.7380E+02  1.0000E+00  0.0000E+00  0.0000E+00  1.5000E+00
1.8524E-02  4.1955E+03  4.1800E+02  1.0000E+00  0.0000E+00  0.0000E+00  1.5000E+00
2.1028E-02  4.1745E+03  4.6810E+02  1.0000E+00  0.0000E+00  0.0000E+00  1.5000E+00
2.3871E-02  4.1764E+03  5.2670E+02  1.0000E+00  0.0000E+00  0.0000E+00  1.5000E+00
2.7101E-02  4.2051E+03  5.9710E+02  1.0000E+00  0.0000E+00  0.0000E+00  1.5000E+00
3.0764E-02  4.2599E+03  6.8460E+02  1.0000E+00  0.0000E+00  0.0000E+00  1.5000E+00
3.4897E-02  4.3345E+03  7.9770E+02  1.0000E+00  0.0000E+00  0.0000E+00  1.5000E+00
3.9533E-02  4.4150E+03  9.3650E+02  1.0000E+00  0.0000E+00  0.0000E+00  1.5000E+00
4.4723E-02  4.4668E+03  1.0840E+03  1.0000E+00  0.0000E+00  0.0000E+00  1.5000E+00
5.0549E-02  4.4736E+03  1.2230E+03  1.0000E+00  0.0000E+00  0.0000E+00  1.5000E+00
5.7121E-02  4.4529E+03  1.3570E+03  1.0000E+00  0.0000E+00  0.0000E+00  1.5000E+00
6.4543E-02  4.4241E+03  1.5070E+03  1.0000E+00  0.0000E+00  0.0000E+00  1.5000E+00
7.2852E-02  4.4137E+03  1.7160E+03  1.0000E+00  0.0000E+00  0.0000E+00  1.5000E+00
8.1946E-02  4.4274E+03  2.0240E+03  1.0000E+00  0.0000E+00  0.0000E+00  1.5000E+00
9.1802E-02  4.4061E+03  2.3830E+03  1.0000E+00  0.0000E+00  0.0000E+00  1.5000E+00
1.0257E-01  4.3204E+03  2.7330E+03  1.0000E+00  0.0000E+00  0.0000E+00  1.5000E+00
1.1472E-01  4.1965E+03  3.0540E+03  1.0000E+00  0.0000E+00  0.0000E+00  1.5000E+00
1.2903E-01  4.0882E+03  3.4000E+03  1.0000E+00  0.0000E+00  0.0000E+00  1.5000E+00
1.4596E-01  4.0286E+03  3.8280E+03  1.0000E+00  0.0000E+00  0.0000E+00  1.5000E+00
1.6554E-01  4.0195E+03  4.3540E+03  1.0000E+00  0.0000E+00  0.0000E+00  1.5000E+00
1.8763E-01  4.0398E+03  4.9540E+03  1.0000E+00  0.0000E+00  0.0000E+00  1.5000E+00
2.1236E-01  4.0666E+03  5.5870E+03  1.0000E+00  0.0000E+00  0.0000E+00  1.5000E+00
2.4025E-01  4.0860E+03  6.2350E+03  1.0000E+00  0.0000E+00  0.0000E+00  1.5000E+00
2.7206E-01  4.0981E+03  6.9060E+03  1.0000E+00  0.0000E+00  0.0000E+00  1.5000E+00
3.0858E-01  4.1060E+03  7.6190E+03  1.0000E+00  0.0000E+00  0.0000E+00  1.5000E+00
3.5073E-01  4.1125E+03  8.4020E+03  1.0000E+00  0.0000E+00  0.0000E+00  1.5000E+00
3.9920E-01  4.1242E+03  9.3060E+03  1.0000E+00  0.0000E+00  0.0000E+00  1.5000E+00
4.5435E-01  4.1485E+03  1.0380E+04  1.0000E+00  0.0000E+00  0.0000E+00  1.5000E+00
5.1633E-01  4.1812E+03  1.1660E+04  1.0000E+00  0.0000E+00  0.0000E+00  1.5000E+00
5.8559E-01  4.2209E+03  1.3120E+04  1.0000E+00  0.0000E+00  0.0000E+00  1.5000E+00
6.6240E-01  4.2720E+03  1.4770E+04  1.0000E+00  0.0000E+00  0.0000E+00  1.5000E+00
7.4737E-01  4.3335E+03  1.6640E+04  1.0000E+00  0.0000E+00  0.0000E+00  1.5000E+00
8.4101E-01  4.4029E+03  1.8720E+04  1.0000E+00  0.0000E+00  0.0000E+00  1.5000E+00
9.4479E-01  4.4750E+03  2.1000E+04  1.0000E+00  0.0000E+00  0.0000E+00  1.5000E+00
1.0602E+00  4.5497E+03  2.3510E+04  1.0000E+00  0.0000E+00  0.0000E+00  1.5000E+00
1.1891E+00  4.6324E+03  2.6340E+04  1.0000E+00  0.0000E+00  0.0000E+00  1.5000E+00
1.3329E+00  4.7316E+03  2.9640E+04  1.0000E+00  0.0000E+00  0.0000E+00  1.5000E+00
1.4935E+00  4.8428E+03  3.3480E+04  1.0000E+00  0.0000E+00  0.0000E+00  1.5000E+00
1.6727E+00  4.9697E+03  3.7960E+04  1.0000E+00  0.0000E+00  0.0000E+00  1.5000E+00
1.8723E+00  5.1084E+03  4.3000E+04  1.0000E+00  0.0000E+00  0.0000E+00  1.5000E+00
2.0937E+00  5.2434E+03  4.8350E+04  1.0000E+00  0.0000E+00  0.0000E+00  1.5000E+00
2.3369E+00  5.3686E+03  5.3550E+04  1.0000E+00  0.0000E+00  0.0000E+00  1.5000E+00
2.6020E+00  5.4996E+03  5.8140E+04  1.0000E+00  0.0000E+00  0.0000E+00  1.5000E+00
2.8752E+00  5.7251E+03  6.1380E+04  1.0000E+00  0.0000E+00  0.0000E+00  1.5000E+00
3.1644E+00  5.7428E+03  6.4470E+04  1.0000E+00  0.0000E+00  0.0000E+00  1.5000E+00
3.4739E+00  5.8943E+03  7.4570E+04  1.0000E+00  0.0000E+00  0.0000E+00  1.5000E+00
3.7567E+00  6.0603E+03  8.4550E+04  1.0000E+00  0.0000E+00  0.0000E+00  1.5000E+00
4.0306E+00  6.1705E+03  9.4400E+04  1.0000E+00  0.0000E+00  0.0000E+00  1.5000E+00
4.2972E+00  6.3337E+03  1.0430E+05  1.0000E+00  0.0000E+00  0.0000E+00  1.5000E+00
4.5454E+00  6.5098E+03  1.1230E+05  1.0000E+00  0.0000E+00  0.0000E+00  1.5000E+00
4.7788E+00  6.6876E+03  1.1920E+05  1.0000E+00  0.0000E+00  0.0000E+00  1.5000E+00
5.0070E+00  6.8446E+03  1.2450E+05  1.0000E+00  0.0000E+00  0.0000E+00  1.5000E+00
5.2323E+00  7.0032E+03  1.2840E+05  1.0000E+00  0.0000E+00  0.0000E+00  1.5000E+00
5.4521E+00  7.2154E+03  1.3150E+05  1.0000E+00  0.0000E+00  0.0000E+00  1.5000E+00
5.6228E+00  7.5670E+03  1.3410E+05  1.0000E+00  0.0000E+00  0.0000E+00  1.5000E+00
5.7774E+00  7.9121E+03  1.3670E+05  1.0000E+00  0.0000E+00  0.0000E+00  1.5000E+00
5.8977E+00  8.2362E+03  1.3930E+05  1.0000E+00  0.0000E+00  0.0000E+00  1.5000E+00
6.0172E+00  8.5437E+03  1.4180E+05  1.0000E+00  0.0000E+00  0.0000E+00  1.5000E+00
6.1205E+00  8.7611E+03  1.4390E+05  1.0000E+00  0.0000E+00  0.0000E+00  1.5000E+00
6.2256E+00  8.9784E+03  1.4590E+05  1.0000E+00  0.0000E+00  0.0000E+00  1.5000E+00
6.3316E+00  9.1608E+03  1.4880E+05  1.0000E+00  0.0000E+00  0.0000E+00  1.5000E+00
6.4390E+00  9.3303E+03  1.5220E+05  1.0000E+00  0.0000E+00  0.0000E+00  1.5000E+00
6.5518E+00  9.4896E+03  1.5550E+05  1.0000E+00  0.0000E+00  0.0000E+00  1.5000E+00
6.6715E+00  9.6346E+03  1.5870E+05  1.0000E+00  0.0000E+00  0.0000E+00  1.5000E+00
6.7987E+00  9.7683E+03  1.6220E+05  1.0000E+00  0.0000E+00  0.0000E+00  1.5000E+00
6.9388E+00  9.8803E+03  1.6600E+05  1.0000E+00  0.0000E+00  0.0000E+00  1.5000E+00
7.0940E+00  9.9810E+03  1.7030E+05  1.0000E+00  0.0000E+00  0.0000E+00  1.5000E+00
7.2635E+00  1.0073E+04  1.7490E+05  1.0000E+00  0.0000E+00  0.0000E+00  1.5000E+00
7.4610E+00  1.0163E+04  1.8070E+05  1.0000E+00  0.0000E+00  0.0000E+00  1.5000E+00
7.6849E+00  1.0223E+04  1.8770E+05  1.0000E+00  0.0000E+00  0.0000E+00  1.5000E+00
7.9484E+00  1.0236E+04  1.9610E+05  1.0000E+00  0.0000E+00  0.0000E+00  1.5000E+00
8.2740E+00  1.0194E+04  2.0520E+05  1.0000E+00  0.0000E+00  0.0000E+00  1.5000E+00
8.6983E+00  1.0083E+04  2.1310E+05  1.0000E+00  0.0000E+00  0.0000E+00  1.5000E+00
9.3270E+00  9.7920E+03  2.1710E+05  1.0000E+00  0.0000E+00  0.0000E+00  1.5000E+00
1.0474E+01  9.3485E+03  2.3730E+05  1.0000E+00  0.0000E+00  0.0000E+00  1.5000E+00
1.1771E+01  9.9438E+03  2.6820E+05  1.0000E+00  0.0000E+00  0.0000E+00  1.5000E+00
1.2683E+01  1.0270E+04  2.8870E+05  1.0000E+00  0.0000E+00  0.0000E+00  1.5000E+00
