1.0058E-02  3.9057E+03  2.1680E+02  1.0000E+00  0.0000E+00  0.0000E+00  1.5000E+00
1.1340E-02  4.0097E+03  2.4770E+02  1.0000E+00  0.0000E+00  0.0000E+00  1.5000E+00
1.2817E-02  4.1157E+03  2.8460E+02  1.0000E+00  0.0000E+00  0.0000E+00  1.5000E+00
1.4523E-02  4.2347E+03  3.3270E+02  1.0000E+00  0.0000E+00  0.0000E+00  1.5000E+00
1.6484E-02  4.3744E+03  3.9860E+02  1.0000E+00  0.0000E+00  0.0000E+00  1.5000E+00
1.8699E-02  4.4965E+03  4.8230E+02  1.0000E+00  0.0000E+00  0.0000E+00  1.5000E+00
2.1157E-02  4.5623E+03  5.7090E+02  1.0000E+00  0.0000E+00  0.0000E+00  1.5000E+00
2.3885E-02  4.5530E+03  6.5380E+02  1.0000E+00  0.0000E+00  0.0000E+00  1.5000E+00
2.6952E-02  4.5293E+03  7.3120E+02  1.0000E+00  0.0000E+00  0.0000E+00  1.5000E+00
3.0429E-02  4.5173E+03  8.1180E+02  1.0000E+00  0.0000E+00  0.0000E+00  1.5000E+00
3.4381E-02  4.5108E+03  9.0350E+02  1.0000E+00  0.0000E+00  0.0000E+00  1.5000E+00
3.8882E-02  4.5205E+03  1.0020E+03  1.0000E+00  0.0000E+00  0.0000E+00  1.5000E+00
4.4033E-02  4.5523E+03  1.1140E+03  1.0000E+00  0.0000E+00  0.0000E+00  1.5000E+00
4.9942E-02  4.5712E+03  1.2350E+03  1.0000E+00  0.0000E+00  0.0000E+00  1.5000E+00
5.6685E-02  4.5978E+03  1.3780E+03  1.0000E+00  0.0000E+00  0.0000E+00  1.5000E+00
6.4351E-02  4.6317E+03  1.5490E+03  1.0000E+00  0.0000E+00  0.0000E+00  1.5000E+00
7.3007E-02  4.6614E+03  1.7550E+03  1.0000E+00  0.0000E+00  0.0000E+00  1.5000E+00
8.2649E-02  4.6635E+03  2.0040E+03  1.0000E+00  0.0000E+00  0.0000E+00  1.5000E+00
9.3366E-02  4.6347E+03  2.2690E+03  1.0000E+00  0.0000E+00  0.0000E+00  1.5000E+00
1.0527E-01  4.6040E+03  2.5530E+03  1.0000E+00  0.0000E+00  0.0000E+00  1.5000E+00
1.1855E-01  4.5778E+03  2.8710E+03  1.0000E+00  0.0000E+00  0.0000E+00  1.5000E+00
1.3333E-01  4.5784E+03  3.2610E+03  1.0000E+00  0.0000E+00  0.0000E+00  1.5000E+00
1.4983E-01  4.5784E+03  3.6840E+03  1.0000E+00  0.0000E+00  0.0000E+00  1.5000E+00
1.6838E-01  4.5631E+03  4.1090E+03  1.0000E+00  0.0000E+00  0.0000E+00  1.5000E+00
1.8933E-01  4.5505E+03  4.5800E+03  1.0000E+00  0.0000E+00  0.0000E+00  1.5000E+00
2.1297E-01  4.5541E+03  5.1380E+03  1.0000E+00  0.0000E+00  0.0000E+00  1.5000E+00
2.3959E-01  4.5720E+03  5.7850E+03  1.0000E+00  0.0000E+00  0.0000E+00  1.5000E+00
2.6965E-01  4.5777E+03  6.4620E+03  1.0000E+00  0.0000E+00  0.0000E+00  1.5000E+00
3.0371E-01  4.5795E+03  7.2150E+03  1.0000E+00  0.0000E+00  0.0000E+00  1.5000E+00
3.4190E-01  4.6365E+03  8.2930E+03  1.0000E+00  0.0000E+00  0.0000E+00  1.5000E+00
3.8423E-01  4.7035E+03  9.5580E+03  1.0000E+00  0.0000E+00  0.0000E+00  1.5000E+00
4.3181E-01  4.6842E+03  1.0570E+04  1.0000E+00  0.0000E+00  0.0000E+00  1.5000E+00
4.8641E-01  4.6091E+03  1.1430E+04  1.0000E+00  0.0000E+00  0.0000E+00  1.5000E+00
5.4962E-01  4.5651E+03  1.2580E+04  1.0000E+00  0.0000E+00  0.0000E+00  1.5000E+00
6.2157E-01  4.5687E+03  1.4110E+04  1.0000E+00  0.0000E+00  0.0000E+00  1.5000E+00
7.0264E-01  4.5902E+03  1.5930E+04  1.0000E+00  0.0000E+00  0.0000E+00  1.5000E+00
7.9360E-01  4.6205E+03  1.8050E+04  1.0000E+00  0.0000E+00  0.0000E+00  1.5000E+00
8.9530E-01  4.6732E+03  2.0510E+04  1.0000E+00  0.0000E+00  0.0000E+00  1.5000E+00
1.0084E+00  4.7428E+03  2.3390E+04  1.0000E+00  0.0000E+00  0.0000E+00  1.5000E+00
1.1345E+00  4.8054E+03  2.6620E+04  1.0000E+00  0.0000E+00  0.0000E+00  1.5000E+00
1.2753E+00  4.8662E+03  3.0110E+04  1.0000E+00  0.0000E+00  0.0000E+00  1.5000E+00
1.4335E+00  4.9380E+03  3.3850E+04  1.0000E+00  0.0000E+00  0.0000E+00  1.5000E+00
1.6119E+00  5.0163E+03  3.7880E+04  1.0000E+00  0.0000E+00  0.0000E+00  1.5000E+00
1.8133E+00  5.1046E+03  4.2200E+04  1.0000E+00  0.0000E+00  0.0000E+00  1.5000E+00
2.0403E+00  5.2093E+03  4.6820E+04  1.0000E+00  0.0000E+00  0.0000E+00  1.5000E+00
2.2928E+00  5.3321E+03  5.1920E+04  1.0000E+00  0.0000E+00  0.0000E+00  1.5000E+00
2.5680E+00  5.4655E+03  5.7030E+04  1.0000E+00  0.0000E+00  0.0000E+00  1.5000E+00
2.8591E+00  5.6225E+03  6.1790E+04  1.0000E+00  0.0000E+00  0.0000E+00  1.5000E+00
3.1558E+00  5.7767E+03  6.5830E+04  1.0000E+00  0.0000E+00  0.0000E+00  1.5000E+00
3.4510E+00  5.9426E+03  6.8890E+04  1.0000E+00  0.0000E+00  0.0000E+00  1.5000E+00
3.7457E+00  6.0742E+03  7.0770E+04  1.0000E+00  0.0000E+00  0.0000E+00  1.5000E+00
4.0472E+00  6.1997E+03  7.3010E+04  1.0000E+00  0.0000E+00  0.0000E+00  1.5000E+00
4.3659E+00  6.2838E+03  7.5780E+04  1.0000E+00  0.0000E+00  0.0000E+00  1.5000E+00
4.7018E+00  6.4014E+03  8.1570E+04  1.0000E+00  0.0000E+00  0.0000E+00  1.5000E+00
5.0174E+00  6.5804E+03  9.1570E+04  1.0000E+00  0.0000E+00  0.0000E+00  1.5000E+00
5.3163E+00  6.7200E+03  1.0310E+05  1.0000E+00  0.0000E+00  0.0000E+00  1.5000E+00
5.6141E+00  6.8254E+03  1.1360E+05  1.0000E+00  0.0000E+00  0.0000E+00  1.5000E+00
5.8947E+00  7.0477E+03  1.2390E+05  1.0000E+00  0.0000E+00  0.0000E+00  1.5000E+00
6.1578E+00  7.2217E+03  1.3280E+05  1.0000E+00  0.0000E+00  0.0000E+00  1.5000E+00
6.4186E+00  7.3620E+03  1.4160E+05  1.0000E+00  0.0000E+00  0.0000E+00  1.5000E+00
6.6806E+00  7.5176E+03  1.4990E+05  1.0000E+00  0.0000E+00  0.0000E+00  1.5000E+00
6.9597E+00  7.6016E+03  1.5580E+05  1.0000E+00  0.0000E+00  0.0000E+00  1.5000E+00
7.2816E+00  7.6042E+03  1.6200E+05  1.0000E+00  0.0000E+00  0.0000E+00  1.5000E+00
7.6761E+00  7.5746E+03  1.6790E+05  1.0000E+00  0.0000E+00  0.0000E+00  1.5000E+00
8.1682E+00  7.5836E+03  1.7730E+05  1.0000E+00  0.0000E+00  0.0000E+00  1.5000E+00
8.6919E+00  7.8082E+03  1.8930E+05  1.0000E+00  0.0000E+00  0.0000E+00  1.5000E+00
9.0869E+00  8.3405E+03  2.0100E+05  1.0000E+00  0.0000E+00  0.0000E+00  1.5000E+00
9.3612E+00  8.8074E+03  2.0960E+05  1.0000E+00  0.0000E+00  0.0000E+00  1.5000E+00
9.5938E+00  9.2057E+03  2.1730E+05  1.0000E+00  0.0000E+00  0.0000E+00  1.5000E+00
9.7838E+00  9.5116E+03  2.2510E+05  1.0000E+00  0.0000E+00  0.0000E+00  1.5000E+00
9.9671E+00  9.7988E+03  2.3300E+05  1.0000E+00  0.0000E+00  0.0000E+00  1.5000E+00
1.0136E+01  1.0054E+04  2.4070E+05  1.0000E+00  0.0000E+00  0.0000E+00  1.5000E+00
1.0304E+01  1.0304E+04  2.4810E+05  1.0000E+00  0.0000E+00  0.0000E+00  1.5000E+00
1.0467E+01  1.0541E+04  2.5400E+05  1.0000E+00  0.0000E+00  0.0000E+00  1.5000E+00
1.0631E+01  1.0776E+04  2.6020E+05  1.0000E+00  0.0000E+00  0.0000E+00  1.5000E+00
1.0799E+01  1.0981E+04  2.6850E+05  1.0000E+00  0.0000E+00  0.0000E+00  1.5000E+00
1.0969E+01  1.1186E+04  2.7710E+05  1.0000E+00  0.0000E+00  0.0000E+00  1.5000E+00
1.1158E+01  1.1336E+04  2.8710E+05  1.0000E+00  0.0000E+00  0.0000E+00  1.5000E+00
1.1354E+01  1.1475E+04  2.9740E+05  1.0000E+00  0.0000E+00  0.0000E+00  1.5000E+00
1.1586E+01  1.1548E+04  3.0770E+05  1.0000E+00  0.0000E+00  0.0000E+00  1.5000E+00
1.1850E+01  1.1607E+04  3.1880E+05  1.0000E+00  0.0000E+00  0.0000E+00  1.5000E+00
