9.3948E-03  3.7130E+03  2.2340E+02  1.0000E+00  0.0000E+00  0.0000E+00  1.5000E+00
1.0682E-02  3.7557E+03  2.5820E+02  1.0000E+00  0.0000E+00  0.0000E+00  1.5000E+00
1.2132E-02  3.7960E+03  2.9680E+02  1.0000E+00  0.0000E+00  0.0000E+00  1.5000E+00
1.3768E-02  3.8283E+03  3.3930E+02  1.0000E+00  0.0000E+00  0.0000E+00  1.5000E+00
1.5619E-02  3.8503E+03  3.8800E+02  1.0000E+00  0.0000E+00  0.0000E+00  1.5000E+00
1.7716E-02  3.8784E+03  4.4100E+02  1.0000E+00  0.0000E+00  0.0000E+00  1.5000E+00
2.0089E-02  3.9155E+03  5.0010E+02  1.0000E+00  0.0000E+00  0.0000E+00  1.5000E+00
2.2775E-02  3.9445E+03  5.6690E+02  1.0000E+00  0.0000E+00  0.0000E+00  1.5000E+00
2.5820E-02  3.9611E+03  6.4170E+02  1.0000E+00  0.0000E+00  0.0000E+00  1.5000E+00
2.9274E-02  3.9760E+03  7.2680E+02  1.0000E+00  0.0000E+00  0.0000E+00  1.5000E+00
3.3181E-02  3.9991E+03  8.2350E+02  1.0000E+00  0.0000E+00  0.0000E+00  1.5000E+00
3.7588E-02  4.0282E+03  9.3690E+02  1.0000E+00  0.0000E+00  0.0000E+00  1.5000E+00
4.2551E-02  4.0486E+03  1.0610E+03  1.0000E+00  0.0000E+00  0.0000E+00  1.5000E+00
4.8158E-02  4.0657E+03  1.1990E+03  1.0000E+00  0.0000E+00  0.0000E+00  1.5000E+00
5.4509E-02  4.0755E+03  1.3510E+03  1.0000E+00  0.0000E+00  0.0000E+00  1.5000E+00
6.1718E-02  4.0794E+03  1.5210E+03  1.0000E+00  0.0000E+00  0.0000E+00  1.5000E+00
6.9908E-02  4.0789E+03  1.7160E+03  1.0000E+00  0.0000E+00  0.0000E+00  1.5000E+00
7.9186E-02  4.0864E+03  1.9400E+03  1.0000E+00  0.0000E+00  0.0000E+00  1.5000E+00
8.9626E-02  4.1200E+03  2.1980E+03  1.0000E+00  0.0000E+00  0.0000E+00  1.5000E+00
1.0132E-01  4.1593E+03  2.4930E+03  1.0000E+00  0.0000E+00  0.0000E+00  1.5000E+00
1.1437E-01  4.2290E+03  2.8220E+03  1.0000E+00  0.0000E+00  0.0000E+00  1.5000E+00
1.2895E-01  4.2963E+03  3.1870E+03  1.0000E+00  0.0000E+00  0.0000E+00  1.5000E+00
1.4531E-01  4.3335E+03  3.5970E+03  1.0000E+00  0.0000E+00  0.0000E+00  1.5000E+00
1.6376E-01  4.3420E+03  4.0580E+03  1.0000E+00  0.0000E+00  0.0000E+00  1.5000E+00
1.8476E-01  4.2911E+03  4.5070E+03  1.0000E+00  0.0000E+00  0.0000E+00  1.5000E+00
2.0894E-01  4.2784E+03  5.0000E+03  1.0000E+00  0.0000E+00  0.0000E+00  1.5000E+00
2.3637E-01  4.3662E+03  5.5850E+03  1.0000E+00  0.0000E+00  0.0000E+00  1.5000E+00
2.6700E-01  4.4762E+03  6.3260E+03  1.0000E+00  0.0000E+00  0.0000E+00  1.5000E+00
3.0121E-01  4.5505E+03  7.2120E+03  1.0000E+00  0.0000E+00  0.0000E+00  1.5000E+00
3.3955E-01  4.5874E+03  8.1410E+03  1.0000E+00  0.0000E+00  0.0000E+00  1.5000E+00
3.8283E-01  4.5936E+03  9.1000E+03  1.0000E+00  0.0000E+00  0.0000E+00  1.5000E+00
4.3200E-01  4.5908E+03  1.0100E+04  1.0000E+00  0.0000E+00  0.0000E+00  1.5000E+00
4.8809E-01  4.6009E+03  1.1160E+04  1.0000E+00  0.0000E+00  0.0000E+00  1.5000E+00
5.5231E-01  4.6103E+03  1.2300E+04  1.0000E+00  0.0000E+00  0.0000E+00  1.5000E+00
6.2601E-01  4.6091E+03  1.3490E+04  1.0000E+00  0.0000E+00  0.0000E+00  1.5000E+00
7.1129E-01  4.6202E+03  1.4580E+04  1.0000E+00  0.0000E+00  0.0000E+00  1.5000E+00
8.1109E-01  4.6586E+03  1.5550E+04  1.0000E+00  0.0000E+00  0.0000E+00  1.5000E+00
9.2947E-01  4.7111E+03  1.6250E+04  1.0000E+00  0.0000E+00  0.0000E+00  1.5000E+00
1.0718E+00  4.8187E+03  1.6800E+04  1.0000E+00  0.0000E+00  0.0000E+00  1.5000E+00
1.2451E+00  4.9563E+03  1.7110E+04  1.0000E+00  0.0000E+00  0.0000E+00  1.5000E+00
1.4510E+00  5.1740E+03  1.9350E+04  1.0000E+00  0.0000E+00  0.0000E+00  1.5000E+00
1.6285E+00  5.5422E+03  2.7950E+04  1.0000E+00  0.0000E+00  0.0000E+00  1.5000E+00
1.7838E+00  5.4382E+03  3.5610E+04  1.0000E+00  0.0000E+00  0.0000E+00  1.5000E+00
1.9836E+00  5.0644E+03  4.1660E+04  1.0000E+00  0.0000E+00  0.0000E+00  1.5000E+00
2.2068E+00  5.1600E+03  4.9420E+04  1.0000E+00  0.0000E+00  0.0000E+00  1.5000E+00
2.4330E+00  5.4845E+03  5.8330E+04  1.0000E+00  0.0000E+00  0.0000E+00  1.5000E+00
2.6623E+00  5.5349E+03  6.8260E+04  1.0000E+00  0.0000E+00  0.0000E+00  1.5000E+00
2.9123E+00  5.5686E+03  7.8070E+04  1.0000E+00  0.0000E+00  0.0000E+00  1.5000E+00
3.1892E+00  5.6190E+03  8.5590E+04  1.0000E+00  0.0000E+00  0.0000E+00  1.5000E+00
3.5015E+00  5.6691E+03  9.1110E+04  1.0000E+00  0.0000E+00  0.0000E+00  1.5000E+00
3.8530E+00  5.7434E+03  9.6520E+04  1.0000E+00  0.0000E+00  0.0000E+00  1.5000E+00
4.2374E+00  5.8477E+03  1.0140E+05  1.0000E+00  0.0000E+00  0.0000E+00  1.5000E+00
4.6411E+00  5.9899E+03  1.0670E+05  1.0000E+00  0.0000E+00  0.0000E+00  1.5000E+00
5.0327E+00  6.1589E+03  1.1350E+05  1.0000E+00  0.0000E+00  0.0000E+00  1.5000E+00
5.4191E+00  6.2965E+03  1.2100E+05  1.0000E+00  0.0000E+00  0.0000E+00  1.5000E+00
5.8071E+00  6.4238E+03  1.3010E+05  1.0000E+00  0.0000E+00  0.0000E+00  1.5000E+00
6.1864E+00  6.5815E+03  1.3940E+05  1.0000E+00  0.0000E+00  0.0000E+00  1.5000E+00
6.5521E+00  6.7523E+03  1.4670E+05  1.0000E+00  0.0000E+00  0.0000E+00  1.5000E+00
6.9114E+00  6.9042E+03  1.5340E+05  1.0000E+00  0.0000E+00  0.0000E+00  1.5000E+00
7.2708E+00  7.0551E+03  1.6000E+05  1.0000E+00  0.0000E+00  0.0000E+00  1.5000E+00
7.6244E+00  7.2395E+03  1.6640E+05  1.0000E+00  0.0000E+00  0.0000E+00  1.5000E+00
7.9617E+00  7.4603E+03  1.7160E+05  1.0000E+00  0.0000E+00  0.0000E+00  1.5000E+00
8.2785E+00  7.6967E+03  1.7490E+05  1.0000E+00  0.0000E+00  0.0000E+00  1.5000E+00
8.5640E+00  7.9906E+03  1.7830E+05  1.0000E+00  0.0000E+00  0.0000E+00  1.5000E+00
8.8207E+00  8.2575E+03  1.8060E+05  1.0000E+00  0.0000E+00  0.0000E+00  1.5000E+00
9.0710E+00  8.4772E+03  1.8270E+05  1.0000E+00  0.0000E+00  0.0000E+00  1.5000E+00
9.3238E+00  8.6376E+03  1.8550E+05  1.0000E+00  0.0000E+00  0.0000E+00  1.5000E+00
9.5981E+00  8.7036E+03  1.9050E+05  1.0000E+00  0.0000E+00  0.0000E+00  1.5000E+00
9.9156E+00  8.7642E+03  1.9900E+05  1.0000E+00  0.0000E+00  0.0000E+00  1.5000E+00
1.0258E+01  8.9289E+03  2.0760E+05  1.0000E+00  0.0000E+00  0.0000E+00  1.5000E+00
1.0606E+01  9.1319E+03  2.1240E+05  1.0000E+00  0.0000E+00  0.0000E+00  1.5000E+00
1.0982E+01  9.1954E+03  2.1530E+05  1.0000E+00  0.0000E+00  0.0000E+00  1.5000E+00
1.1494E+01  8.9145E+03  2.2120E+05  1.0000E+00  0.0000E+00  0.0000E+00  1.5000E+00
1.2636E+01  7.8249E+03  2.3370E+05  1.0000E+00  0.0000E+00  0.0000E+00  1.5000E+00
1.3692E+01  9.4893E+03  2.9100E+05  1.0000E+00  0.0000E+00  0.0000E+00  1.5000E+00
1.4035E+01  1.0399E+04  3.1370E+05  1.0000E+00  0.0000E+00  0.0000E+00  1.5000E+00
1.4275E+01  1.0789E+04  3.2910E+05  1.0000E+00  0.0000E+00  0.0000E+00  1.5000E+00
1.4505E+01  1.1115E+04  3.4410E+05  1.0000E+00  0.0000E+00  0.0000E+00  1.5000E+00
1.4737E+01  1.1284E+04  3.5720E+05  1.0000E+00  0.0000E+00  0.0000E+00  1.5000E+00
1.4975E+01  1.1440E+04  3.7060E+05  1.0000E+00  0.0000E+00  0.0000E+00  1.5000E+00
1.5262E+01  1.1501E+04  3.8370E+05  1.0000E+00  0.0000E+00  0.0000E+00  1.5000E+00
