8.2118E-03  4.2206E+03  2.5770E+02  1.0000E+00  0.0000E+00  0.0000E+00  1.5000E+00
9.4392E-03  4.3034E+03  3.0160E+02  1.0000E+00  0.0000E+00  0.0000E+00  1.5000E+00
1.0839E-02  4.4127E+03  3.6020E+02  1.0000E+00  0.0000E+00  0.0000E+00  1.5000E+00
1.2398E-02  4.5478E+03  4.4210E+02  1.0000E+00  0.0000E+00  0.0000E+00  1.5000E+00
1.4088E-02  4.6413E+03  5.3610E+02  1.0000E+00  0.0000E+00  0.0000E+00  1.5000E+00
1.5931E-02  4.6702E+03  6.2890E+02  1.0000E+00  0.0000E+00  0.0000E+00  1.5000E+00
1.7991E-02  4.6561E+03  7.1360E+02  1.0000E+00  0.0000E+00  0.0000E+00  1.5000E+00
2.0325E-02  4.6511E+03  8.0260E+02  1.0000E+00  0.0000E+00  0.0000E+00  1.5000E+00
2.2977E-02  4.6535E+03  8.9740E+02  1.0000E+00  0.0000E+00  0.0000E+00  1.5000E+00
2.5999E-02  4.6523E+03  9.9770E+02  1.0000E+00  0.0000E+00  0.0000E+00  1.5000E+00
2.9452E-02  4.6400E+03  1.1010E+03  1.0000E+00  0.0000E+00  0.0000E+00  1.5000E+00
3.3405E-02  4.6193E+03  1.2090E+03  1.0000E+00  0.0000E+00  0.0000E+00  1.5000E+00
3.7925E-02  4.6010E+03  1.3310E+03  1.0000E+00  0.0000E+00  0.0000E+00  1.5000E+00
4.3070E-02  4.5818E+03  1.4710E+03  1.0000E+00  0.0000E+00  0.0000E+00  1.5000E+00
4.8908E-02  4.5630E+03  1.6270E+03  1.0000E+00  0.0000E+00  0.0000E+00  1.5000E+00
5.5536E-02  4.5441E+03  1.7920E+03  1.0000E+00  0.0000E+00  0.0000E+00  1.5000E+00
6.3071E-02  4.5302E+03  1.9770E+03  1.0000E+00  0.0000E+00  0.0000E+00  1.5000E+00
7.1633E-02  4.5211E+03  2.1890E+03  1.0000E+00  0.0000E+00  0.0000E+00  1.5000E+00
8.1346E-02  4.5158E+03  2.4310E+03  1.0000E+00  0.0000E+00  0.0000E+00  1.5000E+00
9.2354E-02  4.5125E+03  2.7060E+03  1.0000E+00  0.0000E+00  0.0000E+00  1.5000E+00
1.0481E-01  4.5114E+03  3.0220E+03  1.0000E+00  0.0000E+00  0.0000E+00  1.5000E+00
1.1888E-01  4.5246E+03  3.3840E+03  1.0000E+00  0.0000E+00  0.0000E+00  1.5000E+00
1.3480E-01  4.5625E+03  3.8130E+03  1.0000E+00  0.0000E+00  0.0000E+00  1.5000E+00
1.5276E-01  4.6137E+03  4.3220E+03  1.0000E+00  0.0000E+00  0.0000E+00  1.5000E+00
1.7294E-01  4.6611E+03  4.9190E+03  1.0000E+00  0.0000E+00  0.0000E+00  1.5000E+00
1.9556E-01  4.6864E+03  5.5780E+03  1.0000E+00  0.0000E+00  0.0000E+00  1.5000E+00
2.2088E-01  4.7000E+03  6.3070E+03  1.0000E+00  0.0000E+00  0.0000E+00  1.5000E+00
2.4928E-01  4.7297E+03  7.1250E+03  1.0000E+00  0.0000E+00  0.0000E+00  1.5000E+00
2.8123E-01  4.7732E+03  8.0370E+03  1.0000E+00  0.0000E+00  0.0000E+00  1.5000E+00
3.1711E-01  4.8094E+03  9.1090E+03  1.0000E+00  0.0000E+00  0.0000E+00  1.5000E+00
3.5725E-01  4.8409E+03  1.0320E+04  1.0000E+00  0.0000E+00  0.0000E+00  1.5000E+00
4.0211E-01  4.8701E+03  1.1710E+04  1.0000E+00  0.0000E+00  0.0000E+00  1.5000E+00
4.5218E-01  4.8963E+03  1.3290E+04  1.0000E+00  0.0000E+00  0.0000E+00  1.5000E+00
5.0802E-01  4.9371E+03  1.5110E+04  1.0000E+00  0.0000E+00  0.0000E+00  1.5000E+00
5.7032E-01  4.9788E+03  1.7130E+04  1.0000E+00  0.0000E+00  0.0000E+00  1.5000E+00
6.4006E-01  5.0042E+03  1.9270E+04  1.0000E+00  0.0000E+00  0.0000E+00  1.5000E+00
7.1851E-01  5.0209E+03  2.1600E+04  1.0000E+00  0.0000E+00  0.0000E+00  1.5000E+00
8.0696E-01  5.0467E+03  2.4170E+04  1.0000E+00  0.0000E+00  0.0000E+00  1.5000E+00
9.0665E-01  5.0835E+03  2.7000E+04  1.0000E+00  0.0000E+00  0.0000E+00  1.5000E+00
1.0192E+00  5.1227E+03  3.0090E+04  1.0000E+00  0.0000E+00  0.0000E+00  1.5000E+00
1.1464E+00  5.1543E+03  3.3440E+04  1.0000E+00  0.0000E+00  0.0000E+00  1.5000E+00
1.2905E+00  5.1875E+03  3.7040E+04  1.0000E+00  0.0000E+00  0.0000E+00  1.5000E+00
1.4536E+00  5.2345E+03  4.0980E+04  1.0000E+00  0.0000E+00  0.0000E+00  1.5000E+00
1.6376E+00  5.2892E+03  4.5310E+04  1.0000E+00  0.0000E+00  0.0000E+00  1.5000E+00
1.8437E+00  5.3575E+03  5.0180E+04  1.0000E+00  0.0000E+00  0.0000E+00  1.5000E+00
2.0719E+00  5.4347E+03  5.5360E+04  1.0000E+00  0.0000E+00  0.0000E+00  1.5000E+00
2.3259E+00  5.4929E+03  6.0470E+04  1.0000E+00  0.0000E+00  0.0000E+00  1.5000E+00
2.6137E+00  5.5242E+03  6.5260E+04  1.0000E+00  0.0000E+00  0.0000E+00  1.5000E+00
2.9475E+00  5.5465E+03  6.9080E+04  1.0000E+00  0.0000E+00  0.0000E+00  1.5000E+00
3.3356E+00  5.6050E+03  7.1800E+04  1.0000E+00  0.0000E+00  0.0000E+00  1.5000E+00
3.7699E+00  5.7204E+03  7.4660E+04  1.0000E+00  0.0000E+00  0.0000E+00  1.5000E+00
4.2141E+00  5.9013E+03  8.0150E+04  1.0000E+00  0.0000E+00  0.0000E+00  1.5000E+00
4.6244E+00  6.0900E+03  8.8650E+04  1.0000E+00  0.0000E+00  0.0000E+00  1.5000E+00
5.0076E+00  6.2513E+03  9.8390E+04  1.0000E+00  0.0000E+00  0.0000E+00  1.5000E+00
5.3608E+00  6.4216E+03  1.1000E+05  1.0000E+00  0.0000E+00  0.0000E+00  1.5000E+00
5.6894E+00  6.6026E+03  1.2090E+05  1.0000E+00  0.0000E+00  0.0000E+00  1.5000E+00
5.9920E+00  6.7975E+03  1.2930E+05  1.0000E+00  0.0000E+00  0.0000E+00  1.5000E+00
6.2759E+00  6.9838E+03  1.3560E+05  1.0000E+00  0.0000E+00  0.0000E+00  1.5000E+00
6.5176E+00  7.3217E+03  1.3620E+05  1.0000E+00  0.0000E+00  0.0000E+00  1.5000E+00
6.7196E+00  7.7016E+03  1.3420E+05  1.0000E+00  0.0000E+00  0.0000E+00  1.5000E+00
6.8868E+00  8.0516E+03  1.3190E+05  1.0000E+00  0.0000E+00  0.0000E+00  1.5000E+00
7.0430E+00  8.2521E+03  1.2850E+05  1.0000E+00  0.0000E+00  0.0000E+00  1.5000E+00
7.2048E+00  8.3861E+03  1.2460E+05  1.0000E+00  0.0000E+00  0.0000E+00  1.5000E+00
7.3862E+00  8.4197E+03  1.2010E+05  1.0000E+00  0.0000E+00  0.0000E+00  1.5000E+00
7.6393E+00  8.2737E+03  1.0660E+05  1.0000E+00  0.0000E+00  0.0000E+00  1.5000E+00
8.0388E+00  8.0532E+03  9.9680E+04  1.0000E+00  0.0000E+00  0.0000E+00  1.5000E+00
8.5695E+00  8.1071E+03  1.2390E+05  1.0000E+00  0.0000E+00  0.0000E+00  1.5000E+00
9.0265E+00  8.4912E+03  1.4670E+05  1.0000E+00  0.0000E+00  0.0000E+00  1.5000E+00
9.4156E+00  8.7501E+03  1.5640E+05  1.0000E+00  0.0000E+00  0.0000E+00  1.5000E+00
9.8051E+00  8.8865E+03  1.5630E+05  1.0000E+00  0.0000E+00  0.0000E+00  1.5000E+00
1.0231E+01  9.0020E+03  1.5800E+05  1.0000E+00  0.0000E+00  0.0000E+00  1.5000E+00
1.0681E+01  9.1466E+03  1.8100E+05  1.0000E+00  0.0000E+00  0.0000E+00  1.5000E+00
1.1088E+01  9.4959E+03  2.1700E+05  1.0000E+00  0.0000E+00  0.0000E+00  1.5000E+00
1.1403E+01  9.9032E+03  2.4870E+05  1.0000E+00  0.0000E+00  0.0000E+00  1.5000E+00
1.1665E+01  1.0266E+04  2.7790E+05  1.0000E+00  0.0000E+00  0.0000E+00  1.5000E+00
1.1906E+01  1.0604E+04  3.0730E+05  1.0000E+00  0.0000E+00  0.0000E+00  1.5000E+00
1.2134E+01  1.0819E+04  3.2250E+05  1.0000E+00  0.0000E+00  0.0000E+00  1.5000E+00
1.2367E+01  1.1020E+04  3.3750E+05  1.0000E+00  0.0000E+00  0.0000E+00  1.5000E+00
1.2632E+01  1.1101E+04  3.5360E+05  1.0000E+00  0.0000E+00  0.0000E+00  1.5000E+00
1.2919E+01  1.1196E+04  3.6810E+05  1.0000E+00  0.0000E+00  0.0000E+00  1.5000E+00
1.3243E+01  1.1317E+04  3.7880E+05  1.0000E+00  0.0000E+00  0.0000E+00  1.5000E+00
