8.0130E-03  4.2093E+03  2.7370E+02  1.0000E+00  0.0000E+00  0.0000E+00  1.5000E+00
9.1711E-03  4.2414E+03  3.2020E+02  1.0000E+00  0.0000E+00  0.0000E+00  1.5000E+00
1.0472E-02  4.2483E+03  3.6840E+02  1.0000E+00  0.0000E+00  0.0000E+00  1.5000E+00
1.1933E-02  4.2389E+03  4.1880E+02  1.0000E+00  0.0000E+00  0.0000E+00  1.5000E+00
1.3582E-02  4.2241E+03  4.7100E+02  1.0000E+00  0.0000E+00  0.0000E+00  1.5000E+00
1.5448E-02  4.2189E+03  5.2960E+02  1.0000E+00  0.0000E+00  0.0000E+00  1.5000E+00
1.7563E-02  4.2124E+03  5.9410E+02  1.0000E+00  0.0000E+00  0.0000E+00  1.5000E+00
1.9960E-02  4.2151E+03  6.7040E+02  1.0000E+00  0.0000E+00  0.0000E+00  1.5000E+00
2.2671E-02  4.2223E+03  7.5740E+02  1.0000E+00  0.0000E+00  0.0000E+00  1.5000E+00
2.5729E-02  4.2319E+03  8.6020E+02  1.0000E+00  0.0000E+00  0.0000E+00  1.5000E+00
2.9167E-02  4.2450E+03  9.8000E+02  1.0000E+00  0.0000E+00  0.0000E+00  1.5000E+00
3.3024E-02  4.2722E+03  1.1220E+03  1.0000E+00  0.0000E+00  0.0000E+00  1.5000E+00
3.7343E-02  4.3010E+03  1.2850E+03  1.0000E+00  0.0000E+00  0.0000E+00  1.5000E+00
4.2175E-02  4.3322E+03  1.4720E+03  1.0000E+00  0.0000E+00  0.0000E+00  1.5000E+00
4.7581E-02  4.3758E+03  1.6900E+03  1.0000E+00  0.0000E+00  0.0000E+00  1.5000E+00
5.3639E-02  4.4154E+03  1.9300E+03  1.0000E+00  0.0000E+00  0.0000E+00  1.5000E+00
6.0445E-02  4.4479E+03  2.1900E+03  1.0000E+00  0.0000E+00  0.0000E+00  1.5000E+00
6.8126E-02  4.4716E+03  2.4630E+03  1.0000E+00  0.0000E+00  0.0000E+00  1.5000E+00
7.6827E-02  4.4882E+03  2.7540E+03  1.0000E+00  0.0000E+00  0.0000E+00  1.5000E+00
8.6694E-02  4.5111E+03  3.0810E+03  1.0000E+00  0.0000E+00  0.0000E+00  1.5000E+00
9.7873E-02  4.5383E+03  3.4590E+03  1.0000E+00  0.0000E+00  0.0000E+00  1.5000E+00
1.1050E-01  4.5685E+03  3.9000E+03  1.0000E+00  0.0000E+00  0.0000E+00  1.5000E+00
1.2472E-01  4.5811E+03  4.3930E+03  1.0000E+00  0.0000E+00  0.0000E+00  1.5000E+00
1.4071E-01  4.5706E+03  4.9260E+03  1.0000E+00  0.0000E+00  0.0000E+00  1.5000E+00
1.5872E-01  4.5554E+03  5.5050E+03  1.0000E+00  0.0000E+00  0.0000E+00  1.5000E+00
1.7911E-01  4.5487E+03  6.1220E+03  1.0000E+00  0.0000E+00  0.0000E+00  1.5000E+00
2.0228E-01  4.5652E+03  6.8060E+03  1.0000E+00  0.0000E+00  0.0000E+00  1.5000E+00
2.2866E-01  4.5818E+03  7.5580E+03  1.0000E+00  0.0000E+00  0.0000E+00  1.5000E+00
2.5876E-01  4.5868E+03  8.3590E+03  1.0000E+00  0.0000E+00  0.0000E+00  1.5000E+00
2.9301E-01  4.5999E+03  9.3130E+03  1.0000E+00  0.0000E+00  0.0000E+00  1.5000E+00
3.3190E-01  4.6215E+03  1.0390E+04  1.0000E+00  0.0000E+00  0.0000E+00  1.5000E+00
3.7594E-01  4.6386E+03  1.1630E+04  1.0000E+00  0.0000E+00  0.0000E+00  1.5000E+00
4.2561E-01  4.6530E+03  1.3100E+04  1.0000E+00  0.0000E+00  0.0000E+00  1.5000E+00
4.8139E-01  4.6753E+03  1.4840E+04  1.0000E+00  0.0000E+00  0.0000E+00  1.5000E+00
5.4373E-01  4.7086E+03  1.6880E+04  1.0000E+00  0.0000E+00  0.0000E+00  1.5000E+00
6.1337E-01  4.7422E+03  1.9170E+04  1.0000E+00  0.0000E+00  0.0000E+00  1.5000E+00
6.9138E-01  4.7722E+03  2.1670E+04  1.0000E+00  0.0000E+00  0.0000E+00  1.5000E+00
7.7908E-01  4.8024E+03  2.4380E+04  1.0000E+00  0.0000E+00  0.0000E+00  1.5000E+00
8.7800E-01  4.8439E+03  2.7330E+04  1.0000E+00  0.0000E+00  0.0000E+00  1.5000E+00
9.8980E-01  4.8918E+03  3.0570E+04  1.0000E+00  0.0000E+00  0.0000E+00  1.5000E+00
1.1164E+00  4.9440E+03  3.4080E+04  1.0000E+00  0.0000E+00  0.0000E+00  1.5000E+00
1.2598E+00  5.0123E+03  3.8050E+04  1.0000E+00  0.0000E+00  0.0000E+00  1.5000E+00
1.4215E+00  5.0934E+03  4.2590E+04  1.0000E+00  0.0000E+00  0.0000E+00  1.5000E+00
1.6029E+00  5.1876E+03  4.7740E+04  1.0000E+00  0.0000E+00  0.0000E+00  1.5000E+00
1.8040E+00  5.3032E+03  5.3400E+04  1.0000E+00  0.0000E+00  0.0000E+00  1.5000E+00
2.0226E+00  5.4416E+03  5.9590E+04  1.0000E+00  0.0000E+00  0.0000E+00  1.5000E+00
2.2535E+00  5.5834E+03  6.6110E+04  1.0000E+00  0.0000E+00  0.0000E+00  1.5000E+00
2.4885E+00  5.7296E+03  7.2580E+04  1.0000E+00  0.0000E+00  0.0000E+00  1.5000E+00
2.7226E+00  5.8889E+03  7.8820E+04  1.0000E+00  0.0000E+00  0.0000E+00  1.5000E+00
2.9479E+00  6.0630E+03  8.4630E+04  1.0000E+00  0.0000E+00  0.0000E+00  1.5000E+00
3.1573E+00  6.2589E+03  8.9980E+04  1.0000E+00  0.0000E+00  0.0000E+00  1.5000E+00
3.3483E+00  6.4696E+03  9.4910E+04  1.0000E+00  0.0000E+00  0.0000E+00  1.5000E+00
3.5248E+00  6.6736E+03  9.9150E+04  1.0000E+00  0.0000E+00  0.0000E+00  1.5000E+00
3.6773E+00  6.8917E+03  1.0310E+05  1.0000E+00  0.0000E+00  0.0000E+00  1.5000E+00
3.8068E+00  7.1882E+03  1.0550E+05  1.0000E+00  0.0000E+00  0.0000E+00  1.5000E+00
3.9119E+00  7.5600E+03  1.0630E+05  1.0000E+00  0.0000E+00  0.0000E+00  1.5000E+00
3.9974E+00  7.9355E+03  1.0650E+05  1.0000E+00  0.0000E+00  0.0000E+00  1.5000E+00
4.0476E+00  8.3171E+03  1.0580E+05  1.0000E+00  0.0000E+00  0.0000E+00  1.5000E+00
4.0985E+00  8.6987E+03  1.0520E+05  1.0000E+00  0.0000E+00  0.0000E+00  1.5000E+00
4.1500E+00  9.0803E+03  1.0450E+05  1.0000E+00  0.0000E+00  0.0000E+00  1.5000E+00
4.1960E+00  9.3454E+03  1.0410E+05  1.0000E+00  0.0000E+00  0.0000E+00  1.5000E+00
4.2384E+00  9.5312E+03  1.0390E+05  1.0000E+00  0.0000E+00  0.0000E+00  1.5000E+00
4.2812E+00  9.7170E+03  1.0370E+05  1.0000E+00  0.0000E+00  0.0000E+00  1.5000E+00
4.3244E+00  9.9027E+03  1.0350E+05  1.0000E+00  0.0000E+00  0.0000E+00  1.5000E+00
4.3772E+00  9.9940E+03  1.0410E+05  1.0000E+00  0.0000E+00  0.0000E+00  1.5000E+00
4.4331E+00  1.0060E+04  1.0490E+05  1.0000E+00  0.0000E+00  0.0000E+00  1.5000E+00
4.4909E+00  1.0125E+04  1.0580E+05  1.0000E+00  0.0000E+00  0.0000E+00  1.5000E+00
4.5700E+00  1.0172E+04  1.0800E+05  1.0000E+00  0.0000E+00  0.0000E+00  1.5000E+00
4.6529E+00  1.0218E+04  1.1050E+05  1.0000E+00  0.0000E+00  0.0000E+00  1.5000E+00
4.7583E+00  1.0258E+04  1.1390E+05  1.0000E+00  0.0000E+00  0.0000E+00  1.5000E+00
4.8796E+00  1.0303E+04  1.1810E+05  1.0000E+00  0.0000E+00  0.0000E+00  1.5000E+00
5.0205E+00  1.0356E+04  1.2310E+05  1.0000E+00  0.0000E+00  0.0000E+00  1.5000E+00
5.1847E+00  1.0417E+04  1.2890E+05  1.0000E+00  0.0000E+00  0.0000E+00  1.5000E+00
5.3738E+00  1.0489E+04  1.3610E+05  1.0000E+00  0.0000E+00  0.0000E+00  1.5000E+00
5.5889E+00  1.0572E+04  1.4460E+05  1.0000E+00  0.0000E+00  0.0000E+00  1.5000E+00
5.8310E+00  1.0660E+04  1.5440E+05  1.0000E+00  0.0000E+00  0.0000E+00  1.5000E+00
6.1021E+00  1.0754E+04  1.6580E+05  1.0000E+00  0.0000E+00  0.0000E+00  1.5000E+00
6.4056E+00  1.0854E+04  1.7870E+05  1.0000E+00  0.0000E+00  0.0000E+00  1.5000E+00
6.7439E+00  1.0956E+04  1.9260E+05  1.0000E+00  0.0000E+00  0.0000E+00  1.5000E+00
7.1194E+00  1.1058E+04  2.0790E+05  1.0000E+00  0.0000E+00  0.0000E+00  1.5000E+00
7.5391E+00  1.1166E+04  2.2490E+05  1.0000E+00  0.0000E+00  0.0000E+00  1.5000E+00
