9.3150E-03  3.6602E+03  1.8930E+02  1.0000E+00  0.0000E+00  0.0000E+00  1.5000E+00
1.0766E-02  3.6704E+03  2.1970E+02  1.0000E+00  0.0000E+00  0.0000E+00  1.5000E+00
1.2425E-02  3.6704E+03  2.5240E+02  1.0000E+00  0.0000E+00  0.0000E+00  1.5000E+00
1.4335E-02  3.6693E+03  2.8850E+02  1.0000E+00  0.0000E+00  0.0000E+00  1.5000E+00
1.6530E-02  3.6724E+03  3.2950E+02  1.0000E+00  0.0000E+00  0.0000E+00  1.5000E+00
1.9043E-02  3.6808E+03  3.7670E+02  1.0000E+00  0.0000E+00  0.0000E+00  1.5000E+00
2.1900E-02  3.6942E+03  4.3200E+02  1.0000E+00  0.0000E+00  0.0000E+00  1.5000E+00
2.5133E-02  3.7121E+03  4.9690E+02  1.0000E+00  0.0000E+00  0.0000E+00  1.5000E+00
2.8764E-02  3.7345E+03  5.7300E+02  1.0000E+00  0.0000E+00  0.0000E+00  1.5000E+00
3.2816E-02  3.7621E+03  6.6190E+02  1.0000E+00  0.0000E+00  0.0000E+00  1.5000E+00
3.7318E-02  3.7970E+03  7.6580E+02  1.0000E+00  0.0000E+00  0.0000E+00  1.5000E+00
4.2281E-02  3.8364E+03  8.8270E+02  1.0000E+00  0.0000E+00  0.0000E+00  1.5000E+00
4.7778E-02  3.8784E+03  1.0110E+03  1.0000E+00  0.0000E+00  0.0000E+00  1.5000E+00
5.3867E-02  3.9271E+03  1.1520E+03  1.0000E+00  0.0000E+00  0.0000E+00  1.5000E+00
6.0605E-02  3.9805E+03  1.3150E+03  1.0000E+00  0.0000E+00  0.0000E+00  1.5000E+00
6.8048E-02  4.0349E+03  1.5150E+03  1.0000E+00  0.0000E+00  0.0000E+00  1.5000E+00
7.6167E-02  4.1057E+03  1.7630E+03  1.0000E+00  0.0000E+00  0.0000E+00  1.5000E+00
8.5045E-02  4.1748E+03  2.0410E+03  1.0000E+00  0.0000E+00  0.0000E+00  1.5000E+00
9.4888E-02  4.2164E+03  2.3230E+03  1.0000E+00  0.0000E+00  0.0000E+00  1.5000E+00
1.0595E-01  4.2415E+03  2.6170E+03  1.0000E+00  0.0000E+00  0.0000E+00  1.5000E+00
1.1839E-01  4.2792E+03  2.9690E+03  1.0000E+00  0.0000E+00  0.0000E+00  1.5000E+00
1.3223E-01  4.3470E+03  3.4240E+03  1.0000E+00  0.0000E+00  0.0000E+00  1.5000E+00
1.4750E-01  4.4267E+03  3.9700E+03  1.0000E+00  0.0000E+00  0.0000E+00  1.5000E+00
1.6444E-01  4.4906E+03  4.5600E+03  1.0000E+00  0.0000E+00  0.0000E+00  1.5000E+00
1.8341E-01  4.5272E+03  5.1550E+03  1.0000E+00  0.0000E+00  0.0000E+00  1.5000E+00
2.0483E-01  4.5476E+03  5.7690E+03  1.0000E+00  0.0000E+00  0.0000E+00  1.5000E+00
2.2907E-01  4.5737E+03  6.4660E+03  1.0000E+00  0.0000E+00  0.0000E+00  1.5000E+00
2.5644E-01  4.6179E+03  7.3050E+03  1.0000E+00  0.0000E+00  0.0000E+00  1.5000E+00
2.8722E-01  4.6681E+03  8.2700E+03  1.0000E+00  0.0000E+00  0.0000E+00  1.5000E+00
3.2189E-01  4.7073E+03  9.3120E+03  1.0000E+00  0.0000E+00  0.0000E+00  1.5000E+00
3.6107E-01  4.7248E+03  1.0390E+04  1.0000E+00  0.0000E+00  0.0000E+00  1.5000E+00
4.0555E-01  4.7235E+03  1.1510E+04  1.0000E+00  0.0000E+00  0.0000E+00  1.5000E+00
4.5628E-01  4.7180E+03  1.2720E+04  1.0000E+00  0.0000E+00  0.0000E+00  1.5000E+00
5.1409E-01  4.7232E+03  1.4100E+04  1.0000E+00  0.0000E+00  0.0000E+00  1.5000E+00
5.7982E-01  4.7423E+03  1.5700E+04  1.0000E+00  0.0000E+00  0.0000E+00  1.5000E+00
6.5427E-01  4.7683E+03  1.7580E+04  1.0000E+00  0.0000E+00  0.0000E+00  1.5000E+00
7.3809E-01  4.8093E+03  1.9870E+04  1.0000E+00  0.0000E+00  0.0000E+00  1.5000E+00
8.3199E-01  4.8538E+03  2.2580E+04  1.0000E+00  0.0000E+00  0.0000E+00  1.5000E+00
9.3689E-01  4.8850E+03  2.5560E+04  1.0000E+00  0.0000E+00  0.0000E+00  1.5000E+00
1.0547E+00  4.9124E+03  2.8720E+04  1.0000E+00  0.0000E+00  0.0000E+00  1.5000E+00
1.1877E+00  4.9410E+03  3.2120E+04  1.0000E+00  0.0000E+00  0.0000E+00  1.5000E+00
1.3382E+00  4.9810E+03  3.5930E+04  1.0000E+00  0.0000E+00  0.0000E+00  1.5000E+00
1.5079E+00  5.0362E+03  4.0220E+04  1.0000E+00  0.0000E+00  0.0000E+00  1.5000E+00
1.6991E+00  5.1121E+03  4.5080E+04  1.0000E+00  0.0000E+00  0.0000E+00  1.5000E+00
1.9132E+00  5.2028E+03  5.0600E+04  1.0000E+00  0.0000E+00  0.0000E+00  1.5000E+00
2.1503E+00  5.3068E+03  5.6890E+04  1.0000E+00  0.0000E+00  0.0000E+00  1.5000E+00
2.4085E+00  5.4271E+03  6.3860E+04  1.0000E+00  0.0000E+00  0.0000E+00  1.5000E+00
2.6828E+00  5.5647E+03  7.1260E+04  1.0000E+00  0.0000E+00  0.0000E+00  1.5000E+00
2.9665E+00  5.6990E+03  7.8630E+04  1.0000E+00  0.0000E+00  0.0000E+00  1.5000E+00
3.2552E+00  5.8434E+03  8.5910E+04  1.0000E+00  0.0000E+00  0.0000E+00  1.5000E+00
3.5374E+00  6.0205E+03  9.3410E+04  1.0000E+00  0.0000E+00  0.0000E+00  1.5000E+00
3.8032E+00  6.1864E+03  9.9980E+04  1.0000E+00  0.0000E+00  0.0000E+00  1.5000E+00
4.0503E+00  6.3918E+03  1.0690E+05  1.0000E+00  0.0000E+00  0.0000E+00  1.5000E+00
4.2717E+00  6.5973E+03  1.1230E+05  1.0000E+00  0.0000E+00  0.0000E+00  1.5000E+00
4.4626E+00  6.8479E+03  1.1780E+05  1.0000E+00  0.0000E+00  0.0000E+00  1.5000E+00
4.6375E+00  7.0960E+03  1.2280E+05  1.0000E+00  0.0000E+00  0.0000E+00  1.5000E+00
4.7935E+00  7.3268E+03  1.2670E+05  1.0000E+00  0.0000E+00  0.0000E+00  1.5000E+00
4.8923E+00  7.6977E+03  1.2920E+05  1.0000E+00  0.0000E+00  0.0000E+00  1.5000E+00
4.9603E+00  8.1416E+03  1.3090E+05  1.0000E+00  0.0000E+00  0.0000E+00  1.5000E+00
5.0292E+00  8.5854E+03  1.3270E+05  1.0000E+00  0.0000E+00  0.0000E+00  1.5000E+00
5.0984E+00  9.0251E+03  1.3450E+05  1.0000E+00  0.0000E+00  0.0000E+00  1.5000E+00
5.1413E+00  9.2830E+03  1.3540E+05  1.0000E+00  0.0000E+00  0.0000E+00  1.5000E+00
5.1845E+00  9.5409E+03  1.3620E+05  1.0000E+00  0.0000E+00  0.0000E+00  1.5000E+00
5.2281E+00  9.7988E+03  1.3710E+05  1.0000E+00  0.0000E+00  0.0000E+00  1.5000E+00
5.2721E+00  1.0057E+04  1.3790E+05  1.0000E+00  0.0000E+00  0.0000E+00  1.5000E+00
5.3179E+00  1.0290E+04  1.3890E+05  1.0000E+00  0.0000E+00  0.0000E+00  1.5000E+00
5.3733E+00  1.0364E+04  1.4040E+05  1.0000E+00  0.0000E+00  0.0000E+00  1.5000E+00
5.4293E+00  1.0438E+04  1.4200E+05  1.0000E+00  0.0000E+00  0.0000E+00  1.5000E+00
5.4859E+00  1.0512E+04  1.4360E+05  1.0000E+00  0.0000E+00  0.0000E+00  1.5000E+00
5.5599E+00  1.0576E+04  1.4570E+05  1.0000E+00  0.0000E+00  0.0000E+00  1.5000E+00
5.6454E+00  1.0633E+04  1.4830E+05  1.0000E+00  0.0000E+00  0.0000E+00  1.5000E+00
5.7412E+00  1.0682E+04  1.5110E+05  1.0000E+00  0.0000E+00  0.0000E+00  1.5000E+00
5.8609E+00  1.0710E+04  1.5480E+05  1.0000E+00  0.0000E+00  0.0000E+00  1.5000E+00
6.0021E+00  1.0746E+04  1.5900E+05  1.0000E+00  0.0000E+00  0.0000E+00  1.5000E+00
6.1678E+00  1.0786E+04  1.6370E+05  1.0000E+00  0.0000E+00  0.0000E+00  1.5000E+00
6.3656E+00  1.0827E+04  1.6920E+05  1.0000E+00  0.0000E+00  0.0000E+00  1.5000E+00
6.6011E+00  1.0874E+04  1.7560E+05  1.0000E+00  0.0000E+00  0.0000E+00  1.5000E+00
6.8783E+00  1.0927E+04  1.8290E+05  1.0000E+00  0.0000E+00  0.0000E+00  1.5000E+00
7.2009E+00  1.0986E+04  1.9140E+05  1.0000E+00  0.0000E+00  0.0000E+00  1.5000E+00
7.5748E+00  1.1050E+04  2.0150E+05  1.0000E+00  0.0000E+00  0.0000E+00  1.5000E+00
8.0075E+00  1.1123E+04  2.1360E+05  1.0000E+00  0.0000E+00  0.0000E+00  1.5000E+00
