8.9390E-03  4.4056E+03  2.8610E+02  1.0000E+00  0.0000E+00  0.0000E+00  1.5000E+00
1.0143E-02  4.4142E+03  3.3250E+02  1.0000E+00  0.0000E+00  0.0000E+00  1.5000E+00
1.1493E-02  4.4121E+03  3.8090E+02  1.0000E+00  0.0000E+00  0.0000E+00  1.5000E+00
1.3010E-02  4.3864E+03  4.2900E+02  1.0000E+00  0.0000E+00  0.0000E+00  1.5000E+00
1.4715E-02  4.3527E+03  4.8010E+02  1.0000E+00  0.0000E+00  0.0000E+00  1.5000E+00
1.6632E-02  4.3223E+03  5.3730E+02  1.0000E+00  0.0000E+00  0.0000E+00  1.5000E+00
1.8789E-02  4.2840E+03  5.9790E+02  1.0000E+00  0.0000E+00  0.0000E+00  1.5000E+00
2.1226E-02  4.2373E+03  6.6100E+02  1.0000E+00  0.0000E+00  0.0000E+00  1.5000E+00
2.3993E-02  4.1896E+03  7.2940E+02  1.0000E+00  0.0000E+00  0.0000E+00  1.5000E+00
2.7152E-02  4.1480E+03  8.0560E+02  1.0000E+00  0.0000E+00  0.0000E+00  1.5000E+00
3.0771E-02  4.1131E+03  8.9210E+02  1.0000E+00  0.0000E+00  0.0000E+00  1.5000E+00
3.4926E-02  4.0775E+03  9.9230E+02  1.0000E+00  0.0000E+00  0.0000E+00  1.5000E+00
3.9700E-02  4.0365E+03  1.1110E+03  1.0000E+00  0.0000E+00  0.0000E+00  1.5000E+00
4.5186E-02  3.9980E+03  1.2530E+03  1.0000E+00  0.0000E+00  0.0000E+00  1.5000E+00
5.1497E-02  3.9651E+03  1.4230E+03  1.0000E+00  0.0000E+00  0.0000E+00  1.5000E+00
5.8747E-02  3.9376E+03  1.6210E+03  1.0000E+00  0.0000E+00  0.0000E+00  1.5000E+00
6.7047E-02  3.9262E+03  1.8450E+03  1.0000E+00  0.0000E+00  0.0000E+00  1.5000E+00
7.6530E-02  3.9184E+03  2.0950E+03  1.0000E+00  0.0000E+00  0.0000E+00  1.5000E+00
8.7405E-02  3.9047E+03  2.3760E+03  1.0000E+00  0.0000E+00  0.0000E+00  1.5000E+00
9.9817E-02  3.9104E+03  2.7060E+03  1.0000E+00  0.0000E+00  0.0000E+00  1.5000E+00
1.1361E-01  3.9582E+03  3.0910E+03  1.0000E+00  0.0000E+00  0.0000E+00  1.5000E+00
1.2853E-01  4.0521E+03  3.5220E+03  1.0000E+00  0.0000E+00  0.0000E+00  1.5000E+00
1.4452E-01  4.1737E+03  3.9910E+03  1.0000E+00  0.0000E+00  0.0000E+00  1.5000E+00
1.6186E-01  4.2981E+03  4.5060E+03  1.0000E+00  0.0000E+00  0.0000E+00  1.5000E+00
1.8107E-01  4.4093E+03  5.0670E+03  1.0000E+00  0.0000E+00  0.0000E+00  1.5000E+00
2.0270E-01  4.5001E+03  5.6830E+03  1.0000E+00  0.0000E+00  0.0000E+00  1.5000E+00
2.2723E-01  4.5675E+03  6.3640E+03  1.0000E+00  0.0000E+00  0.0000E+00  1.5000E+00
2.5505E-01  4.6229E+03  7.1380E+03  1.0000E+00  0.0000E+00  0.0000E+00  1.5000E+00
2.8657E-01  4.6698E+03  8.0110E+03  1.0000E+00  0.0000E+00  0.0000E+00  1.5000E+00
3.2221E-01  4.7095E+03  8.9950E+03  1.0000E+00  0.0000E+00  0.0000E+00  1.5000E+00
3.6251E-01  4.7333E+03  1.0080E+04  1.0000E+00  0.0000E+00  0.0000E+00  1.5000E+00
4.0803E-01  4.7384E+03  1.1270E+04  1.0000E+00  0.0000E+00  0.0000E+00  1.5000E+00
4.5948E-01  4.7323E+03  1.2570E+04  1.0000E+00  0.0000E+00  0.0000E+00  1.5000E+00
5.1777E-01  4.7233E+03  1.3990E+04  1.0000E+00  0.0000E+00  0.0000E+00  1.5000E+00
5.8397E-01  4.7153E+03  1.5540E+04  1.0000E+00  0.0000E+00  0.0000E+00  1.5000E+00
6.5923E-01  4.7110E+03  1.7240E+04  1.0000E+00  0.0000E+00  0.0000E+00  1.5000E+00
7.4509E-01  4.7133E+03  1.9090E+04  1.0000E+00  0.0000E+00  0.0000E+00  1.5000E+00
8.4307E-01  4.7233E+03  2.1120E+04  1.0000E+00  0.0000E+00  0.0000E+00  1.5000E+00
9.5496E-01  4.7416E+03  2.3370E+04  1.0000E+00  0.0000E+00  0.0000E+00  1.5000E+00
1.0826E+00  4.7710E+03  2.5910E+04  1.0000E+00  0.0000E+00  0.0000E+00  1.5000E+00
1.2279E+00  4.8108E+03  2.8780E+04  1.0000E+00  0.0000E+00  0.0000E+00  1.5000E+00
1.3929E+00  4.8569E+03  3.2040E+04  1.0000E+00  0.0000E+00  0.0000E+00  1.5000E+00
1.5798E+00  4.9139E+03  3.5850E+04  1.0000E+00  0.0000E+00  0.0000E+00  1.5000E+00
1.7901E+00  4.9978E+03  4.0450E+04  1.0000E+00  0.0000E+00  0.0000E+00  1.5000E+00
2.0245E+00  5.1108E+03  4.6040E+04  1.0000E+00  0.0000E+00  0.0000E+00  1.5000E+00
2.2825E+00  5.2344E+03  5.2680E+04  1.0000E+00  0.0000E+00  0.0000E+00  1.5000E+00
2.5628E+00  5.3501E+03  5.9840E+04  1.0000E+00  0.0000E+00  0.0000E+00  1.5000E+00
2.8659E+00  5.4527E+03  6.7140E+04  1.0000E+00  0.0000E+00  0.0000E+00  1.5000E+00
3.1952E+00  5.5402E+03  7.4270E+04  1.0000E+00  0.0000E+00  0.0000E+00  1.5000E+00
3.5554E+00  5.6133E+03  8.1360E+04  1.0000E+00  0.0000E+00  0.0000E+00  1.5000E+00
3.9489E+00  5.6937E+03  8.8900E+04  1.0000E+00  0.0000E+00  0.0000E+00  1.5000E+00
4.3738E+00  5.7862E+03  9.7480E+04  1.0000E+00  0.0000E+00  0.0000E+00  1.5000E+00
4.8158E+00  5.9073E+03  1.0610E+05  1.0000E+00  0.0000E+00  0.0000E+00  1.5000E+00
5.2691E+00  6.0195E+03  1.1520E+05  1.0000E+00  0.0000E+00  0.0000E+00  1.5000E+00
5.7350E+00  6.1363E+03  1.2470E+05  1.0000E+00  0.0000E+00  0.0000E+00  1.5000E+00
6.2055E+00  6.2600E+03  1.3540E+05  1.0000E+00  0.0000E+00  0.0000E+00  1.5000E+00
6.6778E+00  6.3856E+03  1.4610E+05  1.0000E+00  0.0000E+00  0.0000E+00  1.5000E+00
7.1537E+00  6.5148E+03  1.5750E+05  1.0000E+00  0.0000E+00  0.0000E+00  1.5000E+00
7.6402E+00  6.6228E+03  1.6630E+05  1.0000E+00  0.0000E+00  0.0000E+00  1.5000E+00
8.1272E+00  6.7906E+03  1.7390E+05  1.0000E+00  0.0000E+00  0.0000E+00  1.5000E+00
8.6153E+00  6.9220E+03  1.8090E+05  1.0000E+00  0.0000E+00  0.0000E+00  1.5000E+00
9.0894E+00  7.1441E+03  1.9230E+05  1.0000E+00  0.0000E+00  0.0000E+00  1.5000E+00
9.5460E+00  7.2690E+03  2.0560E+05  1.0000E+00  0.0000E+00  0.0000E+00  1.5000E+00
9.9494E+00  7.5979E+03  2.2010E+05  1.0000E+00  0.0000E+00  0.0000E+00  1.5000E+00
1.0210E+01  8.1152E+03  2.2860E+05  1.0000E+00  0.0000E+00  0.0000E+00  1.5000E+00
1.0380E+01  8.7023E+03  2.3210E+05  1.0000E+00  0.0000E+00  0.0000E+00  1.5000E+00
1.0545E+01  9.2600E+03  2.3540E+05  1.0000E+00  0.0000E+00  0.0000E+00  1.5000E+00
1.0645E+01  9.5742E+03  2.3660E+05  1.0000E+00  0.0000E+00  0.0000E+00  1.5000E+00
1.0745E+01  9.8883E+03  2.3780E+05  1.0000E+00  0.0000E+00  0.0000E+00  1.5000E+00
1.0846E+01  1.0202E+04  2.3900E+05  1.0000E+00  0.0000E+00  0.0000E+00  1.5000E+00
1.0951E+01  1.0430E+04  2.4150E+05  1.0000E+00  0.0000E+00  0.0000E+00  1.5000E+00
1.1059E+01  1.0555E+04  2.4550E+05  1.0000E+00  0.0000E+00  0.0000E+00  1.5000E+00
1.1168E+01  1.0680E+04  2.4950E+05  1.0000E+00  0.0000E+00  0.0000E+00  1.5000E+00
1.1291E+01  1.0789E+04  2.5380E+05  1.0000E+00  0.0000E+00  0.0000E+00  1.5000E+00
1.1440E+01  1.0867E+04  2.5870E+05  1.0000E+00  0.0000E+00  0.0000E+00  1.5000E+00
1.1593E+01  1.0947E+04  2.6370E+05  1.0000E+00  0.0000E+00  0.0000E+00  1.5000E+00
1.1779E+01  1.1108E+04  2.7120E+05  1.0000E+00  0.0000E+00  0.0000E+00  1.5000E+00
1.1972E+01  1.1263E+04  2.7890E+05  1.0000E+00  0.0000E+00  0.0000E+00  1.5000E+00
1.2189E+01  1.1397E+04  2.8640E+05  1.0000E+00  0.0000E+00  0.0000E+00  1.5000E+00
1.2432E+01  1.1489E+04  2.9410E+05  1.0000E+00  0.0000E+00  0.0000E+00  1.5000E+00
1.2709E+01  1.1543E+04  3.0200E+05  1.0000E+00  0.0000E+00  0.0000E+00  1.5000E+00
