8.5863E-03  3.8469E+03  2.3350E+02  1.0000E+00  0.0000E+00  0.0000E+00  1.5000E+00
9.8062E-03  3.8845E+03  2.6810E+02  1.0000E+00  0.0000E+00  0.0000E+00  1.5000E+00
1.1190E-02  3.9219E+03  3.0720E+02  1.0000E+00  0.0000E+00  0.0000E+00  1.5000E+00
1.2757E-02  3.9589E+03  3.5170E+02  1.0000E+00  0.0000E+00  0.0000E+00  1.5000E+00
1.4531E-02  3.9936E+03  4.0320E+02  1.0000E+00  0.0000E+00  0.0000E+00  1.5000E+00
1.6535E-02  4.0204E+03  4.6090E+02  1.0000E+00  0.0000E+00  0.0000E+00  1.5000E+00
1.8797E-02  4.0563E+03  5.2760E+02  1.0000E+00  0.0000E+00  0.0000E+00  1.5000E+00
2.1351E-02  4.0990E+03  6.0180E+02  1.0000E+00  0.0000E+00  0.0000E+00  1.5000E+00
2.4239E-02  4.1460E+03  6.8510E+02  1.0000E+00  0.0000E+00  0.0000E+00  1.5000E+00
2.7504E-02  4.1859E+03  7.8110E+02  1.0000E+00  0.0000E+00  0.0000E+00  1.5000E+00
3.1184E-02  4.2137E+03  8.9130E+02  1.0000E+00  0.0000E+00  0.0000E+00  1.5000E+00
3.5305E-02  4.2430E+03  1.0260E+03  1.0000E+00  0.0000E+00  0.0000E+00  1.5000E+00
3.9910E-02  4.2714E+03  1.1770E+03  1.0000E+00  0.0000E+00  0.0000E+00  1.5000E+00
4.5058E-02  4.2999E+03  1.3510E+03  1.0000E+00  0.0000E+00  0.0000E+00  1.5000E+00
5.0825E-02  4.3163E+03  1.5350E+03  1.0000E+00  0.0000E+00  0.0000E+00  1.5000E+00
5.7321E-02  4.3186E+03  1.7270E+03  1.0000E+00  0.0000E+00  0.0000E+00  1.5000E+00
6.4684E-02  4.3062E+03  1.9220E+03  1.0000E+00  0.0000E+00  0.0000E+00  1.5000E+00
7.3074E-02  4.2891E+03  2.1300E+03  1.0000E+00  0.0000E+00  0.0000E+00  1.5000E+00
8.2658E-02  4.2793E+03  2.3620E+03  1.0000E+00  0.0000E+00  0.0000E+00  1.5000E+00
9.3600E-02  4.2837E+03  2.6310E+03  1.0000E+00  0.0000E+00  0.0000E+00  1.5000E+00
1.0605E-01  4.2941E+03  2.9370E+03  1.0000E+00  0.0000E+00  0.0000E+00  1.5000E+00
1.2021E-01  4.3067E+03  3.2810E+03  1.0000E+00  0.0000E+00  0.0000E+00  1.5000E+00
1.3628E-01  4.3235E+03  3.6690E+03  1.0000E+00  0.0000E+00  0.0000E+00  1.5000E+00
1.5448E-01  4.3442E+03  4.1150E+03  1.0000E+00  0.0000E+00  0.0000E+00  1.5000E+00
1.7509E-01  4.3626E+03  4.6140E+03  1.0000E+00  0.0000E+00  0.0000E+00  1.5000E+00
1.9841E-01  4.3881E+03  5.1680E+03  1.0000E+00  0.0000E+00  0.0000E+00  1.5000E+00
2.2479E-01  4.4183E+03  5.8000E+03  1.0000E+00  0.0000E+00  0.0000E+00  1.5000E+00
2.5455E-01  4.4532E+03  6.5230E+03  1.0000E+00  0.0000E+00  0.0000E+00  1.5000E+00
2.8808E-01  4.4902E+03  7.3560E+03  1.0000E+00  0.0000E+00  0.0000E+00  1.5000E+00
3.2573E-01  4.5334E+03  8.3250E+03  1.0000E+00  0.0000E+00  0.0000E+00  1.5000E+00
3.6794E-01  4.5836E+03  9.4430E+03  1.0000E+00  0.0000E+00  0.0000E+00  1.5000E+00
4.1522E-01  4.6320E+03  1.0720E+04  1.0000E+00  0.0000E+00  0.0000E+00  1.5000E+00
4.6819E-01  4.6736E+03  1.2130E+04  1.0000E+00  0.0000E+00  0.0000E+00  1.5000E+00
5.2772E-01  4.7081E+03  1.3670E+04  1.0000E+00  0.0000E+00  0.0000E+00  1.5000E+00
5.9487E-01  4.7375E+03  1.5330E+04  1.0000E+00  0.0000E+00  0.0000E+00  1.5000E+00
6.7086E-01  4.7707E+03  1.7130E+04  1.0000E+00  0.0000E+00  0.0000E+00  1.5000E+00
7.5699E-01  4.7952E+03  1.9090E+04  1.0000E+00  0.0000E+00  0.0000E+00  1.5000E+00
8.5471E-01  4.8245E+03  2.1290E+04  1.0000E+00  0.0000E+00  0.0000E+00  1.5000E+00
9.6539E-01  4.8585E+03  2.3810E+04  1.0000E+00  0.0000E+00  0.0000E+00  1.5000E+00
1.0901E+00  4.9123E+03  2.6890E+04  1.0000E+00  0.0000E+00  0.0000E+00  1.5000E+00
1.2299E+00  4.9944E+03  3.0400E+04  1.0000E+00  0.0000E+00  0.0000E+00  1.5000E+00
1.3862E+00  5.0877E+03  3.4380E+04  1.0000E+00  0.0000E+00  0.0000E+00  1.5000E+00
1.5596E+00  5.1943E+03  3.8910E+04  1.0000E+00  0.0000E+00  0.0000E+00  1.5000E+00
1.7504E+00  5.2985E+03  4.3870E+04  1.0000E+00  0.0000E+00  0.0000E+00  1.5000E+00
1.9558E+00  5.4236E+03  4.9400E+04  1.0000E+00  0.0000E+00  0.0000E+00  1.5000E+00
2.1742E+00  5.5255E+03  5.5240E+04  1.0000E+00  0.0000E+00  0.0000E+00  1.5000E+00
2.4116E+00  5.5810E+03  6.0970E+04  1.0000E+00  0.0000E+00  0.0000E+00  1.5000E+00
2.6758E+00  5.6234E+03  6.7050E+04  1.0000E+00  0.0000E+00  0.0000E+00  1.5000E+00
2.9739E+00  5.6408E+03  7.3830E+04  1.0000E+00  0.0000E+00  0.0000E+00  1.5000E+00
3.3154E+00  5.6587E+03  8.1380E+04  1.0000E+00  0.0000E+00  0.0000E+00  1.5000E+00
3.6946E+00  5.7317E+03  8.7840E+04  1.0000E+00  0.0000E+00  0.0000E+00  1.5000E+00
4.1142E+00  5.8177E+03  9.2380E+04  1.0000E+00  0.0000E+00  0.0000E+00  1.5000E+00
4.5433E+00  5.9858E+03  1.0170E+05  1.0000E+00  0.0000E+00  0.0000E+00  1.5000E+00
4.9327E+00  6.1753E+03  1.1650E+05  1.0000E+00  0.0000E+00  0.0000E+00  1.5000E+00
5.2929E+00  6.3198E+03  1.3150E+05  1.0000E+00  0.0000E+00  0.0000E+00  1.5000E+00
5.6564E+00  6.4195E+03  1.4350E+05  1.0000E+00  0.0000E+00  0.0000E+00  1.5000E+00
6.0348E+00  6.5244E+03  1.5100E+05  1.0000E+00  0.0000E+00  0.0000E+00  1.5000E+00
6.4429E+00  6.6084E+03  1.5210E+05  1.0000E+00  0.0000E+00  0.0000E+00  1.5000E+00
6.9014E+00  6.6697E+03  1.4930E+05  1.0000E+00  0.0000E+00  0.0000E+00  1.5000E+00
7.4110E+00  6.7909E+03  1.4860E+05  1.0000E+00  0.0000E+00  0.0000E+00  1.5000E+00
7.9483E+00  6.9319E+03  1.4640E+05  1.0000E+00  0.0000E+00  0.0000E+00  1.5000E+00
8.4761E+00  7.1419E+03  1.4950E+05  1.0000E+00  0.0000E+00  0.0000E+00  1.5000E+00
8.9699E+00  7.3569E+03  1.5960E+05  1.0000E+00  0.0000E+00  0.0000E+00  1.5000E+00
9.4318E+00  7.5336E+03  1.7530E+05  1.0000E+00  0.0000E+00  0.0000E+00  1.5000E+00
9.8847E+00  7.6953E+03  1.9240E+05  1.0000E+00  0.0000E+00  0.0000E+00  1.5000E+00
1.0355E+01  7.7747E+03  2.0660E+05  1.0000E+00  0.0000E+00  0.0000E+00  1.5000E+00
1.0836E+01  7.9959E+03  2.2140E+05  1.0000E+00  0.0000E+00  0.0000E+00  1.5000E+00
1.1248E+01  8.3918E+03  2.2610E+05  1.0000E+00  0.0000E+00  0.0000E+00  1.5000E+00
1.1572E+01  8.8006E+03  2.2990E+05  1.0000E+00  0.0000E+00  0.0000E+00  1.5000E+00
1.1864E+01  9.0975E+03  2.3640E+05  1.0000E+00  0.0000E+00  0.0000E+00  1.5000E+00
1.2148E+01  9.2990E+03  2.4400E+05  1.0000E+00  0.0000E+00  0.0000E+00  1.5000E+00
1.2449E+01  9.3652E+03  2.5060E+05  1.0000E+00  0.0000E+00  0.0000E+00  1.5000E+00
1.2813E+01  9.3744E+03  2.5320E+05  1.0000E+00  0.0000E+00  0.0000E+00  1.5000E+00
1.3250E+01  9.3948E+03  2.5650E+05  1.0000E+00  0.0000E+00  0.0000E+00  1.5000E+00
1.3769E+01  9.4552E+03  2.5790E+05  1.0000E+00  0.0000E+00  0.0000E+00  1.5000E+00
1.4362E+01  9.5750E+03  2.5990E+05  1.0000E+00  0.0000E+00  0.0000E+00  1.5000E+00
1.4974E+01  9.8097E+03  2.8570E+05  1.0000E+00  0.0000E+00  0.0000E+00  1.5000E+00
1.5577E+01  9.9429E+03  3.3390E+05  1.0000E+00  0.0000E+00  0.0000E+00  1.5000E+00
1.6233E+01  1.0009E+04  3.9080E+05  1.0000E+00  0.0000E+00  0.0000E+00  1.5000E+00
1.6859E+01  1.0382E+04  4.2950E+05  1.0000E+00  0.0000E+00  0.0000E+00  1.5000E+00
1.7376E+01  1.0910E+04  4.4970E+05  1.0000E+00  0.0000E+00  0.0000E+00  1.5000E+00
