8.5896E-03  3.8565E+03  1.9680E+02  1.0000E+00  0.0000E+00  0.0000E+00  1.5000E+00
9.9501E-03  3.8887E+03  2.2290E+02  1.0000E+00  0.0000E+00  0.0000E+00  1.5000E+00
1.1508E-02  3.9245E+03  2.5350E+02  1.0000E+00  0.0000E+00  0.0000E+00  1.5000E+00
1.3288E-02  3.9591E+03  2.8870E+02  1.0000E+00  0.0000E+00  0.0000E+00  1.5000E+00
1.5319E-02  4.0271E+03  3.2810E+02  1.0000E+00  0.0000E+00  0.0000E+00  1.5000E+00
1.7648E-02  4.0899E+03  3.7100E+02  1.0000E+00  0.0000E+00  0.0000E+00  1.5000E+00
2.0324E-02  4.1152E+03  4.1590E+02  1.0000E+00  0.0000E+00  0.0000E+00  1.5000E+00
2.3396E-02  4.1750E+03  4.7030E+02  1.0000E+00  0.0000E+00  0.0000E+00  1.5000E+00
2.6840E-02  4.2756E+03  5.7760E+02  1.0000E+00  0.0000E+00  0.0000E+00  1.5000E+00
3.0622E-02  4.3986E+03  7.0220E+02  1.0000E+00  0.0000E+00  0.0000E+00  1.5000E+00
3.4865E-02  4.4729E+03  8.1880E+02  1.0000E+00  0.0000E+00  0.0000E+00  1.5000E+00
3.9619E-02  4.4816E+03  9.3360E+02  1.0000E+00  0.0000E+00  0.0000E+00  1.5000E+00
4.4927E-02  4.4304E+03  1.0440E+03  1.0000E+00  0.0000E+00  0.0000E+00  1.5000E+00
5.0812E-02  4.3499E+03  1.1610E+03  1.0000E+00  0.0000E+00  0.0000E+00  1.5000E+00
5.7400E-02  4.3101E+03  1.2960E+03  1.0000E+00  0.0000E+00  0.0000E+00  1.5000E+00
6.4823E-02  4.2792E+03  1.4510E+03  1.0000E+00  0.0000E+00  0.0000E+00  1.5000E+00
7.3191E-02  4.2487E+03  1.6330E+03  1.0000E+00  0.0000E+00  0.0000E+00  1.5000E+00
8.2641E-02  4.2426E+03  1.8380E+03  1.0000E+00  0.0000E+00  0.0000E+00  1.5000E+00
9.3320E-02  4.2551E+03  2.0700E+03  1.0000E+00  0.0000E+00  0.0000E+00  1.5000E+00
1.0538E-01  4.2656E+03  2.3330E+03  1.0000E+00  0.0000E+00  0.0000E+00  1.5000E+00
1.1899E-01  4.2725E+03  2.6380E+03  1.0000E+00  0.0000E+00  0.0000E+00  1.5000E+00
1.3431E-01  4.2891E+03  2.9870E+03  1.0000E+00  0.0000E+00  0.0000E+00  1.5000E+00
1.5148E-01  4.3330E+03  3.4000E+03  1.0000E+00  0.0000E+00  0.0000E+00  1.5000E+00
1.7062E-01  4.3859E+03  3.8890E+03  1.0000E+00  0.0000E+00  0.0000E+00  1.5000E+00
1.9194E-01  4.4348E+03  4.4640E+03  1.0000E+00  0.0000E+00  0.0000E+00  1.5000E+00
2.1561E-01  4.4768E+03  5.1190E+03  1.0000E+00  0.0000E+00  0.0000E+00  1.5000E+00
2.4196E-01  4.5202E+03  5.8660E+03  1.0000E+00  0.0000E+00  0.0000E+00  1.5000E+00
2.7127E-01  4.5676E+03  6.7240E+03  1.0000E+00  0.0000E+00  0.0000E+00  1.5000E+00
3.0393E-01  4.6246E+03  7.6840E+03  1.0000E+00  0.0000E+00  0.0000E+00  1.5000E+00
3.4050E-01  4.6727E+03  8.7060E+03  1.0000E+00  0.0000E+00  0.0000E+00  1.5000E+00
3.8161E-01  4.6946E+03  9.8230E+03  1.0000E+00  0.0000E+00  0.0000E+00  1.5000E+00
4.2782E-01  4.7157E+03  1.1060E+04  1.0000E+00  0.0000E+00  0.0000E+00  1.5000E+00
4.7984E-01  4.7242E+03  1.2430E+04  1.0000E+00  0.0000E+00  0.0000E+00  1.5000E+00
5.3846E-01  4.7368E+03  1.3940E+04  1.0000E+00  0.0000E+00  0.0000E+00  1.5000E+00
6.0496E-01  4.7415E+03  1.5460E+04  1.0000E+00  0.0000E+00  0.0000E+00  1.5000E+00
6.8071E-01  4.7441E+03  1.7040E+04  1.0000E+00  0.0000E+00  0.0000E+00  1.5000E+00
7.6681E-01  4.8347E+03  1.9240E+04  1.0000E+00  0.0000E+00  0.0000E+00  1.5000E+00
8.6254E-01  5.0303E+03  2.2400E+04  1.0000E+00  0.0000E+00  0.0000E+00  1.5000E+00
9.6539E-01  5.2075E+03  2.6050E+04  1.0000E+00  0.0000E+00  0.0000E+00  1.5000E+00
1.0780E+00  5.1328E+03  2.9550E+04  1.0000E+00  0.0000E+00  0.0000E+00  1.5000E+00
1.2075E+00  4.9207E+03  3.2820E+04  1.0000E+00  0.0000E+00  0.0000E+00  1.5000E+00
1.3562E+00  4.8927E+03  3.6280E+04  1.0000E+00  0.0000E+00  0.0000E+00  1.5000E+00
1.5266E+00  4.9783E+03  3.9680E+04  1.0000E+00  0.0000E+00  0.0000E+00  1.5000E+00
1.7242E+00  5.0406E+03  4.2310E+04  1.0000E+00  0.0000E+00  0.0000E+00  1.5000E+00
1.9568E+00  5.0914E+03  4.5020E+04  1.0000E+00  0.0000E+00  0.0000E+00  1.5000E+00
2.2250E+00  5.2295E+03  4.9660E+04  1.0000E+00  0.0000E+00  0.0000E+00  1.5000E+00
2.5166E+00  5.3477E+03  5.7700E+04  1.0000E+00  0.0000E+00  0.0000E+00  1.5000E+00
2.8217E+00  5.5133E+03  6.5200E+04  1.0000E+00  0.0000E+00  0.0000E+00  1.5000E+00
3.1335E+00  5.6864E+03  7.1010E+04  1.0000E+00  0.0000E+00  0.0000E+00  1.5000E+00
3.4476E+00  5.8227E+03  7.5320E+04  1.0000E+00  0.0000E+00  0.0000E+00  1.5000E+00
3.7880E+00  5.9056E+03  7.5310E+04  1.0000E+00  0.0000E+00  0.0000E+00  1.5000E+00
4.1573E+00  6.0457E+03  7.8700E+04  1.0000E+00  0.0000E+00  0.0000E+00  1.5000E+00
4.4909E+00  6.2467E+03  8.9940E+04  1.0000E+00  0.0000E+00  0.0000E+00  1.5000E+00
4.7962E+00  6.4022E+03  1.0180E+05  1.0000E+00  0.0000E+00  0.0000E+00  1.5000E+00
5.0879E+00  6.5403E+03  1.1250E+05  1.0000E+00  0.0000E+00  0.0000E+00  1.5000E+00
5.3873E+00  6.6067E+03  1.2460E+05  1.0000E+00  0.0000E+00  0.0000E+00  1.5000E+00
5.7160E+00  6.6419E+03  1.3930E+05  1.0000E+00  0.0000E+00  0.0000E+00  1.5000E+00
6.0381E+00  6.8401E+03  1.5330E+05  1.0000E+00  0.0000E+00  0.0000E+00  1.5000E+00
6.2601E+00  7.3026E+03  1.6420E+05  1.0000E+00  0.0000E+00  0.0000E+00  1.5000E+00
6.4294E+00  7.6943E+03  1.7280E+05  1.0000E+00  0.0000E+00  0.0000E+00  1.5000E+00
6.5575E+00  8.0337E+03  1.7930E+05  1.0000E+00  0.0000E+00  0.0000E+00  1.5000E+00
6.6881E+00  8.3731E+03  1.8610E+05  1.0000E+00  0.0000E+00  0.0000E+00  1.5000E+00
6.7821E+00  8.6611E+03  1.9010E+05  1.0000E+00  0.0000E+00  0.0000E+00  1.5000E+00
6.8715E+00  8.9413E+03  1.9370E+05  1.0000E+00  0.0000E+00  0.0000E+00  1.5000E+00
6.9621E+00  9.2215E+03  1.9730E+05  1.0000E+00  0.0000E+00  0.0000E+00  1.5000E+00
7.0520E+00  9.4918E+03  2.0100E+05  1.0000E+00  0.0000E+00  0.0000E+00  1.5000E+00
7.1332E+00  9.7095E+03  2.0440E+05  1.0000E+00  0.0000E+00  0.0000E+00  1.5000E+00
7.2153E+00  9.9272E+03  2.0790E+05  1.0000E+00  0.0000E+00  0.0000E+00  1.5000E+00
7.2983E+00  1.0145E+04  2.1140E+05  1.0000E+00  0.0000E+00  0.0000E+00  1.5000E+00
7.3890E+00  1.0317E+04  2.1480E+05  1.0000E+00  0.0000E+00  0.0000E+00  1.5000E+00
7.4943E+00  1.0395E+04  2.1790E+05  1.0000E+00  0.0000E+00  0.0000E+00  1.5000E+00
7.6011E+00  1.0473E+04  2.2100E+05  1.0000E+00  0.0000E+00  0.0000E+00  1.5000E+00
7.7300E+00  1.0517E+04  2.2470E+05  1.0000E+00  0.0000E+00  0.0000E+00  1.5000E+00
7.8896E+00  1.0514E+04  2.2910E+05  1.0000E+00  0.0000E+00  0.0000E+00  1.5000E+00
8.0794E+00  1.0514E+04  2.3470E+05  1.0000E+00  0.0000E+00  0.0000E+00  1.5000E+00
8.3086E+00  1.0516E+04  2.4160E+05  1.0000E+00  0.0000E+00  0.0000E+00  1.5000E+00
8.6118E+00  1.0464E+04  2.5020E+05  1.0000E+00  0.0000E+00  0.0000E+00  1.5000E+00
8.9980E+00  1.0381E+04  2.6070E+05  1.0000E+00  0.0000E+00  0.0000E+00  1.5000E+00
9.5054E+00  1.0353E+04  2.7350E+05  1.0000E+00  0.0000E+00  0.0000E+00  1.5000E+00
1.0044E+01  1.0678E+04  2.8920E+05  1.0000E+00  0.0000E+00  0.0000E+00  1.5000E+00
1.0498E+01  1.1172E+04  3.0330E+05  1.0000E+00  0.0000E+00  0.0000E+00  1.5000E+00
