8.1335E-03  4.0455E+03  2.2490E+02  1.0000E+00  0.0000E+00  0.0000E+00  1.5000E+00
9.3988E-03  4.1676E+03  2.7150E+02  1.0000E+00  0.0000E+00  0.0000E+00  1.5000E+00
1.0814E-02  4.3062E+03  3.3890E+02  1.0000E+00  0.0000E+00  0.0000E+00  1.5000E+00
1.2383E-02  4.3659E+03  4.0910E+02  1.0000E+00  0.0000E+00  0.0000E+00  1.5000E+00
1.4124E-02  4.3573E+03  4.7100E+02  1.0000E+00  0.0000E+00  0.0000E+00  1.5000E+00
1.6071E-02  4.3291E+03  5.2860E+02  1.0000E+00  0.0000E+00  0.0000E+00  1.5000E+00
1.8265E-02  4.3065E+03  5.8940E+02  1.0000E+00  0.0000E+00  0.0000E+00  1.5000E+00
2.0752E-02  4.2748E+03  6.5130E+02  1.0000E+00  0.0000E+00  0.0000E+00  1.5000E+00
2.3584E-02  4.2322E+03  7.1410E+02  1.0000E+00  0.0000E+00  0.0000E+00  1.5000E+00
2.6819E-02  4.1910E+03  7.8510E+02  1.0000E+00  0.0000E+00  0.0000E+00  1.5000E+00
3.0523E-02  4.1482E+03  8.6710E+02  1.0000E+00  0.0000E+00  0.0000E+00  1.5000E+00
3.4780E-02  4.0931E+03  9.5580E+02  1.0000E+00  0.0000E+00  0.0000E+00  1.5000E+00
3.9713E-02  4.0203E+03  1.0570E+03  1.0000E+00  0.0000E+00  0.0000E+00  1.5000E+00
4.5489E-02  3.9420E+03  1.1800E+03  1.0000E+00  0.0000E+00  0.0000E+00  1.5000E+00
5.2331E-02  3.8770E+03  1.3280E+03  1.0000E+00  0.0000E+00  0.0000E+00  1.5000E+00
6.0322E-02  3.8550E+03  1.5170E+03  1.0000E+00  0.0000E+00  0.0000E+00  1.5000E+00
6.9352E-02  3.8645E+03  1.7580E+03  1.0000E+00  0.0000E+00  0.0000E+00  1.5000E+00
7.9387E-02  3.8834E+03  2.0350E+03  1.0000E+00  0.0000E+00  0.0000E+00  1.5000E+00
9.0536E-02  3.9147E+03  2.3310E+03  1.0000E+00  0.0000E+00  0.0000E+00  1.5000E+00
1.0279E-01  3.9780E+03  2.6530E+03  1.0000E+00  0.0000E+00  0.0000E+00  1.5000E+00
1.1611E-01  4.0412E+03  3.0130E+03  1.0000E+00  0.0000E+00  0.0000E+00  1.5000E+00
1.3070E-01  4.1099E+03  3.4270E+03  1.0000E+00  0.0000E+00  0.0000E+00  1.5000E+00
1.4673E-01  4.1798E+03  3.8920E+03  1.0000E+00  0.0000E+00  0.0000E+00  1.5000E+00
1.6440E-01  4.2549E+03  4.4210E+03  1.0000E+00  0.0000E+00  0.0000E+00  1.5000E+00
1.8395E-01  4.3277E+03  5.0250E+03  1.0000E+00  0.0000E+00  0.0000E+00  1.5000E+00
2.0566E-01  4.4127E+03  5.7090E+03  1.0000E+00  0.0000E+00  0.0000E+00  1.5000E+00
2.2988E-01  4.4939E+03  6.4820E+03  1.0000E+00  0.0000E+00  0.0000E+00  1.5000E+00
2.5703E-01  4.5780E+03  7.3590E+03  1.0000E+00  0.0000E+00  0.0000E+00  1.5000E+00
2.8755E-01  4.6669E+03  8.3520E+03  1.0000E+00  0.0000E+00  0.0000E+00  1.5000E+00
3.2191E-01  4.7612E+03  9.4840E+03  1.0000E+00  0.0000E+00  0.0000E+00  1.5000E+00
3.6059E-01  4.8549E+03  1.0770E+04  1.0000E+00  0.0000E+00  0.0000E+00  1.5000E+00
4.0397E-01  4.9476E+03  1.2210E+04  1.0000E+00  0.0000E+00  0.0000E+00  1.5000E+00
4.5243E-01  5.0265E+03  1.3800E+04  1.0000E+00  0.0000E+00  0.0000E+00  1.5000E+00
5.0632E-01  5.0922E+03  1.5560E+04  1.0000E+00  0.0000E+00  0.0000E+00  1.5000E+00
5.6631E-01  5.1405E+03  1.7490E+04  1.0000E+00  0.0000E+00  0.0000E+00  1.5000E+00
6.3300E-01  5.1913E+03  1.9650E+04  1.0000E+00  0.0000E+00  0.0000E+00  1.5000E+00
7.0698E-01  5.2445E+03  2.2030E+04  1.0000E+00  0.0000E+00  0.0000E+00  1.5000E+00
7.8900E-01  5.2920E+03  2.4650E+04  1.0000E+00  0.0000E+00  0.0000E+00  1.5000E+00
8.8018E-01  5.3352E+03  2.7440E+04  1.0000E+00  0.0000E+00  0.0000E+00  1.5000E+00
9.8253E-01  5.3641E+03  3.0330E+04  1.0000E+00  0.0000E+00  0.0000E+00  1.5000E+00
1.0987E+00  5.3745E+03  3.3510E+04  1.0000E+00  0.0000E+00  0.0000E+00  1.5000E+00
1.2324E+00  5.3579E+03  3.6990E+04  1.0000E+00  0.0000E+00  0.0000E+00  1.5000E+00
1.3886E+00  5.3437E+03  4.0550E+04  1.0000E+00  0.0000E+00  0.0000E+00  1.5000E+00
1.5679E+00  5.3805E+03  4.4270E+04  1.0000E+00  0.0000E+00  0.0000E+00  1.5000E+00
1.7735E+00  5.4030E+03  4.7510E+04  1.0000E+00  0.0000E+00  0.0000E+00  1.5000E+00
2.0135E+00  5.4054E+03  5.0760E+04  1.0000E+00  0.0000E+00  0.0000E+00  1.5000E+00
2.2974E+00  5.4080E+03  5.3990E+04  1.0000E+00  0.0000E+00  0.0000E+00  1.5000E+00
2.6194E+00  5.5428E+03  5.6880E+04  1.0000E+00  0.0000E+00  0.0000E+00  1.5000E+00
2.9860E+00  5.5351E+03  6.0730E+04  1.0000E+00  0.0000E+00  0.0000E+00  1.5000E+00
3.3980E+00  5.6406E+03  6.7660E+04  1.0000E+00  0.0000E+00  0.0000E+00  1.5000E+00
3.8288E+00  5.7534E+03  7.2540E+04  1.0000E+00  0.0000E+00  0.0000E+00  1.5000E+00
4.2711E+00  5.8765E+03  7.9150E+04  1.0000E+00  0.0000E+00  0.0000E+00  1.5000E+00
4.7226E+00  6.0008E+03  8.8160E+04  1.0000E+00  0.0000E+00  0.0000E+00  1.5000E+00
5.1732E+00  6.0882E+03  9.7380E+04  1.0000E+00  0.0000E+00  0.0000E+00  1.5000E+00
5.6361E+00  6.2033E+03  1.1020E+05  1.0000E+00  0.0000E+00  0.0000E+00  1.5000E+00
6.0741E+00  6.4266E+03  1.2250E+05  1.0000E+00  0.0000E+00  0.0000E+00  1.5000E+00
6.4393E+00  6.6590E+03  1.3260E+05  1.0000E+00  0.0000E+00  0.0000E+00  1.5000E+00
6.7728E+00  6.8486E+03  1.4080E+05  1.0000E+00  0.0000E+00  0.0000E+00  1.5000E+00
7.0698E+00  7.1096E+03  1.4900E+05  1.0000E+00  0.0000E+00  0.0000E+00  1.5000E+00
7.2954E+00  7.5388E+03  1.5440E+05  1.0000E+00  0.0000E+00  0.0000E+00  1.5000E+00
7.4408E+00  7.9783E+03  1.5740E+05  1.0000E+00  0.0000E+00  0.0000E+00  1.5000E+00
7.5603E+00  8.4212E+03  1.5960E+05  1.0000E+00  0.0000E+00  0.0000E+00  1.5000E+00
7.6747E+00  8.8105E+03  1.6170E+05  1.0000E+00  0.0000E+00  0.0000E+00  1.5000E+00
7.7677E+00  9.0229E+03  1.6310E+05  1.0000E+00  0.0000E+00  0.0000E+00  1.5000E+00
7.8619E+00  9.2352E+03  1.6450E+05  1.0000E+00  0.0000E+00  0.0000E+00  1.5000E+00
7.9635E+00  9.3932E+03  1.6610E+05  1.0000E+00  0.0000E+00  0.0000E+00  1.5000E+00
8.0821E+00  9.4171E+03  1.6830E+05  1.0000E+00  0.0000E+00  0.0000E+00  1.5000E+00
8.2028E+00  9.4413E+03  1.7050E+05  1.0000E+00  0.0000E+00  0.0000E+00  1.5000E+00
8.3694E+00  9.4843E+03  1.7530E+05  1.0000E+00  0.0000E+00  0.0000E+00  1.5000E+00
8.5396E+00  9.6146E+03  1.8060E+05  1.0000E+00  0.0000E+00  0.0000E+00  1.5000E+00
8.7135E+00  9.9137E+03  1.8700E+05  1.0000E+00  0.0000E+00  0.0000E+00  1.5000E+00
8.8829E+00  1.0137E+04  1.9220E+05  1.0000E+00  0.0000E+00  0.0000E+00  1.5000E+00
9.0531E+00  1.0322E+04  1.9710E+05  1.0000E+00  0.0000E+00  0.0000E+00  1.5000E+00
9.2542E+00  1.0316E+04  2.0300E+05  1.0000E+00  0.0000E+00  0.0000E+00  1.5000E+00
9.4940E+00  1.0307E+04  2.0980E+05  1.0000E+00  0.0000E+00  0.0000E+00  1.5000E+00
9.7863E+00  1.0321E+04  2.1930E+05  1.0000E+00  0.0000E+00  0.0000E+00  1.5000E+00
1.0134E+01  1.0377E+04  2.2840E+05  1.0000E+00  0.0000E+00  0.0000E+00  1.5000E+00
1.0532E+01  1.0467E+04  2.3640E+05  1.0000E+00  0.0000E+00  0.0000E+00  1.5000E+00
1.0987E+01  1.0531E+04  2.4130E+05  1.0000E+00  0.0000E+00  0.0000E+00  1.5000E+00
1.1534E+01  1.0518E+04  2.4570E+05  1.0000E+00  0.0000E+00  0.0000E+00  1.5000E+00
1.2204E+01  1.0570E+04  2.6780E+05  1.0000E+00  0.0000E+00  0.0000E+00  1.5000E+00
