9.3345E-03  4.0566E+03  2.2310E+02  1.0000E+00  0.0000E+00  0.0000E+00  1.5000E+00
1.0606E-02  4.0635E+03  2.5770E+02  1.0000E+00  0.0000E+00  0.0000E+00  1.5000E+00
1.2039E-02  4.0770E+03  2.9830E+02  1.0000E+00  0.0000E+00  0.0000E+00  1.5000E+00
1.3655E-02  4.0867E+03  3.4300E+02  1.0000E+00  0.0000E+00  0.0000E+00  1.5000E+00
1.5481E-02  4.0814E+03  3.8970E+02  1.0000E+00  0.0000E+00  0.0000E+00  1.5000E+00
1.7554E-02  4.0695E+03  4.3850E+02  1.0000E+00  0.0000E+00  0.0000E+00  1.5000E+00
1.9920E-02  4.0613E+03  4.9090E+02  1.0000E+00  0.0000E+00  0.0000E+00  1.5000E+00
2.2624E-02  4.0639E+03  5.5170E+02  1.0000E+00  0.0000E+00  0.0000E+00  1.5000E+00
2.5702E-02  4.0654E+03  6.2210E+02  1.0000E+00  0.0000E+00  0.0000E+00  1.5000E+00
2.9193E-02  4.0707E+03  7.0560E+02  1.0000E+00  0.0000E+00  0.0000E+00  1.5000E+00
3.3132E-02  4.0847E+03  8.0420E+02  1.0000E+00  0.0000E+00  0.0000E+00  1.5000E+00
3.7564E-02  4.1019E+03  9.1920E+02  1.0000E+00  0.0000E+00  0.0000E+00  1.5000E+00
4.2531E-02  4.1245E+03  1.0540E+03  1.0000E+00  0.0000E+00  0.0000E+00  1.5000E+00
4.8067E-02  4.1581E+03  1.2150E+03  1.0000E+00  0.0000E+00  0.0000E+00  1.5000E+00
5.4213E-02  4.2044E+03  1.4100E+03  1.0000E+00  0.0000E+00  0.0000E+00  1.5000E+00
6.1014E-02  4.2598E+03  1.6380E+03  1.0000E+00  0.0000E+00  0.0000E+00  1.5000E+00
6.8559E-02  4.3093E+03  1.8870E+03  1.0000E+00  0.0000E+00  0.0000E+00  1.5000E+00
7.6998E-02  4.3450E+03  2.1450E+03  1.0000E+00  0.0000E+00  0.0000E+00  1.5000E+00
8.6510E-02  4.3750E+03  2.4180E+03  1.0000E+00  0.0000E+00  0.0000E+00  1.5000E+00
9.7269E-02  4.4079E+03  2.7180E+03  1.0000E+00  0.0000E+00  0.0000E+00  1.5000E+00
1.0944E-01  4.4481E+03  3.0610E+03  1.0000E+00  0.0000E+00  0.0000E+00  1.5000E+00
1.2320E-01  4.4938E+03  3.4580E+03  1.0000E+00  0.0000E+00  0.0000E+00  1.5000E+00
1.3873E-01  4.5354E+03  3.9120E+03  1.0000E+00  0.0000E+00  0.0000E+00  1.5000E+00
1.5621E-01  4.5778E+03  4.4260E+03  1.0000E+00  0.0000E+00  0.0000E+00  1.5000E+00
1.7594E-01  4.6206E+03  4.9940E+03  1.0000E+00  0.0000E+00  0.0000E+00  1.5000E+00
1.9822E-01  4.6608E+03  5.6130E+03  1.0000E+00  0.0000E+00  0.0000E+00  1.5000E+00
2.2341E-01  4.6807E+03  6.2980E+03  1.0000E+00  0.0000E+00  0.0000E+00  1.5000E+00
2.5181E-01  4.7057E+03  7.0770E+03  1.0000E+00  0.0000E+00  0.0000E+00  1.5000E+00
2.8383E-01  4.7240E+03  7.9550E+03  1.0000E+00  0.0000E+00  0.0000E+00  1.5000E+00
3.1986E-01  4.7401E+03  8.9480E+03  1.0000E+00  0.0000E+00  0.0000E+00  1.5000E+00
3.6047E-01  4.7479E+03  1.0010E+04  1.0000E+00  0.0000E+00  0.0000E+00  1.5000E+00
4.0630E-01  4.7555E+03  1.1200E+04  1.0000E+00  0.0000E+00  0.0000E+00  1.5000E+00
4.5804E-01  4.7559E+03  1.2530E+04  1.0000E+00  0.0000E+00  0.0000E+00  1.5000E+00
5.1645E-01  4.7607E+03  1.4030E+04  1.0000E+00  0.0000E+00  0.0000E+00  1.5000E+00
5.8223E-01  4.7898E+03  1.5820E+04  1.0000E+00  0.0000E+00  0.0000E+00  1.5000E+00
6.5604E-01  4.8262E+03  1.7920E+04  1.0000E+00  0.0000E+00  0.0000E+00  1.5000E+00
7.3849E-01  4.8599E+03  2.0370E+04  1.0000E+00  0.0000E+00  0.0000E+00  1.5000E+00
8.3068E-01  4.8816E+03  2.3050E+04  1.0000E+00  0.0000E+00  0.0000E+00  1.5000E+00
9.3420E-01  4.9046E+03  2.5910E+04  1.0000E+00  0.0000E+00  0.0000E+00  1.5000E+00
1.0510E+00  4.9361E+03  2.9020E+04  1.0000E+00  0.0000E+00  0.0000E+00  1.5000E+00
1.1830E+00  4.9683E+03  3.2440E+04  1.0000E+00  0.0000E+00  0.0000E+00  1.5000E+00
1.3321E+00  5.0084E+03  3.6240E+04  1.0000E+00  0.0000E+00  0.0000E+00  1.5000E+00
1.5006E+00  5.0747E+03  4.0560E+04  1.0000E+00  0.0000E+00  0.0000E+00  1.5000E+00
1.6897E+00  5.1631E+03  4.5550E+04  1.0000E+00  0.0000E+00  0.0000E+00  1.5000E+00
1.8996E+00  5.2657E+03  5.1220E+04  1.0000E+00  0.0000E+00  0.0000E+00  1.5000E+00
2.1304E+00  5.3709E+03  5.7380E+04  1.0000E+00  0.0000E+00  0.0000E+00  1.5000E+00
2.3813E+00  5.4772E+03  6.3810E+04  1.0000E+00  0.0000E+00  0.0000E+00  1.5000E+00
2.6513E+00  5.5805E+03  7.0160E+04  1.0000E+00  0.0000E+00  0.0000E+00  1.5000E+00
2.9418E+00  5.6803E+03  7.6260E+04  1.0000E+00  0.0000E+00  0.0000E+00  1.5000E+00
3.2565E+00  5.7659E+03  8.0640E+04  1.0000E+00  0.0000E+00  0.0000E+00  1.5000E+00
3.5989E+00  5.8582E+03  8.4030E+04  1.0000E+00  0.0000E+00  0.0000E+00  1.5000E+00
3.9301E+00  6.0535E+03  9.4930E+04  1.0000E+00  0.0000E+00  0.0000E+00  1.5000E+00
4.2429E+00  6.2084E+03  1.0440E+05  1.0000E+00  0.0000E+00  0.0000E+00  1.5000E+00
4.5428E+00  6.3707E+03  1.1210E+05  1.0000E+00  0.0000E+00  0.0000E+00  1.5000E+00
4.8216E+00  6.5711E+03  1.1890E+05  1.0000E+00  0.0000E+00  0.0000E+00  1.5000E+00
5.0723E+00  6.7886E+03  1.2590E+05  1.0000E+00  0.0000E+00  0.0000E+00  1.5000E+00
5.3027E+00  6.9994E+03  1.3180E+05  1.0000E+00  0.0000E+00  0.0000E+00  1.5000E+00
5.5210E+00  7.1999E+03  1.3680E+05  1.0000E+00  0.0000E+00  0.0000E+00  1.5000E+00
5.7285E+00  7.3902E+03  1.4080E+05  1.0000E+00  0.0000E+00  0.0000E+00  1.5000E+00
5.9426E+00  7.5132E+03  1.4410E+05  1.0000E+00  0.0000E+00  0.0000E+00  1.5000E+00
6.1577E+00  7.6805E+03  1.4790E+05  1.0000E+00  0.0000E+00  0.0000E+00  1.5000E+00
6.3704E+00  7.9386E+03  1.5270E+05  1.0000E+00  0.0000E+00  0.0000E+00  1.5000E+00
6.5048E+00  8.3915E+03  1.5640E+05  1.0000E+00  0.0000E+00  0.0000E+00  1.5000E+00
6.6411E+00  8.8468E+03  1.6030E+05  1.0000E+00  0.0000E+00  0.0000E+00  1.5000E+00
6.7363E+00  9.1772E+03  1.6310E+05  1.0000E+00  0.0000E+00  0.0000E+00  1.5000E+00
6.8250E+00  9.4857E+03  1.6580E+05  1.0000E+00  0.0000E+00  0.0000E+00  1.5000E+00
6.9150E+00  9.7941E+03  1.6850E+05  1.0000E+00  0.0000E+00  0.0000E+00  1.5000E+00
7.0034E+00  9.9737E+03  1.7120E+05  1.0000E+00  0.0000E+00  0.0000E+00  1.5000E+00
7.0925E+00  1.0129E+04  1.7380E+05  1.0000E+00  0.0000E+00  0.0000E+00  1.5000E+00
7.1827E+00  1.0284E+04  1.7650E+05  1.0000E+00  0.0000E+00  0.0000E+00  1.5000E+00
7.2968E+00  1.0353E+04  1.7970E+05  1.0000E+00  0.0000E+00  0.0000E+00  1.5000E+00
7.4132E+00  1.0420E+04  1.8290E+05  1.0000E+00  0.0000E+00  0.0000E+00  1.5000E+00
7.5603E+00  1.0462E+04  1.8700E+05  1.0000E+00  0.0000E+00  0.0000E+00  1.5000E+00
7.7233E+00  1.0498E+04  1.9170E+05  1.0000E+00  0.0000E+00  0.0000E+00  1.5000E+00
7.9258E+00  1.0542E+04  1.9770E+05  1.0000E+00  0.0000E+00  0.0000E+00  1.5000E+00
8.1624E+00  1.0597E+04  2.0480E+05  1.0000E+00  0.0000E+00  0.0000E+00  1.5000E+00
8.4366E+00  1.0657E+04  2.1280E+05  1.0000E+00  0.0000E+00  0.0000E+00  1.5000E+00
8.7547E+00  1.0717E+04  2.2200E+05  1.0000E+00  0.0000E+00  0.0000E+00  1.5000E+00
9.1243E+00  1.0769E+04  2.3280E+05  1.0000E+00  0.0000E+00  0.0000E+00  1.5000E+00
9.5612E+00  1.0818E+04  2.4540E+05  1.0000E+00  0.0000E+00  0.0000E+00  1.5000E+00
1.0070E+01  1.0866E+04  2.5980E+05  1.0000E+00  0.0000E+00  0.0000E+00  1.5000E+00
