7.0901E-03  4.0931E+03  2.8920E+02  1.0000E+00  0.0000E+00  0.0000E+00  1.5000E+00
8.1790E-03  4.0954E+03  3.2340E+02  1.0000E+00  0.0000E+00  0.0000E+00  1.5000E+00
9.4276E-03  4.1040E+03  3.6290E+02  1.0000E+00  0.0000E+00  0.0000E+00  1.5000E+00
1.0855E-02  4.1189E+03  4.0950E+02  1.0000E+00  0.0000E+00  0.0000E+00  1.5000E+00
1.2479E-02  4.1411E+03  4.6520E+02  1.0000E+00  0.0000E+00  0.0000E+00  1.5000E+00
1.4318E-02  4.1646E+03  5.3090E+02  1.0000E+00  0.0000E+00  0.0000E+00  1.5000E+00
1.6394E-02  4.1790E+03  6.0490E+02  1.0000E+00  0.0000E+00  0.0000E+00  1.5000E+00
1.8740E-02  4.1771E+03  6.8350E+02  1.0000E+00  0.0000E+00  0.0000E+00  1.5000E+00
2.1401E-02  4.1582E+03  7.6400E+02  1.0000E+00  0.0000E+00  0.0000E+00  1.5000E+00
2.4438E-02  4.1285E+03  8.4720E+02  1.0000E+00  0.0000E+00  0.0000E+00  1.5000E+00
2.7924E-02  4.0974E+03  9.3820E+02  1.0000E+00  0.0000E+00  0.0000E+00  1.5000E+00
3.1933E-02  4.0697E+03  1.0430E+03  1.0000E+00  0.0000E+00  0.0000E+00  1.5000E+00
3.6536E-02  4.0463E+03  1.1680E+03  1.0000E+00  0.0000E+00  0.0000E+00  1.5000E+00
4.1802E-02  4.0312E+03  1.3160E+03  1.0000E+00  0.0000E+00  0.0000E+00  1.5000E+00
4.7787E-02  4.0309E+03  1.4940E+03  1.0000E+00  0.0000E+00  0.0000E+00  1.5000E+00
5.4514E-02  4.0534E+03  1.7090E+03  1.0000E+00  0.0000E+00  0.0000E+00  1.5000E+00
6.2005E-02  4.0881E+03  1.9590E+03  1.0000E+00  0.0000E+00  0.0000E+00  1.5000E+00
7.0325E-02  4.1226E+03  2.2440E+03  1.0000E+00  0.0000E+00  0.0000E+00  1.5000E+00
7.9604E-02  4.1464E+03  2.5560E+03  1.0000E+00  0.0000E+00  0.0000E+00  1.5000E+00
9.0035E-02  4.1585E+03  2.8900E+03  1.0000E+00  0.0000E+00  0.0000E+00  1.5000E+00
1.0183E-01  4.1643E+03  3.2560E+03  1.0000E+00  0.0000E+00  0.0000E+00  1.5000E+00
1.1522E-01  4.1660E+03  3.6590E+03  1.0000E+00  0.0000E+00  0.0000E+00  1.5000E+00
1.3048E-01  4.1615E+03  4.0980E+03  1.0000E+00  0.0000E+00  0.0000E+00  1.5000E+00
1.4797E-01  4.1518E+03  4.5750E+03  1.0000E+00  0.0000E+00  0.0000E+00  1.5000E+00
1.6807E-01  4.1445E+03  5.1090E+03  1.0000E+00  0.0000E+00  0.0000E+00  1.5000E+00
1.9107E-01  4.1468E+03  5.7260E+03  1.0000E+00  0.0000E+00  0.0000E+00  1.5000E+00
2.1717E-01  4.1637E+03  6.4490E+03  1.0000E+00  0.0000E+00  0.0000E+00  1.5000E+00
2.4651E-01  4.1915E+03  7.2770E+03  1.0000E+00  0.0000E+00  0.0000E+00  1.5000E+00
2.7938E-01  4.2249E+03  8.2070E+03  1.0000E+00  0.0000E+00  0.0000E+00  1.5000E+00
3.1615E-01  4.2623E+03  9.2460E+03  1.0000E+00  0.0000E+00  0.0000E+00  1.5000E+00
3.5726E-01  4.3047E+03  1.0400E+04  1.0000E+00  0.0000E+00  0.0000E+00  1.5000E+00
4.0322E-01  4.3516E+03  1.1680E+04  1.0000E+00  0.0000E+00  0.0000E+00  1.5000E+00
4.5468E-01  4.4001E+03  1.3080E+04  1.0000E+00  0.0000E+00  0.0000E+00  1.5000E+00
5.1247E-01  4.4506E+03  1.4620E+04  1.0000E+00  0.0000E+00  0.0000E+00  1.5000E+00
5.7741E-01  4.5072E+03  1.6350E+04  1.0000E+00  0.0000E+00  0.0000E+00  1.5000E+00
6.5037E-01  4.5730E+03  1.8300E+04  1.0000E+00  0.0000E+00  0.0000E+00  1.5000E+00
7.3225E-01  4.6512E+03  2.0540E+04  1.0000E+00  0.0000E+00  0.0000E+00  1.5000E+00
8.2403E-01  4.7411E+03  2.3150E+04  1.0000E+00  0.0000E+00  0.0000E+00  1.5000E+00
9.2696E-01  4.8343E+03  2.6130E+04  1.0000E+00  0.0000E+00  0.0000E+00  1.5000E+00
1.0425E+00  4.9300E+03  2.9530E+04  1.0000E+00  0.0000E+00  0.0000E+00  1.5000E+00
1.1721E+00  5.0215E+03  3.3250E+04  1.0000E+00  0.0000E+00  0.0000E+00  1.5000E+00
1.3175E+00  5.1040E+03  3.7340E+04  1.0000E+00  0.0000E+00  0.0000E+00  1.5000E+00
1.4809E+00  5.1704E+03  4.1600E+04  1.0000E+00  0.0000E+00  0.0000E+00  1.5000E+00
1.6654E+00  5.2203E+03  4.6070E+04  1.0000E+00  0.0000E+00  0.0000E+00  1.5000E+00
1.8748E+00  5.2611E+03  5.0580E+04  1.0000E+00  0.0000E+00  0.0000E+00  1.5000E+00
2.1131E+00  5.3178E+03  5.5220E+04  1.0000E+00  0.0000E+00  0.0000E+00  1.5000E+00
2.3813E+00  5.4135E+03  6.0400E+04  1.0000E+00  0.0000E+00  0.0000E+00  1.5000E+00
2.6726E+00  5.5440E+03  6.6320E+04  1.0000E+00  0.0000E+00  0.0000E+00  1.5000E+00
2.9698E+00  5.7319E+03  7.4210E+04  1.0000E+00  0.0000E+00  0.0000E+00  1.5000E+00
3.2480E+00  5.9088E+03  8.2460E+04  1.0000E+00  0.0000E+00  0.0000E+00  1.5000E+00
3.5150E+00  6.0606E+03  9.0510E+04  1.0000E+00  0.0000E+00  0.0000E+00  1.5000E+00
3.7790E+00  6.1869E+03  9.7710E+04  1.0000E+00  0.0000E+00  0.0000E+00  1.5000E+00
4.0458E+00  6.3080E+03  1.0410E+05  1.0000E+00  0.0000E+00  0.0000E+00  1.5000E+00
4.3073E+00  6.4740E+03  1.1070E+05  1.0000E+00  0.0000E+00  0.0000E+00  1.5000E+00
4.5402E+00  6.7191E+03  1.1710E+05  1.0000E+00  0.0000E+00  0.0000E+00  1.5000E+00
4.7476E+00  6.9712E+03  1.2260E+05  1.0000E+00  0.0000E+00  0.0000E+00  1.5000E+00
4.9365E+00  7.1688E+03  1.2720E+05  1.0000E+00  0.0000E+00  0.0000E+00  1.5000E+00
5.0913E+00  7.4649E+03  1.3070E+05  1.0000E+00  0.0000E+00  0.0000E+00  1.5000E+00
5.2388E+00  7.7831E+03  1.3390E+05  1.0000E+00  0.0000E+00  0.0000E+00  1.5000E+00
5.3112E+00  8.2062E+03  1.3570E+05  1.0000E+00  0.0000E+00  0.0000E+00  1.5000E+00
5.3845E+00  8.6293E+03  1.3740E+05  1.0000E+00  0.0000E+00  0.0000E+00  1.5000E+00
5.4590E+00  9.0524E+03  1.3920E+05  1.0000E+00  0.0000E+00  0.0000E+00  1.5000E+00
5.5198E+00  9.3461E+03  1.4060E+05  1.0000E+00  0.0000E+00  0.0000E+00  1.5000E+00
5.5739E+00  9.5743E+03  1.4190E+05  1.0000E+00  0.0000E+00  0.0000E+00  1.5000E+00
5.6285E+00  9.8026E+03  1.4310E+05  1.0000E+00  0.0000E+00  0.0000E+00  1.5000E+00
5.6837E+00  1.0031E+04  1.4430E+05  1.0000E+00  0.0000E+00  0.0000E+00  1.5000E+00
5.7466E+00  1.0172E+04  1.4590E+05  1.0000E+00  0.0000E+00  0.0000E+00  1.5000E+00
5.8150E+00  1.0254E+04  1.4780E+05  1.0000E+00  0.0000E+00  0.0000E+00  1.5000E+00
5.8842E+00  1.0336E+04  1.4960E+05  1.0000E+00  0.0000E+00  0.0000E+00  1.5000E+00
5.9690E+00  1.0403E+04  1.5210E+05  1.0000E+00  0.0000E+00  0.0000E+00  1.5000E+00
6.0685E+00  1.0457E+04  1.5510E+05  1.0000E+00  0.0000E+00  0.0000E+00  1.5000E+00
6.1807E+00  1.0515E+04  1.5850E+05  1.0000E+00  0.0000E+00  0.0000E+00  1.5000E+00
6.3137E+00  1.0582E+04  1.6220E+05  1.0000E+00  0.0000E+00  0.0000E+00  1.5000E+00
6.4689E+00  1.0658E+04  1.6640E+05  1.0000E+00  0.0000E+00  0.0000E+00  1.5000E+00
6.6464E+00  1.0717E+04  1.7100E+05  1.0000E+00  0.0000E+00  0.0000E+00  1.5000E+00
6.8573E+00  1.0731E+04  1.7620E+05  1.0000E+00  0.0000E+00  0.0000E+00  1.5000E+00
7.1217E+00  1.0691E+04  1.8270E+05  1.0000E+00  0.0000E+00  0.0000E+00  1.5000E+00
7.4575E+00  1.0656E+04  1.9070E+05  1.0000E+00  0.0000E+00  0.0000E+00  1.5000E+00
7.8786E+00  1.0622E+04  2.0050E+05  1.0000E+00  0.0000E+00  0.0000E+00  1.5000E+00
8.4654E+00  1.0324E+04  2.1340E+05  1.0000E+00  0.0000E+00  0.0000E+00  1.5000E+00
9.5800E+00  9.9735E+03  2.4210E+05  1.0000E+00  0.0000E+00  0.0000E+00  1.5000E+00
