7.7800E-03  4.3789E+03  3.1240E+02  1.0000E+00  0.0000E+00  0.0000E+00  1.5000E+00
8.9256E-03  4.3698E+03  3.4180E+02  1.0000E+00  0.0000E+00  0.0000E+00  1.5000E+00
1.0252E-02  4.3544E+03  3.7250E+02  1.0000E+00  0.0000E+00  0.0000E+00  1.5000E+00
1.1786E-02  4.3293E+03  4.0410E+02  1.0000E+00  0.0000E+00  0.0000E+00  1.5000E+00
1.3557E-02  4.3000E+03  4.3820E+02  1.0000E+00  0.0000E+00  0.0000E+00  1.5000E+00
1.5597E-02  4.2737E+03  4.7770E+02  1.0000E+00  0.0000E+00  0.0000E+00  1.5000E+00
1.7940E-02  4.2518E+03  5.2340E+02  1.0000E+00  0.0000E+00  0.0000E+00  1.5000E+00
2.0627E-02  4.2367E+03  5.7700E+02  1.0000E+00  0.0000E+00  0.0000E+00  1.5000E+00
2.3700E-02  4.2251E+03  6.4020E+02  1.0000E+00  0.0000E+00  0.0000E+00  1.5000E+00
2.7195E-02  4.2112E+03  7.1620E+02  1.0000E+00  0.0000E+00  0.0000E+00  1.5000E+00
3.1146E-02  4.2011E+03  8.1210E+02  1.0000E+00  0.0000E+00  0.0000E+00  1.5000E+00
3.5541E-02  4.2229E+03  9.4210E+02  1.0000E+00  0.0000E+00  0.0000E+00  1.5000E+00
4.0416E-02  4.2498E+03  1.0970E+03  1.0000E+00  0.0000E+00  0.0000E+00  1.5000E+00
4.5838E-02  4.2483E+03  1.2550E+03  1.0000E+00  0.0000E+00  0.0000E+00  1.5000E+00
5.1928E-02  4.2167E+03  1.4100E+03  1.0000E+00  0.0000E+00  0.0000E+00  1.5000E+00
5.8823E-02  4.1886E+03  1.5850E+03  1.0000E+00  0.0000E+00  0.0000E+00  1.5000E+00
6.6613E-02  4.1789E+03  1.7980E+03  1.0000E+00  0.0000E+00  0.0000E+00  1.5000E+00
7.5393E-02  4.1759E+03  2.0400E+03  1.0000E+00  0.0000E+00  0.0000E+00  1.5000E+00
8.5296E-02  4.1755E+03  2.3100E+03  1.0000E+00  0.0000E+00  0.0000E+00  1.5000E+00
9.6434E-02  4.1891E+03  2.6290E+03  1.0000E+00  0.0000E+00  0.0000E+00  1.5000E+00
1.0887E-01  4.2179E+03  3.0110E+03  1.0000E+00  0.0000E+00  0.0000E+00  1.5000E+00
1.2272E-01  4.2503E+03  3.4470E+03  1.0000E+00  0.0000E+00  0.0000E+00  1.5000E+00
1.3817E-01  4.2738E+03  3.9160E+03  1.0000E+00  0.0000E+00  0.0000E+00  1.5000E+00
1.5557E-01  4.2861E+03  4.4080E+03  1.0000E+00  0.0000E+00  0.0000E+00  1.5000E+00
1.7530E-01  4.2902E+03  4.9240E+03  1.0000E+00  0.0000E+00  0.0000E+00  1.5000E+00
1.9783E-01  4.2904E+03  5.4790E+03  1.0000E+00  0.0000E+00  0.0000E+00  1.5000E+00
2.2357E-01  4.2922E+03  6.0990E+03  1.0000E+00  0.0000E+00  0.0000E+00  1.5000E+00
2.5292E-01  4.3011E+03  6.8110E+03  1.0000E+00  0.0000E+00  0.0000E+00  1.5000E+00
2.8619E-01  4.3223E+03  7.6400E+03  1.0000E+00  0.0000E+00  0.0000E+00  1.5000E+00
3.2359E-01  4.3608E+03  8.6280E+03  1.0000E+00  0.0000E+00  0.0000E+00  1.5000E+00
3.6530E-01  4.4132E+03  9.8070E+03  1.0000E+00  0.0000E+00  0.0000E+00  1.5000E+00
4.1149E-01  4.4807E+03  1.1230E+04  1.0000E+00  0.0000E+00  0.0000E+00  1.5000E+00
4.6243E-01  4.5613E+03  1.2920E+04  1.0000E+00  0.0000E+00  0.0000E+00  1.5000E+00
5.1854E-01  4.6414E+03  1.4830E+04  1.0000E+00  0.0000E+00  0.0000E+00  1.5000E+00
5.8085E-01  4.7127E+03  1.6920E+04  1.0000E+00  0.0000E+00  0.0000E+00  1.5000E+00
6.5049E-01  4.7706E+03  1.9170E+04  1.0000E+00  0.0000E+00  0.0000E+00  1.5000E+00
7.2861E-01  4.8232E+03  2.1650E+04  1.0000E+00  0.0000E+00  0.0000E+00  1.5000E+00
8.1639E-01  4.8740E+03  2.4410E+04  1.0000E+00  0.0000E+00  0.0000E+00  1.5000E+00
9.1515E-01  4.9184E+03  2.7440E+04  1.0000E+00  0.0000E+00  0.0000E+00  1.5000E+00
1.0267E+00  4.9570E+03  3.0690E+04  1.0000E+00  0.0000E+00  0.0000E+00  1.5000E+00
1.1529E+00  4.9960E+03  3.4200E+04  1.0000E+00  0.0000E+00  0.0000E+00  1.5000E+00
1.2958E+00  5.0432E+03  3.8100E+04  1.0000E+00  0.0000E+00  0.0000E+00  1.5000E+00
1.4574E+00  5.1050E+03  4.2500E+04  1.0000E+00  0.0000E+00  0.0000E+00  1.5000E+00
1.6394E+00  5.1790E+03  4.7450E+04  1.0000E+00  0.0000E+00  0.0000E+00  1.5000E+00
1.8431E+00  5.2636E+03  5.3000E+04  1.0000E+00  0.0000E+00  0.0000E+00  1.5000E+00
2.0689E+00  5.3621E+03  5.9080E+04  1.0000E+00  0.0000E+00  0.0000E+00  1.5000E+00
2.3152E+00  5.4719E+03  6.5430E+04  1.0000E+00  0.0000E+00  0.0000E+00  1.5000E+00
2.5800E+00  5.5915E+03  7.2010E+04  1.0000E+00  0.0000E+00  0.0000E+00  1.5000E+00
2.8559E+00  5.7284E+03  7.8870E+04  1.0000E+00  0.0000E+00  0.0000E+00  1.5000E+00
3.1326E+00  5.8819E+03  8.5660E+04  1.0000E+00  0.0000E+00  0.0000E+00  1.5000E+00
3.4004E+00  6.0561E+03  9.2470E+04  1.0000E+00  0.0000E+00  0.0000E+00  1.5000E+00
3.6506E+00  6.2463E+03  9.9070E+04  1.0000E+00  0.0000E+00  0.0000E+00  1.5000E+00
3.8789E+00  6.4510E+03  1.0500E+05  1.0000E+00  0.0000E+00  0.0000E+00  1.5000E+00
4.0838E+00  6.6753E+03  1.1010E+05  1.0000E+00  0.0000E+00  0.0000E+00  1.5000E+00
4.2686E+00  6.9296E+03  1.1510E+05  1.0000E+00  0.0000E+00  0.0000E+00  1.5000E+00
4.4329E+00  7.1061E+03  1.1900E+05  1.0000E+00  0.0000E+00  0.0000E+00  1.5000E+00
4.5681E+00  7.3930E+03  1.2210E+05  1.0000E+00  0.0000E+00  0.0000E+00  1.5000E+00
4.6521E+00  7.8569E+03  1.2370E+05  1.0000E+00  0.0000E+00  0.0000E+00  1.5000E+00
4.7376E+00  8.3207E+03  1.2540E+05  1.0000E+00  0.0000E+00  0.0000E+00  1.5000E+00
4.8023E+00  8.7075E+03  1.2660E+05  1.0000E+00  0.0000E+00  0.0000E+00  1.5000E+00
4.8449E+00  9.0156E+03  1.2730E+05  1.0000E+00  0.0000E+00  0.0000E+00  1.5000E+00
4.8879E+00  9.3237E+03  1.2810E+05  1.0000E+00  0.0000E+00  0.0000E+00  1.5000E+00
4.9313E+00  9.6318E+03  1.2890E+05  1.0000E+00  0.0000E+00  0.0000E+00  1.5000E+00
4.9750E+00  9.9400E+03  1.2960E+05  1.0000E+00  0.0000E+00  0.0000E+00  1.5000E+00
5.0222E+00  1.0117E+04  1.3060E+05  1.0000E+00  0.0000E+00  0.0000E+00  1.5000E+00
5.0715E+00  1.0219E+04  1.3160E+05  1.0000E+00  0.0000E+00  0.0000E+00  1.5000E+00
5.1212E+00  1.0322E+04  1.3270E+05  1.0000E+00  0.0000E+00  0.0000E+00  1.5000E+00
5.1715E+00  1.0425E+04  1.3380E+05  1.0000E+00  0.0000E+00  0.0000E+00  1.5000E+00
5.2418E+00  1.0489E+04  1.3560E+05  1.0000E+00  0.0000E+00  0.0000E+00  1.5000E+00
5.3166E+00  1.0546E+04  1.3760E+05  1.0000E+00  0.0000E+00  0.0000E+00  1.5000E+00
5.4025E+00  1.0592E+04  1.3990E+05  1.0000E+00  0.0000E+00  0.0000E+00  1.5000E+00
5.5093E+00  1.0618E+04  1.4270E+05  1.0000E+00  0.0000E+00  0.0000E+00  1.5000E+00
5.6354E+00  1.0651E+04  1.4620E+05  1.0000E+00  0.0000E+00  0.0000E+00  1.5000E+00
5.7834E+00  1.0690E+04  1.5040E+05  1.0000E+00  0.0000E+00  0.0000E+00  1.5000E+00
5.9603E+00  1.0732E+04  1.5550E+05  1.0000E+00  0.0000E+00  0.0000E+00  1.5000E+00
6.1705E+00  1.0784E+04  1.6190E+05  1.0000E+00  0.0000E+00  0.0000E+00  1.5000E+00
6.4173E+00  1.0840E+04  1.6930E+05  1.0000E+00  0.0000E+00  0.0000E+00  1.5000E+00
6.7040E+00  1.0900E+04  1.7780E+05  1.0000E+00  0.0000E+00  0.0000E+00  1.5000E+00
7.0350E+00  1.0962E+04  1.8730E+05  1.0000E+00  0.0000E+00  0.0000E+00  1.5000E+00
7.4186E+00  1.1032E+04  1.9820E+05  1.0000E+00  0.0000E+00  0.0000E+00  1.5000E+00
7.8572E+00  1.1109E+04  2.1040E+05  1.0000E+00  0.0000E+00  0.0000E+00  1.5000E+00
