1.0354E-02  3.5839E+03  1.9650E+02  1.0000E+00  0.0000E+00  0.0000E+00  1.5000E+00
1.1828E-02  3.6153E+03  2.2790E+02  1.0000E+00  0.0000E+00  0.0000E+00  1.5000E+00
1.3493E-02  3.6392E+03  2.6250E+02  1.0000E+00  0.0000E+00  0.0000E+00  1.5000E+00
1.5376E-02  3.6649E+03  3.0180E+02  1.0000E+00  0.0000E+00  0.0000E+00  1.5000E+00
1.7498E-02  3.6957E+03  3.4790E+02  1.0000E+00  0.0000E+00  0.0000E+00  1.5000E+00
1.9867E-02  3.7332E+03  4.0250E+02  1.0000E+00  0.0000E+00  0.0000E+00  1.5000E+00
2.2501E-02  3.7754E+03  4.6580E+02  1.0000E+00  0.0000E+00  0.0000E+00  1.5000E+00
2.5428E-02  3.8144E+03  5.3580E+02  1.0000E+00  0.0000E+00  0.0000E+00  1.5000E+00
2.8699E-02  3.8490E+03  6.1190E+02  1.0000E+00  0.0000E+00  0.0000E+00  1.5000E+00
3.2369E-02  3.8848E+03  6.9720E+02  1.0000E+00  0.0000E+00  0.0000E+00  1.5000E+00
3.6474E-02  3.9234E+03  7.9480E+02  1.0000E+00  0.0000E+00  0.0000E+00  1.5000E+00
4.1066E-02  3.9627E+03  9.0750E+02  1.0000E+00  0.0000E+00  0.0000E+00  1.5000E+00
4.6199E-02  3.9994E+03  1.0350E+03  1.0000E+00  0.0000E+00  0.0000E+00  1.5000E+00
5.1943E-02  4.0342E+03  1.1780E+03  1.0000E+00  0.0000E+00  0.0000E+00  1.5000E+00
5.8389E-02  4.0673E+03  1.3350E+03  1.0000E+00  0.0000E+00  0.0000E+00  1.5000E+00
6.5639E-02  4.0988E+03  1.5100E+03  1.0000E+00  0.0000E+00  0.0000E+00  1.5000E+00
7.3806E-02  4.1268E+03  1.7050E+03  1.0000E+00  0.0000E+00  0.0000E+00  1.5000E+00
8.2990E-02  4.1632E+03  1.9310E+03  1.0000E+00  0.0000E+00  0.0000E+00  1.5000E+00
9.3286E-02  4.2116E+03  2.1910E+03  1.0000E+00  0.0000E+00  0.0000E+00  1.5000E+00
1.0482E-01  4.2608E+03  2.4850E+03  1.0000E+00  0.0000E+00  0.0000E+00  1.5000E+00
1.1776E-01  4.3013E+03  2.8130E+03  1.0000E+00  0.0000E+00  0.0000E+00  1.5000E+00
1.3232E-01  4.3345E+03  3.1770E+03  1.0000E+00  0.0000E+00  0.0000E+00  1.5000E+00
1.4873E-01  4.3679E+03  3.5820E+03  1.0000E+00  0.0000E+00  0.0000E+00  1.5000E+00
1.6721E-01  4.4049E+03  4.0380E+03  1.0000E+00  0.0000E+00  0.0000E+00  1.5000E+00
1.8806E-01  4.4478E+03  4.5540E+03  1.0000E+00  0.0000E+00  0.0000E+00  1.5000E+00
2.1153E-01  4.4962E+03  5.1470E+03  1.0000E+00  0.0000E+00  0.0000E+00  1.5000E+00
2.3794E-01  4.5468E+03  5.8380E+03  1.0000E+00  0.0000E+00  0.0000E+00  1.5000E+00
2.6757E-01  4.6074E+03  6.6350E+03  1.0000E+00  0.0000E+00  0.0000E+00  1.5000E+00
3.0087E-01  4.6816E+03  7.5340E+03  1.0000E+00  0.0000E+00  0.0000E+00  1.5000E+00
3.3840E-01  4.7587E+03  8.5410E+03  1.0000E+00  0.0000E+00  0.0000E+00  1.5000E+00
3.8063E-01  4.7947E+03  9.6380E+03  1.0000E+00  0.0000E+00  0.0000E+00  1.5000E+00
4.2809E-01  4.8318E+03  1.0880E+04  1.0000E+00  0.0000E+00  0.0000E+00  1.5000E+00
4.8128E-01  4.8760E+03  1.2320E+04  1.0000E+00  0.0000E+00  0.0000E+00  1.5000E+00
5.4086E-01  4.9204E+03  1.3960E+04  1.0000E+00  0.0000E+00  0.0000E+00  1.5000E+00
6.0751E-01  4.9617E+03  1.5770E+04  1.0000E+00  0.0000E+00  0.0000E+00  1.5000E+00
6.8234E-01  4.9807E+03  1.7690E+04  1.0000E+00  0.0000E+00  0.0000E+00  1.5000E+00
7.6679E-01  4.9918E+03  1.9730E+04  1.0000E+00  0.0000E+00  0.0000E+00  1.5000E+00
8.6249E-01  5.0094E+03  2.1950E+04  1.0000E+00  0.0000E+00  0.0000E+00  1.5000E+00
9.7088E-01  5.0307E+03  2.4450E+04  1.0000E+00  0.0000E+00  0.0000E+00  1.5000E+00
1.0934E+00  5.0587E+03  2.7340E+04  1.0000E+00  0.0000E+00  0.0000E+00  1.5000E+00
1.2313E+00  5.1004E+03  3.0690E+04  1.0000E+00  0.0000E+00  0.0000E+00  1.5000E+00
1.3858E+00  5.1555E+03  3.4540E+04  1.0000E+00  0.0000E+00  0.0000E+00  1.5000E+00
1.5579E+00  5.2191E+03  3.8860E+04  1.0000E+00  0.0000E+00  0.0000E+00  1.5000E+00
1.7488E+00  5.2891E+03  4.3680E+04  1.0000E+00  0.0000E+00  0.0000E+00  1.5000E+00
1.9599E+00  5.3617E+03  4.8670E+04  1.0000E+00  0.0000E+00  0.0000E+00  1.5000E+00
2.1939E+00  5.4294E+03  5.3720E+04  1.0000E+00  0.0000E+00  0.0000E+00  1.5000E+00
2.4520E+00  5.5067E+03  5.9130E+04  1.0000E+00  0.0000E+00  0.0000E+00  1.5000E+00
2.7339E+00  5.5916E+03  6.5010E+04  1.0000E+00  0.0000E+00  0.0000E+00  1.5000E+00
3.0354E+00  5.6922E+03  7.1380E+04  1.0000E+00  0.0000E+00  0.0000E+00  1.5000E+00
3.3526E+00  5.7947E+03  7.8080E+04  1.0000E+00  0.0000E+00  0.0000E+00  1.5000E+00
3.6826E+00  5.9020E+03  8.5800E+04  1.0000E+00  0.0000E+00  0.0000E+00  1.5000E+00
4.0101E+00  6.0554E+03  9.4550E+04  1.0000E+00  0.0000E+00  0.0000E+00  1.5000E+00
4.3235E+00  6.2008E+03  1.0410E+05  1.0000E+00  0.0000E+00  0.0000E+00  1.5000E+00
4.6356E+00  6.3133E+03  1.1370E+05  1.0000E+00  0.0000E+00  0.0000E+00  1.5000E+00
4.9551E+00  6.4192E+03  1.2340E+05  1.0000E+00  0.0000E+00  0.0000E+00  1.5000E+00
5.2817E+00  6.5349E+03  1.3300E+05  1.0000E+00  0.0000E+00  0.0000E+00  1.5000E+00
5.6123E+00  6.6641E+03  1.4220E+05  1.0000E+00  0.0000E+00  0.0000E+00  1.5000E+00
5.9427E+00  6.8086E+03  1.5090E+05  1.0000E+00  0.0000E+00  0.0000E+00  1.5000E+00
6.2711E+00  6.9593E+03  1.5940E+05  1.0000E+00  0.0000E+00  0.0000E+00  1.5000E+00
6.5903E+00  7.1425E+03  1.6780E+05  1.0000E+00  0.0000E+00  0.0000E+00  1.5000E+00
6.8943E+00  7.3541E+03  1.7540E+05  1.0000E+00  0.0000E+00  0.0000E+00  1.5000E+00
7.1838E+00  7.5712E+03  1.8180E+05  1.0000E+00  0.0000E+00  0.0000E+00  1.5000E+00
7.4600E+00  7.7638E+03  1.8680E+05  1.0000E+00  0.0000E+00  0.0000E+00  1.5000E+00
7.6970E+00  8.0946E+03  1.9120E+05  1.0000E+00  0.0000E+00  0.0000E+00  1.5000E+00
7.9127E+00  8.4720E+03  1.9520E+05  1.0000E+00  0.0000E+00  0.0000E+00  1.5000E+00
8.0554E+00  8.8875E+03  1.9780E+05  1.0000E+00  0.0000E+00  0.0000E+00  1.5000E+00
8.2007E+00  9.3030E+03  2.0040E+05  1.0000E+00  0.0000E+00  0.0000E+00  1.5000E+00
8.3155E+00  9.6164E+03  2.0240E+05  1.0000E+00  0.0000E+00  0.0000E+00  1.5000E+00
8.4221E+00  9.9001E+03  2.0430E+05  1.0000E+00  0.0000E+00  0.0000E+00  1.5000E+00
8.5301E+00  1.0184E+04  2.0620E+05  1.0000E+00  0.0000E+00  0.0000E+00  1.5000E+00
8.6393E+00  1.0366E+04  2.0810E+05  1.0000E+00  0.0000E+00  0.0000E+00  1.5000E+00
8.7499E+00  1.0530E+04  2.0990E+05  1.0000E+00  0.0000E+00  0.0000E+00  1.5000E+00
8.8668E+00  1.0676E+04  2.1200E+05  1.0000E+00  0.0000E+00  0.0000E+00  1.5000E+00
9.0065E+00  1.0750E+04  2.1500E+05  1.0000E+00  0.0000E+00  0.0000E+00  1.5000E+00
9.1542E+00  1.0816E+04  2.1820E+05  1.0000E+00  0.0000E+00  0.0000E+00  1.5000E+00
9.3433E+00  1.0829E+04  2.2310E+05  1.0000E+00  0.0000E+00  0.0000E+00  1.5000E+00
9.5685E+00  1.0830E+04  2.2850E+05  1.0000E+00  0.0000E+00  0.0000E+00  1.5000E+00
9.8447E+00  1.0822E+04  2.3430E+05  1.0000E+00  0.0000E+00  0.0000E+00  1.5000E+00
1.0189E+01  1.0814E+04  2.3880E+05  1.0000E+00  0.0000E+00  0.0000E+00  1.5000E+00
1.0612E+01  1.0825E+04  2.4230E+05  1.0000E+00  0.0000E+00  0.0000E+00  1.5000E+00
1.1123E+01  1.0872E+04  2.5130E+05  1.0000E+00  0.0000E+00  0.0000E+00  1.5000E+00
