8.7402E-03  3.8286E+03  1.9300E+02  1.0000E+00  0.0000E+00  0.0000E+00  1.5000E+00
1.0112E-02  3.8707E+03  2.2210E+02  1.0000E+00  0.0000E+00  0.0000E+00  1.5000E+00
1.1662E-02  3.9247E+03  2.5880E+02  1.0000E+00  0.0000E+00  0.0000E+00  1.5000E+00
1.3400E-02  3.9772E+03  3.0280E+02  1.0000E+00  0.0000E+00  0.0000E+00  1.5000E+00
1.5355E-02  4.0125E+03  3.5070E+02  1.0000E+00  0.0000E+00  0.0000E+00  1.5000E+00
1.7561E-02  4.0318E+03  4.0040E+02  1.0000E+00  0.0000E+00  0.0000E+00  1.5000E+00
2.0066E-02  4.0521E+03  4.5520E+02  1.0000E+00  0.0000E+00  0.0000E+00  1.5000E+00
2.2903E-02  4.0825E+03  5.1840E+02  1.0000E+00  0.0000E+00  0.0000E+00  1.5000E+00
2.6115E-02  4.1177E+03  5.9170E+02  1.0000E+00  0.0000E+00  0.0000E+00  1.5000E+00
2.9738E-02  4.1612E+03  6.7700E+02  1.0000E+00  0.0000E+00  0.0000E+00  1.5000E+00
3.3823E-02  4.2319E+03  7.8090E+02  1.0000E+00  0.0000E+00  0.0000E+00  1.5000E+00
3.8401E-02  4.3289E+03  9.1920E+02  1.0000E+00  0.0000E+00  0.0000E+00  1.5000E+00
4.3518E-02  4.4295E+03  1.0900E+03  1.0000E+00  0.0000E+00  0.0000E+00  1.5000E+00
4.9209E-02  4.5056E+03  1.2810E+03  1.0000E+00  0.0000E+00  0.0000E+00  1.5000E+00
5.5526E-02  4.5530E+03  1.4910E+03  1.0000E+00  0.0000E+00  0.0000E+00  1.5000E+00
6.2548E-02  4.5911E+03  1.7190E+03  1.0000E+00  0.0000E+00  0.0000E+00  1.5000E+00
7.0359E-02  4.6227E+03  1.9730E+03  1.0000E+00  0.0000E+00  0.0000E+00  1.5000E+00
7.9058E-02  4.6435E+03  2.2500E+03  1.0000E+00  0.0000E+00  0.0000E+00  1.5000E+00
8.8783E-02  4.6544E+03  2.5450E+03  1.0000E+00  0.0000E+00  0.0000E+00  1.5000E+00
9.9690E-02  4.6619E+03  2.8660E+03  1.0000E+00  0.0000E+00  0.0000E+00  1.5000E+00
1.1194E-01  4.6732E+03  3.2280E+03  1.0000E+00  0.0000E+00  0.0000E+00  1.5000E+00
1.2569E-01  4.6894E+03  3.6420E+03  1.0000E+00  0.0000E+00  0.0000E+00  1.5000E+00
1.4112E-01  4.7116E+03  4.1190E+03  1.0000E+00  0.0000E+00  0.0000E+00  1.5000E+00
1.5839E-01  4.7411E+03  4.6750E+03  1.0000E+00  0.0000E+00  0.0000E+00  1.5000E+00
1.7768E-01  4.7772E+03  5.3260E+03  1.0000E+00  0.0000E+00  0.0000E+00  1.5000E+00
1.9918E-01  4.8139E+03  6.0720E+03  1.0000E+00  0.0000E+00  0.0000E+00  1.5000E+00
2.2315E-01  4.8416E+03  6.8940E+03  1.0000E+00  0.0000E+00  0.0000E+00  1.5000E+00
2.4997E-01  4.8538E+03  7.7650E+03  1.0000E+00  0.0000E+00  0.0000E+00  1.5000E+00
2.8012E-01  4.8564E+03  8.7020E+03  1.0000E+00  0.0000E+00  0.0000E+00  1.5000E+00
3.1408E-01  4.8554E+03  9.7330E+03  1.0000E+00  0.0000E+00  0.0000E+00  1.5000E+00
3.5239E-01  4.8516E+03  1.0870E+04  1.0000E+00  0.0000E+00  0.0000E+00  1.5000E+00
3.9567E-01  4.8428E+03  1.2110E+04  1.0000E+00  0.0000E+00  0.0000E+00  1.5000E+00
4.4465E-01  4.8285E+03  1.3450E+04  1.0000E+00  0.0000E+00  0.0000E+00  1.5000E+00
5.0025E-01  4.8121E+03  1.4900E+04  1.0000E+00  0.0000E+00  0.0000E+00  1.5000E+00
5.6345E-01  4.8005E+03  1.6520E+04  1.0000E+00  0.0000E+00  0.0000E+00  1.5000E+00
6.3521E-01  4.7950E+03  1.8360E+04  1.0000E+00  0.0000E+00  0.0000E+00  1.5000E+00
7.1667E-01  4.7938E+03  2.0430E+04  1.0000E+00  0.0000E+00  0.0000E+00  1.5000E+00
8.0910E-01  4.8025E+03  2.2780E+04  1.0000E+00  0.0000E+00  0.0000E+00  1.5000E+00
9.1377E-01  4.8295E+03  2.5480E+04  1.0000E+00  0.0000E+00  0.0000E+00  1.5000E+00
1.0321E+00  4.8680E+03  2.8550E+04  1.0000E+00  0.0000E+00  0.0000E+00  1.5000E+00
1.1658E+00  4.9117E+03  3.1910E+04  1.0000E+00  0.0000E+00  0.0000E+00  1.5000E+00
1.3172E+00  4.9598E+03  3.5550E+04  1.0000E+00  0.0000E+00  0.0000E+00  1.5000E+00
1.4890E+00  5.0120E+03  3.9550E+04  1.0000E+00  0.0000E+00  0.0000E+00  1.5000E+00
1.6841E+00  5.0704E+03  4.3890E+04  1.0000E+00  0.0000E+00  0.0000E+00  1.5000E+00
1.9051E+00  5.1382E+03  4.8770E+04  1.0000E+00  0.0000E+00  0.0000E+00  1.5000E+00
2.1542E+00  5.2167E+03  5.4300E+04  1.0000E+00  0.0000E+00  0.0000E+00  1.5000E+00
2.4332E+00  5.2998E+03  6.0330E+04  1.0000E+00  0.0000E+00  0.0000E+00  1.5000E+00
2.7442E+00  5.3863E+03  6.6770E+04  1.0000E+00  0.0000E+00  0.0000E+00  1.5000E+00
3.0899E+00  5.4432E+03  7.3500E+04  1.0000E+00  0.0000E+00  0.0000E+00  1.5000E+00
3.4875E+00  5.4972E+03  7.6030E+04  1.0000E+00  0.0000E+00  0.0000E+00  1.5000E+00
3.9572E+00  5.6483E+03  6.7520E+04  1.0000E+00  0.0000E+00  0.0000E+00  1.5000E+00
4.5484E+00  5.7214E+03  6.2410E+04  1.0000E+00  0.0000E+00  0.0000E+00  1.5000E+00
5.0586E+00  6.0378E+03  9.1920E+04  1.0000E+00  0.0000E+00  0.0000E+00  1.5000E+00
5.4103E+00  6.2814E+03  1.1550E+05  1.0000E+00  0.0000E+00  0.0000E+00  1.5000E+00
5.7133E+00  6.4866E+03  1.2770E+05  1.0000E+00  0.0000E+00  0.0000E+00  1.5000E+00
5.9964E+00  6.6733E+03  1.3090E+05  1.0000E+00  0.0000E+00  0.0000E+00  1.5000E+00
6.2648E+00  6.8744E+03  1.3450E+05  1.0000E+00  0.0000E+00  0.0000E+00  1.5000E+00
6.5148E+00  7.0805E+03  1.3780E+05  1.0000E+00  0.0000E+00  0.0000E+00  1.5000E+00
6.7290E+00  7.3935E+03  1.3810E+05  1.0000E+00  0.0000E+00  0.0000E+00  1.5000E+00
6.9212E+00  7.6992E+03  1.3820E+05  1.0000E+00  0.0000E+00  0.0000E+00  1.5000E+00
7.0927E+00  7.9767E+03  1.3870E+05  1.0000E+00  0.0000E+00  0.0000E+00  1.5000E+00
7.2671E+00  8.0964E+03  1.3900E+05  1.0000E+00  0.0000E+00  0.0000E+00  1.5000E+00
7.4537E+00  8.1769E+03  1.4100E+05  1.0000E+00  0.0000E+00  0.0000E+00  1.5000E+00
7.6639E+00  8.2387E+03  1.4650E+05  1.0000E+00  0.0000E+00  0.0000E+00  1.5000E+00
7.9026E+00  8.3347E+03  1.5390E+05  1.0000E+00  0.0000E+00  0.0000E+00  1.5000E+00
8.1498E+00  8.5034E+03  1.6470E+05  1.0000E+00  0.0000E+00  0.0000E+00  1.5000E+00
8.3985E+00  8.6858E+03  1.7580E+05  1.0000E+00  0.0000E+00  0.0000E+00  1.5000E+00
8.6488E+00  8.8650E+03  1.8640E+05  1.0000E+00  0.0000E+00  0.0000E+00  1.5000E+00
8.9037E+00  9.0331E+03  1.9650E+05  1.0000E+00  0.0000E+00  0.0000E+00  1.5000E+00
9.1739E+00  9.1464E+03  2.0630E+05  1.0000E+00  0.0000E+00  0.0000E+00  1.5000E+00
9.4679E+00  9.2585E+03  2.1840E+05  1.0000E+00  0.0000E+00  0.0000E+00  1.5000E+00
9.7875E+00  9.3662E+03  2.3200E+05  1.0000E+00  0.0000E+00  0.0000E+00  1.5000E+00
1.0131E+01  9.4995E+03  2.4640E+05  1.0000E+00  0.0000E+00  0.0000E+00  1.5000E+00
1.0484E+01  9.7029E+03  2.5990E+05  1.0000E+00  0.0000E+00  0.0000E+00  1.5000E+00
1.0840E+01  9.9266E+03  2.7090E+05  1.0000E+00  0.0000E+00  0.0000E+00  1.5000E+00
1.1222E+01  9.9733E+03  2.7820E+05  1.0000E+00  0.0000E+00  0.0000E+00  1.5000E+00
1.1701E+01  9.9008E+03  2.8540E+05  1.0000E+00  0.0000E+00  0.0000E+00  1.5000E+00
1.2340E+01  9.8066E+03  2.9810E+05  1.0000E+00  0.0000E+00  0.0000E+00  1.5000E+00
1.3312E+01  9.3862E+03  3.2250E+05  1.0000E+00  0.0000E+00  0.0000E+00  1.5000E+00
1.4113E+01  1.0585E+04  3.5700E+05  1.0000E+00  0.0000E+00  0.0000E+00  1.5000E+00
1.4501E+01  1.1515E+04  3.6730E+05  1.0000E+00  0.0000E+00  0.0000E+00  1.5000E+00
