8.1300E-03  4.4952E+03  3.2680E+02  1.0000E+00  0.0000E+00  0.0000E+00  1.5000E+00
9.2529E-03  4.4947E+03  3.7460E+02  1.0000E+00  0.0000E+00  0.0000E+00  1.5000E+00
1.0524E-02  4.4881E+03  4.2220E+02  1.0000E+00  0.0000E+00  0.0000E+00  1.5000E+00
1.1971E-02  4.4805E+03  4.7150E+02  1.0000E+00  0.0000E+00  0.0000E+00  1.5000E+00
1.3622E-02  4.4732E+03  5.2400E+02  1.0000E+00  0.0000E+00  0.0000E+00  1.5000E+00
1.5506E-02  4.4751E+03  5.8440E+02  1.0000E+00  0.0000E+00  0.0000E+00  1.5000E+00
1.7650E-02  4.4881E+03  6.5660E+02  1.0000E+00  0.0000E+00  0.0000E+00  1.5000E+00
2.0084E-02  4.5024E+03  7.3890E+02  1.0000E+00  0.0000E+00  0.0000E+00  1.5000E+00
2.2844E-02  4.5115E+03  8.2820E+02  1.0000E+00  0.0000E+00  0.0000E+00  1.5000E+00
2.5977E-02  4.5197E+03  9.2590E+02  1.0000E+00  0.0000E+00  0.0000E+00  1.5000E+00
2.9537E-02  4.5309E+03  1.0340E+03  1.0000E+00  0.0000E+00  0.0000E+00  1.5000E+00
3.3585E-02  4.5396E+03  1.1520E+03  1.0000E+00  0.0000E+00  0.0000E+00  1.5000E+00
3.8190E-02  4.5502E+03  1.2830E+03  1.0000E+00  0.0000E+00  0.0000E+00  1.5000E+00
4.3435E-02  4.5579E+03  1.4230E+03  1.0000E+00  0.0000E+00  0.0000E+00  1.5000E+00
4.9406E-02  4.5566E+03  1.5770E+03  1.0000E+00  0.0000E+00  0.0000E+00  1.5000E+00
5.6188E-02  4.5615E+03  1.7550E+03  1.0000E+00  0.0000E+00  0.0000E+00  1.5000E+00
6.3886E-02  4.5826E+03  1.9630E+03  1.0000E+00  0.0000E+00  0.0000E+00  1.5000E+00
7.2613E-02  4.6173E+03  2.2080E+03  1.0000E+00  0.0000E+00  0.0000E+00  1.5000E+00
8.2474E-02  4.6712E+03  2.5070E+03  1.0000E+00  0.0000E+00  0.0000E+00  1.5000E+00
9.3558E-02  4.7317E+03  2.8520E+03  1.0000E+00  0.0000E+00  0.0000E+00  1.5000E+00
1.0596E-01  4.7945E+03  3.2490E+03  1.0000E+00  0.0000E+00  0.0000E+00  1.5000E+00
1.1983E-01  4.8446E+03  3.6840E+03  1.0000E+00  0.0000E+00  0.0000E+00  1.5000E+00
1.3537E-01  4.8517E+03  4.1340E+03  1.0000E+00  0.0000E+00  0.0000E+00  1.5000E+00
1.5277E-01  4.9232E+03  4.6630E+03  1.0000E+00  0.0000E+00  0.0000E+00  1.5000E+00
1.7235E-01  4.9607E+03  5.1490E+03  1.0000E+00  0.0000E+00  0.0000E+00  1.5000E+00
1.9462E-01  4.9498E+03  5.7090E+03  1.0000E+00  0.0000E+00  0.0000E+00  1.5000E+00
2.2008E-01  4.9247E+03  6.3300E+03  1.0000E+00  0.0000E+00  0.0000E+00  1.5000E+00
2.4912E-01  4.8975E+03  7.0320E+03  1.0000E+00  0.0000E+00  0.0000E+00  1.5000E+00
2.8197E-01  4.8813E+03  7.8700E+03  1.0000E+00  0.0000E+00  0.0000E+00  1.5000E+00
3.1891E-01  4.8743E+03  8.8470E+03  1.0000E+00  0.0000E+00  0.0000E+00  1.5000E+00
3.6035E-01  4.8722E+03  9.9520E+03  1.0000E+00  0.0000E+00  0.0000E+00  1.5000E+00
4.0690E-01  4.8680E+03  1.1170E+04  1.0000E+00  0.0000E+00  0.0000E+00  1.5000E+00
4.5927E-01  4.8613E+03  1.2500E+04  1.0000E+00  0.0000E+00  0.0000E+00  1.5000E+00
5.1831E-01  4.8568E+03  1.3980E+04  1.0000E+00  0.0000E+00  0.0000E+00  1.5000E+00
5.8490E-01  4.8618E+03  1.5650E+04  1.0000E+00  0.0000E+00  0.0000E+00  1.5000E+00
6.5994E-01  4.8838E+03  1.7570E+04  1.0000E+00  0.0000E+00  0.0000E+00  1.5000E+00
7.4444E-01  4.9097E+03  1.9750E+04  1.0000E+00  0.0000E+00  0.0000E+00  1.5000E+00
8.3964E-01  4.9216E+03  2.2120E+04  1.0000E+00  0.0000E+00  0.0000E+00  1.5000E+00
9.4735E-01  4.9422E+03  2.4610E+04  1.0000E+00  0.0000E+00  0.0000E+00  1.5000E+00
1.0697E+00  4.9943E+03  2.7360E+04  1.0000E+00  0.0000E+00  0.0000E+00  1.5000E+00
1.2081E+00  5.0700E+03  3.0570E+04  1.0000E+00  0.0000E+00  0.0000E+00  1.5000E+00
1.3633E+00  5.1568E+03  3.4350E+04  1.0000E+00  0.0000E+00  0.0000E+00  1.5000E+00
1.5361E+00  5.2403E+03  3.8400E+04  1.0000E+00  0.0000E+00  0.0000E+00  1.5000E+00
1.7286E+00  5.3109E+03  4.2560E+04  1.0000E+00  0.0000E+00  0.0000E+00  1.5000E+00
1.9424E+00  5.3843E+03  4.7280E+04  1.0000E+00  0.0000E+00  0.0000E+00  1.5000E+00
2.1753E+00  5.4722E+03  5.3260E+04  1.0000E+00  0.0000E+00  0.0000E+00  1.5000E+00
2.4214E+00  5.5783E+03  6.0430E+04  1.0000E+00  0.0000E+00  0.0000E+00  1.5000E+00
2.6773E+00  5.6843E+03  6.7770E+04  1.0000E+00  0.0000E+00  0.0000E+00  1.5000E+00
2.9457E+00  5.7706E+03  7.5030E+04  1.0000E+00  0.0000E+00  0.0000E+00  1.5000E+00
3.2305E+00  5.8528E+03  8.2050E+04  1.0000E+00  0.0000E+00  0.0000E+00  1.5000E+00
3.5337E+00  5.9436E+03  8.8700E+04  1.0000E+00  0.0000E+00  0.0000E+00  1.5000E+00
3.8506E+00  6.0571E+03  9.4560E+04  1.0000E+00  0.0000E+00  0.0000E+00  1.5000E+00
4.1651E+00  6.2141E+03  1.0040E+05  1.0000E+00  0.0000E+00  0.0000E+00  1.5000E+00
4.4694E+00  6.3779E+03  1.0680E+05  1.0000E+00  0.0000E+00  0.0000E+00  1.5000E+00
4.7605E+00  6.5433E+03  1.1390E+05  1.0000E+00  0.0000E+00  0.0000E+00  1.5000E+00
5.0328E+00  6.7379E+03  1.2120E+05  1.0000E+00  0.0000E+00  0.0000E+00  1.5000E+00
5.2772E+00  6.9733E+03  1.2790E+05  1.0000E+00  0.0000E+00  0.0000E+00  1.5000E+00
5.5002E+00  7.2052E+03  1.3400E+05  1.0000E+00  0.0000E+00  0.0000E+00  1.5000E+00
5.7088E+00  7.3999E+03  1.4000E+05  1.0000E+00  0.0000E+00  0.0000E+00  1.5000E+00
5.8975E+00  7.6275E+03  1.4580E+05  1.0000E+00  0.0000E+00  0.0000E+00  1.5000E+00
6.0616E+00  7.9303E+03  1.5100E+05  1.0000E+00  0.0000E+00  0.0000E+00  1.5000E+00
6.1782E+00  8.3608E+03  1.5480E+05  1.0000E+00  0.0000E+00  0.0000E+00  1.5000E+00
6.2972E+00  8.7912E+03  1.5880E+05  1.0000E+00  0.0000E+00  0.0000E+00  1.5000E+00
6.3736E+00  9.1122E+03  1.6120E+05  1.0000E+00  0.0000E+00  0.0000E+00  1.5000E+00
6.4462E+00  9.4218E+03  1.6360E+05  1.0000E+00  0.0000E+00  0.0000E+00  1.5000E+00
6.5196E+00  9.7313E+03  1.6590E+05  1.0000E+00  0.0000E+00  0.0000E+00  1.5000E+00
6.5933E+00  9.9991E+03  1.6830E+05  1.0000E+00  0.0000E+00  0.0000E+00  1.5000E+00
6.6665E+00  1.0158E+04  1.7060E+05  1.0000E+00  0.0000E+00  0.0000E+00  1.5000E+00
6.7404E+00  1.0317E+04  1.7280E+05  1.0000E+00  0.0000E+00  0.0000E+00  1.5000E+00
6.8152E+00  1.0475E+04  1.7520E+05  1.0000E+00  0.0000E+00  0.0000E+00  1.5000E+00
6.9114E+00  1.0555E+04  1.7820E+05  1.0000E+00  0.0000E+00  0.0000E+00  1.5000E+00
7.0106E+00  1.0628E+04  1.8130E+05  1.0000E+00  0.0000E+00  0.0000E+00  1.5000E+00
7.1269E+00  1.0685E+04  1.8490E+05  1.0000E+00  0.0000E+00  0.0000E+00  1.5000E+00
7.2653E+00  1.0722E+04  1.8900E+05  1.0000E+00  0.0000E+00  0.0000E+00  1.5000E+00
7.4317E+00  1.0754E+04  1.9370E+05  1.0000E+00  0.0000E+00  0.0000E+00  1.5000E+00
7.6261E+00  1.0786E+04  1.9890E+05  1.0000E+00  0.0000E+00  0.0000E+00  1.5000E+00
7.8599E+00  1.0824E+04  2.0490E+05  1.0000E+00  0.0000E+00  0.0000E+00  1.5000E+00
8.1376E+00  1.0886E+04  2.1210E+05  1.0000E+00  0.0000E+00  0.0000E+00  1.5000E+00
8.4589E+00  1.0967E+04  2.2090E+05  1.0000E+00  0.0000E+00  0.0000E+00  1.5000E+00
8.8268E+00  1.1040E+04  2.3120E+05  1.0000E+00  0.0000E+00  0.0000E+00  1.5000E+00
9.2517E+00  1.1091E+04  2.4310E+05  1.0000E+00  0.0000E+00  0.0000E+00  1.5000E+00
