9.0770E-03  4.3272E+03  2.4600E+02  1.0000E+00  0.0000E+00  0.0000E+00  1.5000E+00
1.0375E-02  4.3339E+03  2.8830E+02  1.0000E+00  0.0000E+00  0.0000E+00  1.5000E+00
1.1832E-02  4.3365E+03  3.3000E+02  1.0000E+00  0.0000E+00  0.0000E+00  1.5000E+00
1.3482E-02  4.3448E+03  3.7200E+02  1.0000E+00  0.0000E+00  0.0000E+00  1.5000E+00
1.5366E-02  4.3525E+03  4.1630E+02  1.0000E+00  0.0000E+00  0.0000E+00  1.5000E+00
1.7525E-02  4.3725E+03  4.6530E+02  1.0000E+00  0.0000E+00  0.0000E+00  1.5000E+00
2.0010E-02  4.4016E+03  5.1960E+02  1.0000E+00  0.0000E+00  0.0000E+00  1.5000E+00
2.2862E-02  4.4262E+03  5.8150E+02  1.0000E+00  0.0000E+00  0.0000E+00  1.5000E+00
2.6128E-02  4.4631E+03  6.5400E+02  1.0000E+00  0.0000E+00  0.0000E+00  1.5000E+00
2.9866E-02  4.5096E+03  7.3720E+02  1.0000E+00  0.0000E+00  0.0000E+00  1.5000E+00
3.4122E-02  4.5461E+03  8.3400E+02  1.0000E+00  0.0000E+00  0.0000E+00  1.5000E+00
3.8933E-02  4.6049E+03  9.5510E+02  1.0000E+00  0.0000E+00  0.0000E+00  1.5000E+00
4.4302E-02  4.6631E+03  1.1060E+03  1.0000E+00  0.0000E+00  0.0000E+00  1.5000E+00
5.0254E-02  4.6877E+03  1.2750E+03  1.0000E+00  0.0000E+00  0.0000E+00  1.5000E+00
5.6872E-02  4.6830E+03  1.4460E+03  1.0000E+00  0.0000E+00  0.0000E+00  1.5000E+00
6.4335E-02  4.6649E+03  1.6130E+03  1.0000E+00  0.0000E+00  0.0000E+00  1.5000E+00
7.2760E-02  4.6432E+03  1.8000E+03  1.0000E+00  0.0000E+00  0.0000E+00  1.5000E+00
8.2239E-02  4.6130E+03  2.0080E+03  1.0000E+00  0.0000E+00  0.0000E+00  1.5000E+00
9.2881E-02  4.5702E+03  2.2270E+03  1.0000E+00  0.0000E+00  0.0000E+00  1.5000E+00
1.0486E-01  4.5198E+03  2.4580E+03  1.0000E+00  0.0000E+00  0.0000E+00  1.5000E+00
1.1835E-01  4.4687E+03  2.7180E+03  1.0000E+00  0.0000E+00  0.0000E+00  1.5000E+00
1.3357E-01  4.4238E+03  3.0190E+03  1.0000E+00  0.0000E+00  0.0000E+00  1.5000E+00
1.5077E-01  4.3931E+03  3.3740E+03  1.0000E+00  0.0000E+00  0.0000E+00  1.5000E+00
1.7017E-01  4.3797E+03  3.8010E+03  1.0000E+00  0.0000E+00  0.0000E+00  1.5000E+00
1.9195E-01  4.3893E+03  4.3220E+03  1.0000E+00  0.0000E+00  0.0000E+00  1.5000E+00
2.1628E-01  4.4140E+03  4.9370E+03  1.0000E+00  0.0000E+00  0.0000E+00  1.5000E+00
2.4337E-01  4.4481E+03  5.6430E+03  1.0000E+00  0.0000E+00  0.0000E+00  1.5000E+00
2.7355E-01  4.4884E+03  6.4570E+03  1.0000E+00  0.0000E+00  0.0000E+00  1.5000E+00
3.0706E-01  4.5403E+03  7.4240E+03  1.0000E+00  0.0000E+00  0.0000E+00  1.5000E+00
3.4415E-01  4.5996E+03  8.5660E+03  1.0000E+00  0.0000E+00  0.0000E+00  1.5000E+00
3.8525E-01  4.6522E+03  9.8560E+03  1.0000E+00  0.0000E+00  0.0000E+00  1.5000E+00
4.3093E-01  4.6845E+03  1.1240E+04  1.0000E+00  0.0000E+00  0.0000E+00  1.5000E+00
4.8206E-01  4.6973E+03  1.2690E+04  1.0000E+00  0.0000E+00  0.0000E+00  1.5000E+00
5.3962E-01  4.6956E+03  1.4210E+04  1.0000E+00  0.0000E+00  0.0000E+00  1.5000E+00
6.0478E-01  4.6844E+03  1.5820E+04  1.0000E+00  0.0000E+00  0.0000E+00  1.5000E+00
6.7906E-01  4.6741E+03  1.7540E+04  1.0000E+00  0.0000E+00  0.0000E+00  1.5000E+00
7.6377E-01  4.6705E+03  1.9420E+04  1.0000E+00  0.0000E+00  0.0000E+00  1.5000E+00
8.6064E-01  4.6691E+03  2.1460E+04  1.0000E+00  0.0000E+00  0.0000E+00  1.5000E+00
9.7167E-01  4.6685E+03  2.3710E+04  1.0000E+00  0.0000E+00  0.0000E+00  1.5000E+00
1.0985E+00  4.6800E+03  2.6300E+04  1.0000E+00  0.0000E+00  0.0000E+00  1.5000E+00
1.2426E+00  4.7201E+03  2.9410E+04  1.0000E+00  0.0000E+00  0.0000E+00  1.5000E+00
1.4047E+00  4.7897E+03  3.3140E+04  1.0000E+00  0.0000E+00  0.0000E+00  1.5000E+00
1.5861E+00  4.8743E+03  3.7470E+04  1.0000E+00  0.0000E+00  0.0000E+00  1.5000E+00
1.7892E+00  4.9713E+03  4.2220E+04  1.0000E+00  0.0000E+00  0.0000E+00  1.5000E+00
2.0174E+00  5.0754E+03  4.7260E+04  1.0000E+00  0.0000E+00  0.0000E+00  1.5000E+00
2.2740E+00  5.1909E+03  5.2690E+04  1.0000E+00  0.0000E+00  0.0000E+00  1.5000E+00
2.5590E+00  5.3288E+03  5.8620E+04  1.0000E+00  0.0000E+00  0.0000E+00  1.5000E+00
2.8670E+00  5.4890E+03  6.5020E+04  1.0000E+00  0.0000E+00  0.0000E+00  1.5000E+00
3.1858E+00  5.6502E+03  7.1810E+04  1.0000E+00  0.0000E+00  0.0000E+00  1.5000E+00
3.5037E+00  5.8118E+03  7.8830E+04  1.0000E+00  0.0000E+00  0.0000E+00  1.5000E+00
3.8114E+00  5.9881E+03  8.6200E+04  1.0000E+00  0.0000E+00  0.0000E+00  1.5000E+00
4.1008E+00  6.1644E+03  9.3730E+04  1.0000E+00  0.0000E+00  0.0000E+00  1.5000E+00
4.3647E+00  6.3587E+03  1.0090E+05  1.0000E+00  0.0000E+00  0.0000E+00  1.5000E+00
4.6083E+00  6.5506E+03  1.0760E+05  1.0000E+00  0.0000E+00  0.0000E+00  1.5000E+00
4.8484E+00  6.6541E+03  1.1480E+05  1.0000E+00  0.0000E+00  0.0000E+00  1.5000E+00
5.1063E+00  6.7212E+03  1.2200E+05  1.0000E+00  0.0000E+00  0.0000E+00  1.5000E+00
5.3071E+00  7.1280E+03  1.2730E+05  1.0000E+00  0.0000E+00  0.0000E+00  1.5000E+00
5.4434E+00  7.5771E+03  1.3090E+05  1.0000E+00  0.0000E+00  0.0000E+00  1.5000E+00
5.5174E+00  8.0416E+03  1.3290E+05  1.0000E+00  0.0000E+00  0.0000E+00  1.5000E+00
5.5924E+00  8.5061E+03  1.3500E+05  1.0000E+00  0.0000E+00  0.0000E+00  1.5000E+00
5.6662E+00  8.9522E+03  1.3710E+05  1.0000E+00  0.0000E+00  0.0000E+00  1.5000E+00
5.7156E+00  9.1913E+03  1.3850E+05  1.0000E+00  0.0000E+00  0.0000E+00  1.5000E+00
5.7653E+00  9.4305E+03  1.3980E+05  1.0000E+00  0.0000E+00  0.0000E+00  1.5000E+00
5.8155E+00  9.6697E+03  1.4120E+05  1.0000E+00  0.0000E+00  0.0000E+00  1.5000E+00
5.8662E+00  9.9088E+03  1.4260E+05  1.0000E+00  0.0000E+00  0.0000E+00  1.5000E+00
5.9212E+00  1.0084E+04  1.4430E+05  1.0000E+00  0.0000E+00  0.0000E+00  1.5000E+00
5.9794E+00  1.0218E+04  1.4610E+05  1.0000E+00  0.0000E+00  0.0000E+00  1.5000E+00
6.0381E+00  1.0352E+04  1.4800E+05  1.0000E+00  0.0000E+00  0.0000E+00  1.5000E+00
6.0979E+00  1.0484E+04  1.4990E+05  1.0000E+00  0.0000E+00  0.0000E+00  1.5000E+00
6.1791E+00  1.0557E+04  1.5250E+05  1.0000E+00  0.0000E+00  0.0000E+00  1.5000E+00
6.2614E+00  1.0630E+04  1.5510E+05  1.0000E+00  0.0000E+00  0.0000E+00  1.5000E+00
6.3586E+00  1.0693E+04  1.5820E+05  1.0000E+00  0.0000E+00  0.0000E+00  1.5000E+00
6.4727E+00  1.0745E+04  1.6180E+05  1.0000E+00  0.0000E+00  0.0000E+00  1.5000E+00
6.6081E+00  1.0793E+04  1.6600E+05  1.0000E+00  0.0000E+00  0.0000E+00  1.5000E+00
6.7637E+00  1.0837E+04  1.7080E+05  1.0000E+00  0.0000E+00  0.0000E+00  1.5000E+00
6.9513E+00  1.0879E+04  1.7640E+05  1.0000E+00  0.0000E+00  0.0000E+00  1.5000E+00
7.1743E+00  1.0927E+04  1.8320E+05  1.0000E+00  0.0000E+00  0.0000E+00  1.5000E+00
7.4346E+00  1.0979E+04  1.9090E+05  1.0000E+00  0.0000E+00  0.0000E+00  1.5000E+00
7.7413E+00  1.1038E+04  2.0010E+05  1.0000E+00  0.0000E+00  0.0000E+00  1.5000E+00
8.0971E+00  1.1102E+04  2.1060E+05  1.0000E+00  0.0000E+00  0.0000E+00  1.5000E+00
8.5057E+00  1.1171E+04  2.2270E+05  1.0000E+00  0.0000E+00  0.0000E+00  1.5000E+00
