7.7956E-03  3.8298E+03  2.2880E+02  1.0000E+00  0.0000E+00  0.0000E+00  1.5000E+00
9.0396E-03  3.8715E+03  2.5960E+02  1.0000E+00  0.0000E+00  0.0000E+00  1.5000E+00
1.0456E-02  3.9218E+03  2.9540E+02  1.0000E+00  0.0000E+00  0.0000E+00  1.5000E+00
1.2064E-02  3.9818E+03  3.3840E+02  1.0000E+00  0.0000E+00  0.0000E+00  1.5000E+00
1.3884E-02  4.0494E+03  3.9040E+02  1.0000E+00  0.0000E+00  0.0000E+00  1.5000E+00
1.5937E-02  4.1213E+03  4.5330E+02  1.0000E+00  0.0000E+00  0.0000E+00  1.5000E+00
1.8246E-02  4.1836E+03  5.2530E+02  1.0000E+00  0.0000E+00  0.0000E+00  1.5000E+00
2.0852E-02  4.2260E+03  6.0300E+02  1.0000E+00  0.0000E+00  0.0000E+00  1.5000E+00
2.3800E-02  4.2512E+03  6.8520E+02  1.0000E+00  0.0000E+00  0.0000E+00  1.5000E+00
2.7139E-02  4.2650E+03  7.7280E+02  1.0000E+00  0.0000E+00  0.0000E+00  1.5000E+00
3.0928E-02  4.2759E+03  8.6700E+02  1.0000E+00  0.0000E+00  0.0000E+00  1.5000E+00
3.5232E-02  4.2842E+03  9.7110E+02  1.0000E+00  0.0000E+00  0.0000E+00  1.5000E+00
4.0123E-02  4.3005E+03  1.0890E+03  1.0000E+00  0.0000E+00  0.0000E+00  1.5000E+00
4.5671E-02  4.3225E+03  1.2280E+03  1.0000E+00  0.0000E+00  0.0000E+00  1.5000E+00
5.1932E-02  4.3537E+03  1.3950E+03  1.0000E+00  0.0000E+00  0.0000E+00  1.5000E+00
5.8991E-02  4.4168E+03  1.5990E+03  1.0000E+00  0.0000E+00  0.0000E+00  1.5000E+00
6.6920E-02  4.4791E+03  1.8440E+03  1.0000E+00  0.0000E+00  0.0000E+00  1.5000E+00
7.5752E-02  4.5363E+03  2.1410E+03  1.0000E+00  0.0000E+00  0.0000E+00  1.5000E+00
8.5567E-02  4.5938E+03  2.4850E+03  1.0000E+00  0.0000E+00  0.0000E+00  1.5000E+00
9.6488E-02  4.6545E+03  2.8670E+03  1.0000E+00  0.0000E+00  0.0000E+00  1.5000E+00
1.0869E-01  4.7010E+03  3.2700E+03  1.0000E+00  0.0000E+00  0.0000E+00  1.5000E+00
1.2236E-01  4.7300E+03  3.6990E+03  1.0000E+00  0.0000E+00  0.0000E+00  1.5000E+00
1.3773E-01  4.7511E+03  4.1610E+03  1.0000E+00  0.0000E+00  0.0000E+00  1.5000E+00
1.5506E-01  4.7633E+03  4.6510E+03  1.0000E+00  0.0000E+00  0.0000E+00  1.5000E+00
1.7466E-01  4.7690E+03  5.1760E+03  1.0000E+00  0.0000E+00  0.0000E+00  1.5000E+00
1.9687E-01  4.7715E+03  5.7560E+03  1.0000E+00  0.0000E+00  0.0000E+00  1.5000E+00
2.2202E-01  4.7878E+03  6.4220E+03  1.0000E+00  0.0000E+00  0.0000E+00  1.5000E+00
2.5048E-01  4.8011E+03  7.1680E+03  1.0000E+00  0.0000E+00  0.0000E+00  1.5000E+00
2.8265E-01  4.8040E+03  7.9900E+03  1.0000E+00  0.0000E+00  0.0000E+00  1.5000E+00
3.1901E-01  4.7927E+03  8.9010E+03  1.0000E+00  0.0000E+00  0.0000E+00  1.5000E+00
3.6002E-01  4.7803E+03  9.9450E+03  1.0000E+00  0.0000E+00  0.0000E+00  1.5000E+00
4.0623E-01  4.7776E+03  1.1140E+04  1.0000E+00  0.0000E+00  0.0000E+00  1.5000E+00
4.5824E-01  4.7821E+03  1.2500E+04  1.0000E+00  0.0000E+00  0.0000E+00  1.5000E+00
5.1683E-01  4.7875E+03  1.4020E+04  1.0000E+00  0.0000E+00  0.0000E+00  1.5000E+00
5.8285E-01  4.7966E+03  1.5730E+04  1.0000E+00  0.0000E+00  0.0000E+00  1.5000E+00
6.5717E-01  4.8133E+03  1.7710E+04  1.0000E+00  0.0000E+00  0.0000E+00  1.5000E+00
7.4071E-01  4.8344E+03  1.9950E+04  1.0000E+00  0.0000E+00  0.0000E+00  1.5000E+00
8.3477E-01  4.8505E+03  2.2380E+04  1.0000E+00  0.0000E+00  0.0000E+00  1.5000E+00
9.4138E-01  4.8586E+03  2.4860E+04  1.0000E+00  0.0000E+00  0.0000E+00  1.5000E+00
1.0626E+00  4.8675E+03  2.7550E+04  1.0000E+00  0.0000E+00  0.0000E+00  1.5000E+00
1.2007E+00  4.8910E+03  3.0620E+04  1.0000E+00  0.0000E+00  0.0000E+00  1.5000E+00
1.3573E+00  4.9343E+03  3.4180E+04  1.0000E+00  0.0000E+00  0.0000E+00  1.5000E+00
1.5344E+00  5.0002E+03  3.8230E+04  1.0000E+00  0.0000E+00  0.0000E+00  1.5000E+00
1.7342E+00  5.0810E+03  4.2720E+04  1.0000E+00  0.0000E+00  0.0000E+00  1.5000E+00
1.9589E+00  5.1781E+03  4.7730E+04  1.0000E+00  0.0000E+00  0.0000E+00  1.5000E+00
2.2095E+00  5.2872E+03  5.3290E+04  1.0000E+00  0.0000E+00  0.0000E+00  1.5000E+00
2.4845E+00  5.4102E+03  5.9330E+04  1.0000E+00  0.0000E+00  0.0000E+00  1.5000E+00
2.7770E+00  5.5524E+03  6.5760E+04  1.0000E+00  0.0000E+00  0.0000E+00  1.5000E+00
3.0795E+00  5.7004E+03  7.2470E+04  1.0000E+00  0.0000E+00  0.0000E+00  1.5000E+00
3.3808E+00  5.8531E+03  7.9190E+04  1.0000E+00  0.0000E+00  0.0000E+00  1.5000E+00
3.6781E+00  6.0132E+03  8.5430E+04  1.0000E+00  0.0000E+00  0.0000E+00  1.5000E+00
3.9619E+00  6.1751E+03  9.0740E+04  1.0000E+00  0.0000E+00  0.0000E+00  1.5000E+00
4.2368E+00  6.3368E+03  9.5360E+04  1.0000E+00  0.0000E+00  0.0000E+00  1.5000E+00
4.5020E+00  6.5017E+03  1.0040E+05  1.0000E+00  0.0000E+00  0.0000E+00  1.5000E+00
4.7483E+00  6.7131E+03  1.0560E+05  1.0000E+00  0.0000E+00  0.0000E+00  1.5000E+00
4.9645E+00  6.9666E+03  1.1120E+05  1.0000E+00  0.0000E+00  0.0000E+00  1.5000E+00
5.1636E+00  7.1730E+03  1.1750E+05  1.0000E+00  0.0000E+00  0.0000E+00  1.5000E+00
5.3654E+00  7.2227E+03  1.2450E+05  1.0000E+00  0.0000E+00  0.0000E+00  1.5000E+00
5.5679E+00  7.4398E+03  1.2980E+05  1.0000E+00  0.0000E+00  0.0000E+00  1.5000E+00
5.6985E+00  7.8583E+03  1.3350E+05  1.0000E+00  0.0000E+00  0.0000E+00  1.5000E+00
5.7813E+00  8.3981E+03  1.3620E+05  1.0000E+00  0.0000E+00  0.0000E+00  1.5000E+00
5.8654E+00  8.9378E+03  1.3900E+05  1.0000E+00  0.0000E+00  0.0000E+00  1.5000E+00
5.9348E+00  9.2960E+03  1.4070E+05  1.0000E+00  0.0000E+00  0.0000E+00  1.5000E+00
5.9930E+00  9.5175E+03  1.4150E+05  1.0000E+00  0.0000E+00  0.0000E+00  1.5000E+00
6.0517E+00  9.7391E+03  1.4230E+05  1.0000E+00  0.0000E+00  0.0000E+00  1.5000E+00
6.1110E+00  9.9607E+03  1.4310E+05  1.0000E+00  0.0000E+00  0.0000E+00  1.5000E+00
6.1790E+00  1.0089E+04  1.4480E+05  1.0000E+00  0.0000E+00  0.0000E+00  1.5000E+00
6.2502E+00  1.0188E+04  1.4680E+05  1.0000E+00  0.0000E+00  0.0000E+00  1.5000E+00
6.3222E+00  1.0288E+04  1.4890E+05  1.0000E+00  0.0000E+00  0.0000E+00  1.5000E+00
6.4163E+00  1.0347E+04  1.5110E+05  1.0000E+00  0.0000E+00  0.0000E+00  1.5000E+00
6.5175E+00  1.0394E+04  1.5340E+05  1.0000E+00  0.0000E+00  0.0000E+00  1.5000E+00
6.6425E+00  1.0436E+04  1.5660E+05  1.0000E+00  0.0000E+00  0.0000E+00  1.5000E+00
6.7834E+00  1.0475E+04  1.6030E+05  1.0000E+00  0.0000E+00  0.0000E+00  1.5000E+00
6.9573E+00  1.0528E+04  1.6510E+05  1.0000E+00  0.0000E+00  0.0000E+00  1.5000E+00
7.1585E+00  1.0590E+04  1.7100E+05  1.0000E+00  0.0000E+00  0.0000E+00  1.5000E+00
7.3909E+00  1.0653E+04  1.7780E+05  1.0000E+00  0.0000E+00  0.0000E+00  1.5000E+00
7.6614E+00  1.0700E+04  1.8520E+05  1.0000E+00  0.0000E+00  0.0000E+00  1.5000E+00
7.9810E+00  1.0730E+04  1.9330E+05  1.0000E+00  0.0000E+00  0.0000E+00  1.5000E+00
8.3666E+00  1.0763E+04  2.0370E+05  1.0000E+00  0.0000E+00  0.0000E+00  1.5000E+00
8.8164E+00  1.0813E+04  2.1640E+05  1.0000E+00  0.0000E+00  0.0000E+00  1.5000E+00
9.3427E+00  1.0861E+04  2.3070E+05  1.0000E+00  0.0000E+00  0.0000E+00  1.5000E+00
