9.4903E-03  4.2532E+03  2.3820E+02  1.0000E+00  0.0000E+00  0.0000E+00  1.5000E+00
1.0778E-02  4.2611E+03  2.8050E+02  1.0000E+00  0.0000E+00  0.0000E+00  1.5000E+00
1.2213E-02  4.2500E+03  3.2320E+02  1.0000E+00  0.0000E+00  0.0000E+00  1.5000E+00
1.3820E-02  4.2417E+03  3.6890E+02  1.0000E+00  0.0000E+00  0.0000E+00  1.5000E+00
1.5629E-02  4.2343E+03  4.1820E+02  1.0000E+00  0.0000E+00  0.0000E+00  1.5000E+00
1.7672E-02  4.2240E+03  4.7080E+02  1.0000E+00  0.0000E+00  0.0000E+00  1.5000E+00
1.9986E-02  4.2170E+03  5.2830E+02  1.0000E+00  0.0000E+00  0.0000E+00  1.5000E+00
2.2612E-02  4.2138E+03  5.9320E+02  1.0000E+00  0.0000E+00  0.0000E+00  1.5000E+00
2.5587E-02  4.2119E+03  6.6880E+02  1.0000E+00  0.0000E+00  0.0000E+00  1.5000E+00
2.8948E-02  4.2112E+03  7.5590E+02  1.0000E+00  0.0000E+00  0.0000E+00  1.5000E+00
3.2741E-02  4.2078E+03  8.5360E+02  1.0000E+00  0.0000E+00  0.0000E+00  1.5000E+00
3.7029E-02  4.1980E+03  9.5980E+02  1.0000E+00  0.0000E+00  0.0000E+00  1.5000E+00
4.1899E-02  4.1757E+03  1.0700E+03  1.0000E+00  0.0000E+00  0.0000E+00  1.5000E+00
4.7465E-02  4.1480E+03  1.1870E+03  1.0000E+00  0.0000E+00  0.0000E+00  1.5000E+00
5.3850E-02  4.1226E+03  1.3150E+03  1.0000E+00  0.0000E+00  0.0000E+00  1.5000E+00
6.1196E-02  4.1088E+03  1.4610E+03  1.0000E+00  0.0000E+00  0.0000E+00  1.5000E+00
6.9614E-02  4.1086E+03  1.6300E+03  1.0000E+00  0.0000E+00  0.0000E+00  1.5000E+00
7.9208E-02  4.1137E+03  1.8290E+03  1.0000E+00  0.0000E+00  0.0000E+00  1.5000E+00
9.0100E-02  4.1145E+03  2.0640E+03  1.0000E+00  0.0000E+00  0.0000E+00  1.5000E+00
1.0243E-01  4.1157E+03  2.3390E+03  1.0000E+00  0.0000E+00  0.0000E+00  1.5000E+00
1.1632E-01  4.1300E+03  2.6570E+03  1.0000E+00  0.0000E+00  0.0000E+00  1.5000E+00
1.3193E-01  4.1553E+03  3.0120E+03  1.0000E+00  0.0000E+00  0.0000E+00  1.5000E+00
1.4945E-01  4.1808E+03  3.3990E+03  1.0000E+00  0.0000E+00  0.0000E+00  1.5000E+00
1.6918E-01  4.2051E+03  3.8310E+03  1.0000E+00  0.0000E+00  0.0000E+00  1.5000E+00
1.9138E-01  4.2309E+03  4.3210E+03  1.0000E+00  0.0000E+00  0.0000E+00  1.5000E+00
2.1635E-01  4.2568E+03  4.8800E+03  1.0000E+00  0.0000E+00  0.0000E+00  1.5000E+00
2.4443E-01  4.2686E+03  5.5220E+03  1.0000E+00  0.0000E+00  0.0000E+00  1.5000E+00
2.7608E-01  4.2772E+03  6.2440E+03  1.0000E+00  0.0000E+00  0.0000E+00  1.5000E+00
3.1170E-01  4.3003E+03  7.0620E+03  1.0000E+00  0.0000E+00  0.0000E+00  1.5000E+00
3.5152E-01  4.3454E+03  8.0110E+03  1.0000E+00  0.0000E+00  0.0000E+00  1.5000E+00
3.9578E-01  4.3951E+03  9.1310E+03  1.0000E+00  0.0000E+00  0.0000E+00  1.5000E+00
4.4479E-01  4.4453E+03  1.0440E+04  1.0000E+00  0.0000E+00  0.0000E+00  1.5000E+00
4.9913E-01  4.5009E+03  1.1940E+04  1.0000E+00  0.0000E+00  0.0000E+00  1.5000E+00
5.5928E-01  4.5584E+03  1.3650E+04  1.0000E+00  0.0000E+00  0.0000E+00  1.5000E+00
6.2612E-01  4.6084E+03  1.5560E+04  1.0000E+00  0.0000E+00  0.0000E+00  1.5000E+00
7.0077E-01  4.6447E+03  1.7610E+04  1.0000E+00  0.0000E+00  0.0000E+00  1.5000E+00
7.8477E-01  4.6780E+03  1.9790E+04  1.0000E+00  0.0000E+00  0.0000E+00  1.5000E+00
8.7954E-01  4.7169E+03  2.2160E+04  1.0000E+00  0.0000E+00  0.0000E+00  1.5000E+00
9.8654E-01  4.7553E+03  2.4840E+04  1.0000E+00  0.0000E+00  0.0000E+00  1.5000E+00
1.1074E+00  4.7907E+03  2.7880E+04  1.0000E+00  0.0000E+00  0.0000E+00  1.5000E+00
1.2437E+00  4.8260E+03  3.1230E+04  1.0000E+00  0.0000E+00  0.0000E+00  1.5000E+00
1.3982E+00  4.8648E+03  3.4730E+04  1.0000E+00  0.0000E+00  0.0000E+00  1.5000E+00
1.5739E+00  4.9154E+03  3.8520E+04  1.0000E+00  0.0000E+00  0.0000E+00  1.5000E+00
1.7733E+00  5.0036E+03  4.2950E+04  1.0000E+00  0.0000E+00  0.0000E+00  1.5000E+00
1.9980E+00  5.1193E+03  4.8100E+04  1.0000E+00  0.0000E+00  0.0000E+00  1.5000E+00
2.2482E+00  5.2612E+03  5.3880E+04  1.0000E+00  0.0000E+00  0.0000E+00  1.5000E+00
2.5206E+00  5.4175E+03  6.0250E+04  1.0000E+00  0.0000E+00  0.0000E+00  1.5000E+00
2.8067E+00  5.5774E+03  6.6750E+04  1.0000E+00  0.0000E+00  0.0000E+00  1.5000E+00
3.0973E+00  5.7360E+03  7.3180E+04  1.0000E+00  0.0000E+00  0.0000E+00  1.5000E+00
3.3802E+00  5.9172E+03  7.9880E+04  1.0000E+00  0.0000E+00  0.0000E+00  1.5000E+00
3.6470E+00  6.1040E+03  8.6300E+04  1.0000E+00  0.0000E+00  0.0000E+00  1.5000E+00
3.8945E+00  6.2840E+03  9.2390E+04  1.0000E+00  0.0000E+00  0.0000E+00  1.5000E+00
4.1217E+00  6.4779E+03  9.8370E+04  1.0000E+00  0.0000E+00  0.0000E+00  1.5000E+00
4.3163E+00  6.7347E+03  1.0350E+05  1.0000E+00  0.0000E+00  0.0000E+00  1.5000E+00
4.4653E+00  7.0826E+03  1.0620E+05  1.0000E+00  0.0000E+00  0.0000E+00  1.5000E+00
4.6005E+00  7.4609E+03  1.0810E+05  1.0000E+00  0.0000E+00  0.0000E+00  1.5000E+00
4.6719E+00  7.8507E+03  1.0780E+05  1.0000E+00  0.0000E+00  0.0000E+00  1.5000E+00
4.7444E+00  8.2404E+03  1.0750E+05  1.0000E+00  0.0000E+00  0.0000E+00  1.5000E+00
4.8153E+00  8.6148E+03  1.0730E+05  1.0000E+00  0.0000E+00  0.0000E+00  1.5000E+00
4.8662E+00  8.8670E+03  1.0700E+05  1.0000E+00  0.0000E+00  0.0000E+00  1.5000E+00
4.9176E+00  9.1192E+03  1.0660E+05  1.0000E+00  0.0000E+00  0.0000E+00  1.5000E+00
4.9695E+00  9.3713E+03  1.0630E+05  1.0000E+00  0.0000E+00  0.0000E+00  1.5000E+00
5.0241E+00  9.5442E+03  1.0630E+05  1.0000E+00  0.0000E+00  0.0000E+00  1.5000E+00
5.0806E+00  9.6632E+03  1.0660E+05  1.0000E+00  0.0000E+00  0.0000E+00  1.5000E+00
5.1378E+00  9.7822E+03  1.0680E+05  1.0000E+00  0.0000E+00  0.0000E+00  1.5000E+00
5.2074E+00  9.8626E+03  1.0760E+05  1.0000E+00  0.0000E+00  0.0000E+00  1.5000E+00
5.2835E+00  9.9249E+03  1.0870E+05  1.0000E+00  0.0000E+00  0.0000E+00  1.5000E+00
5.3732E+00  9.9791E+03  1.1040E+05  1.0000E+00  0.0000E+00  0.0000E+00  1.5000E+00
5.4748E+00  1.0027E+04  1.1270E+05  1.0000E+00  0.0000E+00  0.0000E+00  1.5000E+00
5.6006E+00  1.0071E+04  1.1600E+05  1.0000E+00  0.0000E+00  0.0000E+00  1.5000E+00
5.7453E+00  1.0120E+04  1.2010E+05  1.0000E+00  0.0000E+00  0.0000E+00  1.5000E+00
5.9143E+00  1.0167E+04  1.2540E+05  1.0000E+00  0.0000E+00  0.0000E+00  1.5000E+00
6.1134E+00  1.0197E+04  1.3190E+05  1.0000E+00  0.0000E+00  0.0000E+00  1.5000E+00
6.3517E+00  1.0202E+04  1.4030E+05  1.0000E+00  0.0000E+00  0.0000E+00  1.5000E+00
6.6409E+00  1.0214E+04  1.5160E+05  1.0000E+00  0.0000E+00  0.0000E+00  1.5000E+00
6.9709E+00  1.0343E+04  1.6680E+05  1.0000E+00  0.0000E+00  0.0000E+00  1.5000E+00
7.3038E+00  1.0596E+04  1.8050E+05  1.0000E+00  0.0000E+00  0.0000E+00  1.5000E+00
7.6429E+00  1.0723E+04  1.9110E+05  1.0000E+00  0.0000E+00  0.0000E+00  1.5000E+00
8.0197E+00  1.0804E+04  2.0360E+05  1.0000E+00  0.0000E+00  0.0000E+00  1.5000E+00
8.4605E+00  1.0822E+04  2.1700E+05  1.0000E+00  0.0000E+00  0.0000E+00  1.5000E+00
8.9873E+00  1.0852E+04  2.3220E+05  1.0000E+00  0.0000E+00  0.0000E+00  1.5000E+00
