8.6892E-03  3.6875E+03  2.2150E+02  1.0000E+00  0.0000E+00  0.0000E+00  1.5000E+00
1.0004E-02  3.7187E+03  2.5370E+02  1.0000E+00  0.0000E+00  0.0000E+00  1.5000E+00
1.1490E-02  3.7567E+03  2.9060E+02  1.0000E+00  0.0000E+00  0.0000E+00  1.5000E+00
1.3165E-02  3.7990E+03  3.3270E+02  1.0000E+00  0.0000E+00  0.0000E+00  1.5000E+00
1.5050E-02  3.8421E+03  3.8110E+02  1.0000E+00  0.0000E+00  0.0000E+00  1.5000E+00
1.7158E-02  3.8962E+03  4.3840E+02  1.0000E+00  0.0000E+00  0.0000E+00  1.5000E+00
1.9507E-02  3.9649E+03  5.0780E+02  1.0000E+00  0.0000E+00  0.0000E+00  1.5000E+00
2.2116E-02  4.0441E+03  5.9100E+02  1.0000E+00  0.0000E+00  0.0000E+00  1.5000E+00
2.5017E-02  4.1127E+03  6.8470E+02  1.0000E+00  0.0000E+00  0.0000E+00  1.5000E+00
2.8265E-02  4.1586E+03  7.8440E+02  1.0000E+00  0.0000E+00  0.0000E+00  1.5000E+00
3.1931E-02  4.1832E+03  8.8790E+02  1.0000E+00  0.0000E+00  0.0000E+00  1.5000E+00
3.6086E-02  4.1939E+03  9.9800E+02  1.0000E+00  0.0000E+00  0.0000E+00  1.5000E+00
4.0807E-02  4.1962E+03  1.1170E+03  1.0000E+00  0.0000E+00  0.0000E+00  1.5000E+00
4.6178E-02  4.1956E+03  1.2480E+03  1.0000E+00  0.0000E+00  0.0000E+00  1.5000E+00
5.2300E-02  4.1962E+03  1.3920E+03  1.0000E+00  0.0000E+00  0.0000E+00  1.5000E+00
5.9271E-02  4.2035E+03  1.5590E+03  1.0000E+00  0.0000E+00  0.0000E+00  1.5000E+00
6.7172E-02  4.2295E+03  1.7550E+03  1.0000E+00  0.0000E+00  0.0000E+00  1.5000E+00
7.6093E-02  4.2883E+03  1.9870E+03  1.0000E+00  0.0000E+00  0.0000E+00  1.5000E+00
8.6154E-02  4.3706E+03  2.2540E+03  1.0000E+00  0.0000E+00  0.0000E+00  1.5000E+00
9.7501E-02  4.4199E+03  2.5590E+03  1.0000E+00  0.0000E+00  0.0000E+00  1.5000E+00
1.1027E-01  4.4275E+03  2.8900E+03  1.0000E+00  0.0000E+00  0.0000E+00  1.5000E+00
1.2465E-01  4.4214E+03  3.2350E+03  1.0000E+00  0.0000E+00  0.0000E+00  1.5000E+00
1.4094E-01  4.4289E+03  3.6100E+03  1.0000E+00  0.0000E+00  0.0000E+00  1.5000E+00
1.5944E-01  4.4466E+03  4.0250E+03  1.0000E+00  0.0000E+00  0.0000E+00  1.5000E+00
1.8047E-01  4.4563E+03  4.4920E+03  1.0000E+00  0.0000E+00  0.0000E+00  1.5000E+00
2.0429E-01  4.4591E+03  5.0260E+03  1.0000E+00  0.0000E+00  0.0000E+00  1.5000E+00
2.3121E-01  4.4579E+03  5.6470E+03  1.0000E+00  0.0000E+00  0.0000E+00  1.5000E+00
2.6157E-01  4.4581E+03  6.3680E+03  1.0000E+00  0.0000E+00  0.0000E+00  1.5000E+00
2.9571E-01  4.4647E+03  7.2020E+03  1.0000E+00  0.0000E+00  0.0000E+00  1.5000E+00
3.3401E-01  4.4803E+03  8.1640E+03  1.0000E+00  0.0000E+00  0.0000E+00  1.5000E+00
3.7697E-01  4.5027E+03  9.2540E+03  1.0000E+00  0.0000E+00  0.0000E+00  1.5000E+00
4.2513E-01  4.5281E+03  1.0470E+04  1.0000E+00  0.0000E+00  0.0000E+00  1.5000E+00
4.7923E-01  4.5489E+03  1.1830E+04  1.0000E+00  0.0000E+00  0.0000E+00  1.5000E+00
5.3995E-01  4.5766E+03  1.3390E+04  1.0000E+00  0.0000E+00  0.0000E+00  1.5000E+00
6.0793E-01  4.6232E+03  1.5180E+04  1.0000E+00  0.0000E+00  0.0000E+00  1.5000E+00
6.8400E-01  4.6792E+03  1.7210E+04  1.0000E+00  0.0000E+00  0.0000E+00  1.5000E+00
7.6912E-01  4.7380E+03  1.9480E+04  1.0000E+00  0.0000E+00  0.0000E+00  1.5000E+00
8.6458E-01  4.7987E+03  2.2030E+04  1.0000E+00  0.0000E+00  0.0000E+00  1.5000E+00
9.7170E-01  4.8667E+03  2.4900E+04  1.0000E+00  0.0000E+00  0.0000E+00  1.5000E+00
1.0918E+00  4.9438E+03  2.8170E+04  1.0000E+00  0.0000E+00  0.0000E+00  1.5000E+00
1.2262E+00  5.0272E+03  3.1970E+04  1.0000E+00  0.0000E+00  0.0000E+00  1.5000E+00
1.3754E+00  5.1148E+03  3.6330E+04  1.0000E+00  0.0000E+00  0.0000E+00  1.5000E+00
1.5408E+00  5.2016E+03  4.1230E+04  1.0000E+00  0.0000E+00  0.0000E+00  1.5000E+00
1.7227E+00  5.2866E+03  4.6630E+04  1.0000E+00  0.0000E+00  0.0000E+00  1.5000E+00
1.9219E+00  5.3700E+03  5.2570E+04  1.0000E+00  0.0000E+00  0.0000E+00  1.5000E+00
2.1398E+00  5.4473E+03  5.8920E+04  1.0000E+00  0.0000E+00  0.0000E+00  1.5000E+00
2.3761E+00  5.5305E+03  6.5710E+04  1.0000E+00  0.0000E+00  0.0000E+00  1.5000E+00
2.6317E+00  5.6174E+03  7.2430E+04  1.0000E+00  0.0000E+00  0.0000E+00  1.5000E+00
2.9084E+00  5.6966E+03  7.9220E+04  1.0000E+00  0.0000E+00  0.0000E+00  1.5000E+00
3.2078E+00  5.7744E+03  8.6320E+04  1.0000E+00  0.0000E+00  0.0000E+00  1.5000E+00
3.5304E+00  5.8609E+03  9.2930E+04  1.0000E+00  0.0000E+00  0.0000E+00  1.5000E+00
3.8770E+00  5.9524E+03  9.8400E+04  1.0000E+00  0.0000E+00  0.0000E+00  1.5000E+00
4.2501E+00  6.0437E+03  1.0210E+05  1.0000E+00  0.0000E+00  0.0000E+00  1.5000E+00
4.6508E+00  6.1487E+03  1.0510E+05  1.0000E+00  0.0000E+00  0.0000E+00  1.5000E+00
5.0499E+00  6.3276E+03  1.1040E+05  1.0000E+00  0.0000E+00  0.0000E+00  1.5000E+00
5.4199E+00  6.5306E+03  1.1860E+05  1.0000E+00  0.0000E+00  0.0000E+00  1.5000E+00
5.7617E+00  6.6988E+03  1.2880E+05  1.0000E+00  0.0000E+00  0.0000E+00  1.5000E+00
6.0668E+00  6.9437E+03  1.4000E+05  1.0000E+00  0.0000E+00  0.0000E+00  1.5000E+00
6.3382E+00  7.1605E+03  1.4880E+05  1.0000E+00  0.0000E+00  0.0000E+00  1.5000E+00
6.6066E+00  7.2976E+03  1.5740E+05  1.0000E+00  0.0000E+00  0.0000E+00  1.5000E+00
6.8633E+00  7.4853E+03  1.6570E+05  1.0000E+00  0.0000E+00  0.0000E+00  1.5000E+00
7.0931E+00  7.8532E+03  1.7330E+05  1.0000E+00  0.0000E+00  0.0000E+00  1.5000E+00
7.2163E+00  8.3174E+03  1.7730E+05  1.0000E+00  0.0000E+00  0.0000E+00  1.5000E+00
7.3202E+00  8.7996E+03  1.8070E+05  1.0000E+00  0.0000E+00  0.0000E+00  1.5000E+00
7.4256E+00  9.2818E+03  1.8400E+05  1.0000E+00  0.0000E+00  0.0000E+00  1.5000E+00
7.5082E+00  9.5777E+03  1.8640E+05  1.0000E+00  0.0000E+00  0.0000E+00  1.5000E+00
7.5837E+00  9.8125E+03  1.8840E+05  1.0000E+00  0.0000E+00  0.0000E+00  1.5000E+00
7.6600E+00  1.0047E+04  1.9040E+05  1.0000E+00  0.0000E+00  0.0000E+00  1.5000E+00
7.7370E+00  1.0282E+04  1.9240E+05  1.0000E+00  0.0000E+00  0.0000E+00  1.5000E+00
7.8364E+00  1.0315E+04  1.9310E+05  1.0000E+00  0.0000E+00  0.0000E+00  1.5000E+00
7.9379E+00  1.0340E+04  1.9370E+05  1.0000E+00  0.0000E+00  0.0000E+00  1.5000E+00
8.0512E+00  1.0377E+04  1.9460E+05  1.0000E+00  0.0000E+00  0.0000E+00  1.5000E+00
8.1993E+00  1.0450E+04  1.9620E+05  1.0000E+00  0.0000E+00  0.0000E+00  1.5000E+00
8.3600E+00  1.0551E+04  1.9870E+05  1.0000E+00  0.0000E+00  0.0000E+00  1.5000E+00
8.5398E+00  1.0696E+04  2.0270E+05  1.0000E+00  0.0000E+00  0.0000E+00  1.5000E+00
8.7479E+00  1.0754E+04  2.0340E+05  1.0000E+00  0.0000E+00  0.0000E+00  1.5000E+00
8.9893E+00  1.0795E+04  2.0430E+05  1.0000E+00  0.0000E+00  0.0000E+00  1.5000E+00
9.2772E+00  1.0832E+04  2.0910E+05  1.0000E+00  0.0000E+00  0.0000E+00  1.5000E+00
9.6122E+00  1.0925E+04  2.1690E+05  1.0000E+00  0.0000E+00  0.0000E+00  1.5000E+00
9.9736E+00  1.1130E+04  2.2680E+05  1.0000E+00  0.0000E+00  0.0000E+00  1.5000E+00
1.0355E+01  1.1276E+04  2.3800E+05  1.0000E+00  0.0000E+00  0.0000E+00  1.5000E+00
