8.3096E-03  3.7003E+03  2.2640E+02  1.0000E+00  0.0000E+00  0.0000E+00  1.5000E+00
9.5982E-03  3.7268E+03  2.6140E+02  1.0000E+00  0.0000E+00  0.0000E+00  1.5000E+00
1.1051E-02  3.7541E+03  3.0340E+02  1.0000E+00  0.0000E+00  0.0000E+00  1.5000E+00
1.2682E-02  3.7766E+03  3.5290E+02  1.0000E+00  0.0000E+00  0.0000E+00  1.5000E+00
1.4513E-02  3.7979E+03  4.0920E+02  1.0000E+00  0.0000E+00  0.0000E+00  1.5000E+00
1.6573E-02  3.8092E+03  4.7010E+02  1.0000E+00  0.0000E+00  0.0000E+00  1.5000E+00
1.8914E-02  3.8099E+03  5.3640E+02  1.0000E+00  0.0000E+00  0.0000E+00  1.5000E+00
2.1591E-02  3.8023E+03  6.0960E+02  1.0000E+00  0.0000E+00  0.0000E+00  1.5000E+00
2.4668E-02  3.7932E+03  6.8990E+02  1.0000E+00  0.0000E+00  0.0000E+00  1.5000E+00
2.8213E-02  3.7881E+03  7.7760E+02  1.0000E+00  0.0000E+00  0.0000E+00  1.5000E+00
3.2317E-02  3.7737E+03  8.7140E+02  1.0000E+00  0.0000E+00  0.0000E+00  1.5000E+00
3.7138E-02  3.7435E+03  9.7710E+02  1.0000E+00  0.0000E+00  0.0000E+00  1.5000E+00
4.2813E-02  3.7225E+03  1.1020E+03  1.0000E+00  0.0000E+00  0.0000E+00  1.5000E+00
4.9401E-02  3.7194E+03  1.2460E+03  1.0000E+00  0.0000E+00  0.0000E+00  1.5000E+00
5.6934E-02  3.7295E+03  1.4130E+03  1.0000E+00  0.0000E+00  0.0000E+00  1.5000E+00
6.5353E-02  3.7652E+03  1.6090E+03  1.0000E+00  0.0000E+00  0.0000E+00  1.5000E+00
7.4588E-02  3.8207E+03  1.8340E+03  1.0000E+00  0.0000E+00  0.0000E+00  1.5000E+00
8.4607E-02  3.8824E+03  2.0880E+03  1.0000E+00  0.0000E+00  0.0000E+00  1.5000E+00
9.5466E-02  3.9388E+03  2.3760E+03  1.0000E+00  0.0000E+00  0.0000E+00  1.5000E+00
1.0741E-01  3.9870E+03  2.6950E+03  1.0000E+00  0.0000E+00  0.0000E+00  1.5000E+00
1.2059E-01  4.0373E+03  3.0570E+03  1.0000E+00  0.0000E+00  0.0000E+00  1.5000E+00
1.3513E-01  4.0970E+03  3.4650E+03  1.0000E+00  0.0000E+00  0.0000E+00  1.5000E+00
1.5116E-01  4.1611E+03  3.9210E+03  1.0000E+00  0.0000E+00  0.0000E+00  1.5000E+00
1.6892E-01  4.2213E+03  4.4200E+03  1.0000E+00  0.0000E+00  0.0000E+00  1.5000E+00
1.8875E-01  4.2781E+03  4.9610E+03  1.0000E+00  0.0000E+00  0.0000E+00  1.5000E+00
2.1101E-01  4.3369E+03  5.5550E+03  1.0000E+00  0.0000E+00  0.0000E+00  1.5000E+00
2.3605E-01  4.3975E+03  6.2260E+03  1.0000E+00  0.0000E+00  0.0000E+00  1.5000E+00
2.6423E-01  4.4571E+03  6.9920E+03  1.0000E+00  0.0000E+00  0.0000E+00  1.5000E+00
2.9595E-01  4.5211E+03  7.8790E+03  1.0000E+00  0.0000E+00  0.0000E+00  1.5000E+00
3.3159E-01  4.5955E+03  8.9290E+03  1.0000E+00  0.0000E+00  0.0000E+00  1.5000E+00
3.7154E-01  4.6772E+03  1.0170E+04  1.0000E+00  0.0000E+00  0.0000E+00  1.5000E+00
4.1627E-01  4.7578E+03  1.1590E+04  1.0000E+00  0.0000E+00  0.0000E+00  1.5000E+00
4.6641E-01  4.8258E+03  1.3150E+04  1.0000E+00  0.0000E+00  0.0000E+00  1.5000E+00
5.2276E-01  4.8741E+03  1.4820E+04  1.0000E+00  0.0000E+00  0.0000E+00  1.5000E+00
5.8634E-01  4.9086E+03  1.6580E+04  1.0000E+00  0.0000E+00  0.0000E+00  1.5000E+00
6.5819E-01  4.9367E+03  1.8520E+04  1.0000E+00  0.0000E+00  0.0000E+00  1.5000E+00
7.3944E-01  4.9562E+03  2.0670E+04  1.0000E+00  0.0000E+00  0.0000E+00  1.5000E+00
8.3164E-01  4.9674E+03  2.2930E+04  1.0000E+00  0.0000E+00  0.0000E+00  1.5000E+00
9.3635E-01  4.9691E+03  2.5500E+04  1.0000E+00  0.0000E+00  0.0000E+00  1.5000E+00
1.0548E+00  4.9765E+03  2.8520E+04  1.0000E+00  0.0000E+00  0.0000E+00  1.5000E+00
1.1884E+00  4.9958E+03  3.2010E+04  1.0000E+00  0.0000E+00  0.0000E+00  1.5000E+00
1.3388E+00  5.0421E+03  3.5980E+04  1.0000E+00  0.0000E+00  0.0000E+00  1.5000E+00
1.5082E+00  5.0922E+03  4.0210E+04  1.0000E+00  0.0000E+00  0.0000E+00  1.5000E+00
1.6992E+00  5.1600E+03  4.4730E+04  1.0000E+00  0.0000E+00  0.0000E+00  1.5000E+00
1.9144E+00  5.2636E+03  4.9230E+04  1.0000E+00  0.0000E+00  0.0000E+00  1.5000E+00
2.1535E+00  5.3899E+03  5.4380E+04  1.0000E+00  0.0000E+00  0.0000E+00  1.5000E+00
2.4118E+00  5.5118E+03  5.9450E+04  1.0000E+00  0.0000E+00  0.0000E+00  1.5000E+00
2.6892E+00  5.6222E+03  6.4660E+04  1.0000E+00  0.0000E+00  0.0000E+00  1.5000E+00
2.9763E+00  5.7601E+03  7.1520E+04  1.0000E+00  0.0000E+00  0.0000E+00  1.5000E+00
3.2619E+00  5.9027E+03  7.9280E+04  1.0000E+00  0.0000E+00  0.0000E+00  1.5000E+00
3.5463E+00  6.0124E+03  8.6860E+04  1.0000E+00  0.0000E+00  0.0000E+00  1.5000E+00
3.8423E+00  6.1017E+03  9.3710E+04  1.0000E+00  0.0000E+00  0.0000E+00  1.5000E+00
4.1598E+00  6.1755E+03  9.9380E+04  1.0000E+00  0.0000E+00  0.0000E+00  1.5000E+00
4.5111E+00  6.2406E+03  1.0210E+05  1.0000E+00  0.0000E+00  0.0000E+00  1.5000E+00
4.9068E+00  6.2949E+03  9.8860E+04  1.0000E+00  0.0000E+00  0.0000E+00  1.5000E+00
5.4446E+00  6.1504E+03  9.1620E+04  1.0000E+00  0.0000E+00  0.0000E+00  1.5000E+00
6.1700E+00  6.2910E+03  9.9080E+04  1.0000E+00  0.0000E+00  0.0000E+00  1.5000E+00
6.7469E+00  6.5804E+03  1.1710E+05  1.0000E+00  0.0000E+00  0.0000E+00  1.5000E+00
7.1969E+00  6.8267E+03  1.4390E+05  1.0000E+00  0.0000E+00  0.0000E+00  1.5000E+00
7.5890E+00  6.9762E+03  1.7180E+05  1.0000E+00  0.0000E+00  0.0000E+00  1.5000E+00
7.9854E+00  7.0390E+03  1.9570E+05  1.0000E+00  0.0000E+00  0.0000E+00  1.5000E+00
8.4296E+00  7.0726E+03  2.0680E+05  1.0000E+00  0.0000E+00  0.0000E+00  1.5000E+00
8.9089E+00  7.2262E+03  2.1240E+05  1.0000E+00  0.0000E+00  0.0000E+00  1.5000E+00
9.3664E+00  7.4868E+03  2.1450E+05  1.0000E+00  0.0000E+00  0.0000E+00  1.5000E+00
9.8108E+00  7.6518E+03  2.1490E+05  1.0000E+00  0.0000E+00  0.0000E+00  1.5000E+00
1.0287E+01  7.7526E+03  2.1510E+05  1.0000E+00  0.0000E+00  0.0000E+00  1.5000E+00
1.0764E+01  8.0069E+03  2.1950E+05  1.0000E+00  0.0000E+00  0.0000E+00  1.5000E+00
1.1220E+01  8.2325E+03  2.2100E+05  1.0000E+00  0.0000E+00  0.0000E+00  1.5000E+00
1.1668E+01  8.4483E+03  2.2090E+05  1.0000E+00  0.0000E+00  0.0000E+00  1.5000E+00
1.2120E+01  8.6478E+03  2.1400E+05  1.0000E+00  0.0000E+00  0.0000E+00  1.5000E+00
1.2568E+01  8.9160E+03  2.1170E+05  1.0000E+00  0.0000E+00  0.0000E+00  1.5000E+00
1.2967E+01  9.2739E+03  2.2070E+05  1.0000E+00  0.0000E+00  0.0000E+00  1.5000E+00
1.3319E+01  9.5645E+03  2.3250E+05  1.0000E+00  0.0000E+00  0.0000E+00  1.5000E+00
1.3659E+01  9.7685E+03  2.4420E+05  1.0000E+00  0.0000E+00  0.0000E+00  1.5000E+00
1.4022E+01  9.8577E+03  2.5570E+05  1.0000E+00  0.0000E+00  0.0000E+00  1.5000E+00
1.4457E+01  9.7915E+03  2.6720E+05  1.0000E+00  0.0000E+00  0.0000E+00  1.5000E+00
1.5058E+01  9.5869E+03  2.7660E+05  1.0000E+00  0.0000E+00  0.0000E+00  1.5000E+00
1.5913E+01  9.5356E+03  2.8800E+05  1.0000E+00  0.0000E+00  0.0000E+00  1.5000E+00
1.6971E+01  9.5281E+03  3.1920E+05  1.0000E+00  0.0000E+00  0.0000E+00  1.5000E+00
1.8225E+01  9.5095E+03  3.5050E+05  1.0000E+00  0.0000E+00  0.0000E+00  1.5000E+00
1.9851E+01  9.4049E+03  3.8980E+05  1.0000E+00  0.0000E+00  0.0000E+00  1.5000E+00
