9.7256E-03  3.6877E+03  1.8940E+02  1.0000E+00  0.0000E+00  0.0000E+00  1.5000E+00
1.1164E-02  3.7188E+03  2.1490E+02  1.0000E+00  0.0000E+00  0.0000E+00  1.5000E+00
1.2803E-02  3.7562E+03  2.4460E+02  1.0000E+00  0.0000E+00  0.0000E+00  1.5000E+00
1.4655E-02  3.8083E+03  2.8110E+02  1.0000E+00  0.0000E+00  0.0000E+00  1.5000E+00
1.6731E-02  3.8821E+03  3.2490E+02  1.0000E+00  0.0000E+00  0.0000E+00  1.5000E+00
1.9045E-02  3.9560E+03  3.7610E+02  1.0000E+00  0.0000E+00  0.0000E+00  1.5000E+00
2.1642E-02  4.0185E+03  4.3370E+02  1.0000E+00  0.0000E+00  0.0000E+00  1.5000E+00
2.4561E-02  4.0802E+03  5.0150E+02  1.0000E+00  0.0000E+00  0.0000E+00  1.5000E+00
2.7830E-02  4.1390E+03  5.8220E+02  1.0000E+00  0.0000E+00  0.0000E+00  1.5000E+00
3.1492E-02  4.1911E+03  6.7570E+02  1.0000E+00  0.0000E+00  0.0000E+00  1.5000E+00
3.5591E-02  4.2318E+03  7.7830E+02  1.0000E+00  0.0000E+00  0.0000E+00  1.5000E+00
4.0196E-02  4.2769E+03  8.9550E+02  1.0000E+00  0.0000E+00  0.0000E+00  1.5000E+00
4.5347E-02  4.3240E+03  1.0380E+03  1.0000E+00  0.0000E+00  0.0000E+00  1.5000E+00
5.1087E-02  4.3703E+03  1.2080E+03  1.0000E+00  0.0000E+00  0.0000E+00  1.5000E+00
5.7473E-02  4.4199E+03  1.3970E+03  1.0000E+00  0.0000E+00  0.0000E+00  1.5000E+00
6.4620E-02  4.4671E+03  1.6070E+03  1.0000E+00  0.0000E+00  0.0000E+00  1.5000E+00
7.2594E-02  4.5130E+03  1.8610E+03  1.0000E+00  0.0000E+00  0.0000E+00  1.5000E+00
8.1429E-02  4.5578E+03  2.1580E+03  1.0000E+00  0.0000E+00  0.0000E+00  1.5000E+00
9.1246E-02  4.5753E+03  2.4690E+03  1.0000E+00  0.0000E+00  0.0000E+00  1.5000E+00
1.0219E-01  4.5646E+03  2.7860E+03  1.0000E+00  0.0000E+00  0.0000E+00  1.5000E+00
1.1445E-01  4.5348E+03  3.1050E+03  1.0000E+00  0.0000E+00  0.0000E+00  1.5000E+00
1.2828E-01  4.4916E+03  3.4320E+03  1.0000E+00  0.0000E+00  0.0000E+00  1.5000E+00
1.4398E-01  4.4459E+03  3.7890E+03  1.0000E+00  0.0000E+00  0.0000E+00  1.5000E+00
1.6179E-01  4.4158E+03  4.2160E+03  1.0000E+00  0.0000E+00  0.0000E+00  1.5000E+00
1.8193E-01  4.4105E+03  4.7510E+03  1.0000E+00  0.0000E+00  0.0000E+00  1.5000E+00
2.0455E-01  4.4236E+03  5.3910E+03  1.0000E+00  0.0000E+00  0.0000E+00  1.5000E+00
2.2994E-01  4.4351E+03  6.0970E+03  1.0000E+00  0.0000E+00  0.0000E+00  1.5000E+00
2.5854E-01  4.4377E+03  6.8580E+03  1.0000E+00  0.0000E+00  0.0000E+00  1.5000E+00
2.9092E-01  4.4293E+03  7.6800E+03  1.0000E+00  0.0000E+00  0.0000E+00  1.5000E+00
3.2780E-01  4.4137E+03  8.5730E+03  1.0000E+00  0.0000E+00  0.0000E+00  1.5000E+00
3.6993E-01  4.4004E+03  9.5440E+03  1.0000E+00  0.0000E+00  0.0000E+00  1.5000E+00
4.1811E-01  4.3927E+03  1.0620E+04  1.0000E+00  0.0000E+00  0.0000E+00  1.5000E+00
4.7321E-01  4.3955E+03  1.1840E+04  1.0000E+00  0.0000E+00  0.0000E+00  1.5000E+00
5.3582E-01  4.4126E+03  1.3260E+04  1.0000E+00  0.0000E+00  0.0000E+00  1.5000E+00
6.0645E-01  4.4449E+03  1.4920E+04  1.0000E+00  0.0000E+00  0.0000E+00  1.5000E+00
6.8558E-01  4.4899E+03  1.6830E+04  1.0000E+00  0.0000E+00  0.0000E+00  1.5000E+00
7.7411E-01  4.5449E+03  1.9000E+04  1.0000E+00  0.0000E+00  0.0000E+00  1.5000E+00
8.7278E-01  4.6137E+03  2.1460E+04  1.0000E+00  0.0000E+00  0.0000E+00  1.5000E+00
9.8280E-01  4.6962E+03  2.4310E+04  1.0000E+00  0.0000E+00  0.0000E+00  1.5000E+00
1.1052E+00  4.7876E+03  2.7630E+04  1.0000E+00  0.0000E+00  0.0000E+00  1.5000E+00
1.2416E+00  4.8805E+03  3.1450E+04  1.0000E+00  0.0000E+00  0.0000E+00  1.5000E+00
1.3935E+00  4.9777E+03  3.5770E+04  1.0000E+00  0.0000E+00  0.0000E+00  1.5000E+00
1.5630E+00  5.0707E+03  4.0430E+04  1.0000E+00  0.0000E+00  0.0000E+00  1.5000E+00
1.7528E+00  5.1501E+03  4.5330E+04  1.0000E+00  0.0000E+00  0.0000E+00  1.5000E+00
1.9655E+00  5.2318E+03  5.0550E+04  1.0000E+00  0.0000E+00  0.0000E+00  1.5000E+00
2.2022E+00  5.3303E+03  5.6360E+04  1.0000E+00  0.0000E+00  0.0000E+00  1.5000E+00
2.4585E+00  5.4661E+03  6.2990E+04  1.0000E+00  0.0000E+00  0.0000E+00  1.5000E+00
2.7264E+00  5.6229E+03  7.0160E+04  1.0000E+00  0.0000E+00  0.0000E+00  1.5000E+00
2.9948E+00  5.7769E+03  7.7690E+04  1.0000E+00  0.0000E+00  0.0000E+00  1.5000E+00
3.2569E+00  5.9325E+03  8.5290E+04  1.0000E+00  0.0000E+00  0.0000E+00  1.5000E+00
3.5107E+00  6.0909E+03  9.2800E+04  1.0000E+00  0.0000E+00  0.0000E+00  1.5000E+00
3.7515E+00  6.2636E+03  1.0000E+05  1.0000E+00  0.0000E+00  0.0000E+00  1.5000E+00
3.9749E+00  6.4581E+03  1.0660E+05  1.0000E+00  0.0000E+00  0.0000E+00  1.5000E+00
4.1833E+00  6.6551E+03  1.1260E+05  1.0000E+00  0.0000E+00  0.0000E+00  1.5000E+00
4.3815E+00  6.7998E+03  1.1810E+05  1.0000E+00  0.0000E+00  0.0000E+00  1.5000E+00
4.5674E+00  7.0059E+03  1.2260E+05  1.0000E+00  0.0000E+00  0.0000E+00  1.5000E+00
4.7208E+00  7.3082E+03  1.2610E+05  1.0000E+00  0.0000E+00  0.0000E+00  1.5000E+00
4.8005E+00  7.7887E+03  1.2790E+05  1.0000E+00  0.0000E+00  0.0000E+00  1.5000E+00
4.8816E+00  8.2692E+03  1.2970E+05  1.0000E+00  0.0000E+00  0.0000E+00  1.5000E+00
4.9573E+00  8.7169E+03  1.3140E+05  1.0000E+00  0.0000E+00  0.0000E+00  1.5000E+00
5.0005E+00  9.0025E+03  1.3230E+05  1.0000E+00  0.0000E+00  0.0000E+00  1.5000E+00
5.0441E+00  9.2880E+03  1.3320E+05  1.0000E+00  0.0000E+00  0.0000E+00  1.5000E+00
5.0880E+00  9.5735E+03  1.3410E+05  1.0000E+00  0.0000E+00  0.0000E+00  1.5000E+00
5.1323E+00  9.8590E+03  1.3500E+05  1.0000E+00  0.0000E+00  0.0000E+00  1.5000E+00
5.1784E+00  1.0103E+04  1.3600E+05  1.0000E+00  0.0000E+00  0.0000E+00  1.5000E+00
5.2292E+00  1.0214E+04  1.3720E+05  1.0000E+00  0.0000E+00  0.0000E+00  1.5000E+00
5.2805E+00  1.0325E+04  1.3840E+05  1.0000E+00  0.0000E+00  0.0000E+00  1.5000E+00
5.3323E+00  1.0436E+04  1.3970E+05  1.0000E+00  0.0000E+00  0.0000E+00  1.5000E+00
5.3948E+00  1.0520E+04  1.4130E+05  1.0000E+00  0.0000E+00  0.0000E+00  1.5000E+00
5.4719E+00  1.0567E+04  1.4360E+05  1.0000E+00  0.0000E+00  0.0000E+00  1.5000E+00
5.5501E+00  1.0614E+04  1.4590E+05  1.0000E+00  0.0000E+00  0.0000E+00  1.5000E+00
5.6569E+00  1.0660E+04  1.4890E+05  1.0000E+00  0.0000E+00  0.0000E+00  1.5000E+00
5.7716E+00  1.0705E+04  1.5220E+05  1.0000E+00  0.0000E+00  0.0000E+00  1.5000E+00
5.9170E+00  1.0736E+04  1.5640E+05  1.0000E+00  0.0000E+00  0.0000E+00  1.5000E+00
6.0875E+00  1.0775E+04  1.6120E+05  1.0000E+00  0.0000E+00  0.0000E+00  1.5000E+00
6.2884E+00  1.0820E+04  1.6710E+05  1.0000E+00  0.0000E+00  0.0000E+00  1.5000E+00
6.5250E+00  1.0870E+04  1.7400E+05  1.0000E+00  0.0000E+00  0.0000E+00  1.5000E+00
6.8014E+00  1.0927E+04  1.8220E+05  1.0000E+00  0.0000E+00  0.0000E+00  1.5000E+00
7.1226E+00  1.0990E+04  1.9180E+05  1.0000E+00  0.0000E+00  0.0000E+00  1.5000E+00
7.4955E+00  1.1062E+04  2.0330E+05  1.0000E+00  0.0000E+00  0.0000E+00  1.5000E+00
7.9205E+00  1.1141E+04  2.1680E+05  1.0000E+00  0.0000E+00  0.0000E+00  1.5000E+00
