8.9994E-03  4.0158E+03  2.0010E+02  1.0000E+00  0.0000E+00  0.0000E+00  1.5000E+00
1.0364E-02  4.0847E+03  2.3070E+02  1.0000E+00  0.0000E+00  0.0000E+00  1.5000E+00
1.1934E-02  4.1574E+03  2.6560E+02  1.0000E+00  0.0000E+00  0.0000E+00  1.5000E+00
1.3744E-02  4.2267E+03  3.0510E+02  1.0000E+00  0.0000E+00  0.0000E+00  1.5000E+00
1.5826E-02  4.3116E+03  3.5480E+02  1.0000E+00  0.0000E+00  0.0000E+00  1.5000E+00
1.8207E-02  4.4251E+03  4.2140E+02  1.0000E+00  0.0000E+00  0.0000E+00  1.5000E+00
2.0884E-02  4.5494E+03  5.0710E+02  1.0000E+00  0.0000E+00  0.0000E+00  1.5000E+00
2.3837E-02  4.6293E+03  5.9630E+02  1.0000E+00  0.0000E+00  0.0000E+00  1.5000E+00
2.7132E-02  4.6525E+03  6.7690E+02  1.0000E+00  0.0000E+00  0.0000E+00  1.5000E+00
3.0893E-02  4.6223E+03  7.4780E+02  1.0000E+00  0.0000E+00  0.0000E+00  1.5000E+00
3.5200E-02  4.5686E+03  8.2410E+02  1.0000E+00  0.0000E+00  0.0000E+00  1.5000E+00
4.0066E-02  4.5057E+03  9.1630E+02  1.0000E+00  0.0000E+00  0.0000E+00  1.5000E+00
4.5493E-02  4.4701E+03  1.0310E+03  1.0000E+00  0.0000E+00  0.0000E+00  1.5000E+00
5.1542E-02  4.4461E+03  1.1650E+03  1.0000E+00  0.0000E+00  0.0000E+00  1.5000E+00
5.8245E-02  4.3925E+03  1.3080E+03  1.0000E+00  0.0000E+00  0.0000E+00  1.5000E+00
6.5728E-02  4.3544E+03  1.4650E+03  1.0000E+00  0.0000E+00  0.0000E+00  1.5000E+00
7.4123E-02  4.3435E+03  1.6510E+03  1.0000E+00  0.0000E+00  0.0000E+00  1.5000E+00
8.3549E-02  4.3543E+03  1.8750E+03  1.0000E+00  0.0000E+00  0.0000E+00  1.5000E+00
9.4092E-02  4.3798E+03  2.1420E+03  1.0000E+00  0.0000E+00  0.0000E+00  1.5000E+00
1.0585E-01  4.4018E+03  2.4600E+03  1.0000E+00  0.0000E+00  0.0000E+00  1.5000E+00
1.1888E-01  4.4104E+03  2.8320E+03  1.0000E+00  0.0000E+00  0.0000E+00  1.5000E+00
1.3331E-01  4.4381E+03  3.2600E+03  1.0000E+00  0.0000E+00  0.0000E+00  1.5000E+00
1.4938E-01  4.4936E+03  3.7430E+03  1.0000E+00  0.0000E+00  0.0000E+00  1.5000E+00
1.6731E-01  4.4445E+03  4.2300E+03  1.0000E+00  0.0000E+00  0.0000E+00  1.5000E+00
1.8749E-01  4.3766E+03  4.7300E+03  1.0000E+00  0.0000E+00  0.0000E+00  1.5000E+00
2.1046E-01  4.3336E+03  5.2770E+03  1.0000E+00  0.0000E+00  0.0000E+00  1.5000E+00
2.3673E-01  4.2996E+03  5.9010E+03  1.0000E+00  0.0000E+00  0.0000E+00  1.5000E+00
2.6690E-01  4.2795E+03  6.5970E+03  1.0000E+00  0.0000E+00  0.0000E+00  1.5000E+00
3.0131E-01  4.2839E+03  7.3910E+03  1.0000E+00  0.0000E+00  0.0000E+00  1.5000E+00
3.4035E-01  4.2985E+03  8.2850E+03  1.0000E+00  0.0000E+00  0.0000E+00  1.5000E+00
3.8464E-01  4.3098E+03  9.2800E+03  1.0000E+00  0.0000E+00  0.0000E+00  1.5000E+00
4.3490E-01  4.3152E+03  1.0420E+04  1.0000E+00  0.0000E+00  0.0000E+00  1.5000E+00
4.9214E-01  4.3064E+03  1.1720E+04  1.0000E+00  0.0000E+00  0.0000E+00  1.5000E+00
5.5744E-01  4.3027E+03  1.3170E+04  1.0000E+00  0.0000E+00  0.0000E+00  1.5000E+00
6.3116E-01  4.3473E+03  1.4830E+04  1.0000E+00  0.0000E+00  0.0000E+00  1.5000E+00
7.1243E-01  4.4412E+03  1.6760E+04  1.0000E+00  0.0000E+00  0.0000E+00  1.5000E+00
8.0169E-01  4.5521E+03  1.8960E+04  1.0000E+00  0.0000E+00  0.0000E+00  1.5000E+00
9.0027E-01  4.6210E+03  2.1470E+04  1.0000E+00  0.0000E+00  0.0000E+00  1.5000E+00
1.0103E+00  4.7294E+03  2.4170E+04  1.0000E+00  0.0000E+00  0.0000E+00  1.5000E+00
1.1336E+00  4.8143E+03  2.7250E+04  1.0000E+00  0.0000E+00  0.0000E+00  1.5000E+00
1.2715E+00  4.8732E+03  3.1050E+04  1.0000E+00  0.0000E+00  0.0000E+00  1.5000E+00
1.4267E+00  4.9383E+03  3.4400E+04  1.0000E+00  0.0000E+00  0.0000E+00  1.5000E+00
1.6048E+00  5.0012E+03  3.7460E+04  1.0000E+00  0.0000E+00  0.0000E+00  1.5000E+00
1.8105E+00  5.0675E+03  4.1110E+04  1.0000E+00  0.0000E+00  0.0000E+00  1.5000E+00
2.0376E+00  5.1449E+03  4.8710E+04  1.0000E+00  0.0000E+00  0.0000E+00  1.5000E+00
2.2769E+00  5.2556E+03  5.8790E+04  1.0000E+00  0.0000E+00  0.0000E+00  1.5000E+00
2.5319E+00  5.3290E+03  6.7910E+04  1.0000E+00  0.0000E+00  0.0000E+00  1.5000E+00
2.8171E+00  5.3441E+03  7.4640E+04  1.0000E+00  0.0000E+00  0.0000E+00  1.5000E+00
3.1463E+00  5.3780E+03  7.9340E+04  1.0000E+00  0.0000E+00  0.0000E+00  1.5000E+00
3.5218E+00  5.4822E+03  8.6690E+04  1.0000E+00  0.0000E+00  0.0000E+00  1.5000E+00
3.9229E+00  5.6256E+03  9.8280E+04  1.0000E+00  0.0000E+00  0.0000E+00  1.5000E+00
4.3191E+00  5.7979E+03  1.1060E+05  1.0000E+00  0.0000E+00  0.0000E+00  1.5000E+00
4.7147E+00  5.9345E+03  1.2080E+05  1.0000E+00  0.0000E+00  0.0000E+00  1.5000E+00
5.1224E+00  6.0568E+03  1.2770E+05  1.0000E+00  0.0000E+00  0.0000E+00  1.5000E+00
5.5552E+00  6.1499E+03  1.3030E+05  1.0000E+00  0.0000E+00  0.0000E+00  1.5000E+00
6.0164E+00  6.2668E+03  1.3280E+05  1.0000E+00  0.0000E+00  0.0000E+00  1.5000E+00
6.5042E+00  6.3806E+03  1.3470E+05  1.0000E+00  0.0000E+00  0.0000E+00  1.5000E+00
6.9961E+00  6.5542E+03  1.3790E+05  1.0000E+00  0.0000E+00  0.0000E+00  1.5000E+00
7.4631E+00  6.7694E+03  1.4400E+05  1.0000E+00  0.0000E+00  0.0000E+00  1.5000E+00
7.8648E+00  7.0221E+03  1.5540E+05  1.0000E+00  0.0000E+00  0.0000E+00  1.5000E+00
8.2191E+00  7.2576E+03  1.6910E+05  1.0000E+00  0.0000E+00  0.0000E+00  1.5000E+00
8.5791E+00  7.2925E+03  1.8530E+05  1.0000E+00  0.0000E+00  0.0000E+00  1.5000E+00
8.9346E+00  7.5612E+03  2.0250E+05  1.0000E+00  0.0000E+00  0.0000E+00  1.5000E+00
9.0745E+00  8.1589E+03  2.0820E+05  1.0000E+00  0.0000E+00  0.0000E+00  1.5000E+00
9.2166E+00  8.7566E+03  2.1400E+05  1.0000E+00  0.0000E+00  0.0000E+00  1.5000E+00
9.3463E+00  9.2776E+03  2.1860E+05  1.0000E+00  0.0000E+00  0.0000E+00  1.5000E+00
9.4322E+00  9.5621E+03  2.1890E+05  1.0000E+00  0.0000E+00  0.0000E+00  1.5000E+00
9.5190E+00  9.8467E+03  2.1920E+05  1.0000E+00  0.0000E+00  0.0000E+00  1.5000E+00
9.6065E+00  1.0131E+04  2.1940E+05  1.0000E+00  0.0000E+00  0.0000E+00  1.5000E+00
9.7047E+00  1.0300E+04  2.1860E+05  1.0000E+00  0.0000E+00  0.0000E+00  1.5000E+00
9.8236E+00  1.0243E+04  2.1540E+05  1.0000E+00  0.0000E+00  0.0000E+00  1.5000E+00
9.9438E+00  1.0186E+04  2.1230E+05  1.0000E+00  0.0000E+00  0.0000E+00  1.5000E+00
1.0146E+01  9.9516E+03  2.0750E+05  1.0000E+00  0.0000E+00  0.0000E+00  1.5000E+00
1.0440E+01  9.7012E+03  2.0500E+05  1.0000E+00  0.0000E+00  0.0000E+00  1.5000E+00
1.0875E+01  9.6811E+03  2.1190E+05  1.0000E+00  0.0000E+00  0.0000E+00  1.5000E+00
1.1349E+01  9.9122E+03  2.3040E+05  1.0000E+00  0.0000E+00  0.0000E+00  1.5000E+00
1.1752E+01  1.0356E+04  2.5510E+05  1.0000E+00  0.0000E+00  0.0000E+00  1.5000E+00
1.2079E+01  1.0812E+04  2.7450E+05  1.0000E+00  0.0000E+00  0.0000E+00  1.5000E+00
1.2357E+01  1.1231E+04  2.8950E+05  1.0000E+00  0.0000E+00  0.0000E+00  1.5000E+00
1.2624E+01  1.1416E+04  2.9950E+05  1.0000E+00  0.0000E+00  0.0000E+00  1.5000E+00
1.2914E+01  1.1533E+04  3.0990E+05  1.0000E+00  0.0000E+00  0.0000E+00  1.5000E+00
