9.3290E-03  3.8538E+03  1.9290E+02  1.0000E+00  0.0000E+00  0.0000E+00  1.5000E+00
1.0699E-02  3.9235E+03  2.2190E+02  1.0000E+00  0.0000E+00  0.0000E+00  1.5000E+00
1.2258E-02  4.0066E+03  2.5600E+02  1.0000E+00  0.0000E+00  0.0000E+00  1.5000E+00
1.4037E-02  4.0997E+03  2.9750E+02  1.0000E+00  0.0000E+00  0.0000E+00  1.5000E+00
1.6067E-02  4.2055E+03  3.4930E+02  1.0000E+00  0.0000E+00  0.0000E+00  1.5000E+00
1.8381E-02  4.3118E+03  4.1360E+02  1.0000E+00  0.0000E+00  0.0000E+00  1.5000E+00
2.1005E-02  4.4109E+03  4.9160E+02  1.0000E+00  0.0000E+00  0.0000E+00  1.5000E+00
2.3946E-02  4.5041E+03  5.8660E+02  1.0000E+00  0.0000E+00  0.0000E+00  1.5000E+00
2.7191E-02  4.5906E+03  7.0200E+02  1.0000E+00  0.0000E+00  0.0000E+00  1.5000E+00
3.0741E-02  4.6491E+03  8.2970E+02  1.0000E+00  0.0000E+00  0.0000E+00  1.5000E+00
3.4662E-02  4.6618E+03  9.5490E+02  1.0000E+00  0.0000E+00  0.0000E+00  1.5000E+00
3.9056E-02  4.6499E+03  1.0750E+03  1.0000E+00  0.0000E+00  0.0000E+00  1.5000E+00
4.4023E-02  4.6428E+03  1.2030E+03  1.0000E+00  0.0000E+00  0.0000E+00  1.5000E+00
4.9641E-02  4.6403E+03  1.3460E+03  1.0000E+00  0.0000E+00  0.0000E+00  1.5000E+00
5.5980E-02  4.6417E+03  1.5120E+03  1.0000E+00  0.0000E+00  0.0000E+00  1.5000E+00
6.3119E-02  4.6398E+03  1.6980E+03  1.0000E+00  0.0000E+00  0.0000E+00  1.5000E+00
7.1136E-02  4.6303E+03  1.9100E+03  1.0000E+00  0.0000E+00  0.0000E+00  1.5000E+00
8.0123E-02  4.6172E+03  2.1440E+03  1.0000E+00  0.0000E+00  0.0000E+00  1.5000E+00
9.0201E-02  4.6001E+03  2.3990E+03  1.0000E+00  0.0000E+00  0.0000E+00  1.5000E+00
1.0153E-01  4.5779E+03  2.6720E+03  1.0000E+00  0.0000E+00  0.0000E+00  1.5000E+00
1.1430E-01  4.5525E+03  2.9640E+03  1.0000E+00  0.0000E+00  0.0000E+00  1.5000E+00
1.2874E-01  4.5326E+03  3.2890E+03  1.0000E+00  0.0000E+00  0.0000E+00  1.5000E+00
1.4507E-01  4.5224E+03  3.6640E+03  1.0000E+00  0.0000E+00  0.0000E+00  1.5000E+00
1.6352E-01  4.5197E+03  4.0970E+03  1.0000E+00  0.0000E+00  0.0000E+00  1.5000E+00
1.8435E-01  4.5258E+03  4.5960E+03  1.0000E+00  0.0000E+00  0.0000E+00  1.5000E+00
2.0784E-01  4.5382E+03  5.1590E+03  1.0000E+00  0.0000E+00  0.0000E+00  1.5000E+00
2.3436E-01  4.5599E+03  5.7980E+03  1.0000E+00  0.0000E+00  0.0000E+00  1.5000E+00
2.6428E-01  4.5939E+03  6.5310E+03  1.0000E+00  0.0000E+00  0.0000E+00  1.5000E+00
2.9799E-01  4.6389E+03  7.3750E+03  1.0000E+00  0.0000E+00  0.0000E+00  1.5000E+00
3.3592E-01  4.6859E+03  8.3520E+03  1.0000E+00  0.0000E+00  0.0000E+00  1.5000E+00
3.7851E-01  4.7299E+03  9.4690E+03  1.0000E+00  0.0000E+00  0.0000E+00  1.5000E+00
4.2624E-01  4.7675E+03  1.0730E+04  1.0000E+00  0.0000E+00  0.0000E+00  1.5000E+00
4.7975E-01  4.8006E+03  1.2150E+04  1.0000E+00  0.0000E+00  0.0000E+00  1.5000E+00
5.3969E-01  4.8328E+03  1.3740E+04  1.0000E+00  0.0000E+00  0.0000E+00  1.5000E+00
6.0692E-01  4.8697E+03  1.5520E+04  1.0000E+00  0.0000E+00  0.0000E+00  1.5000E+00
6.8238E-01  4.9011E+03  1.7510E+04  1.0000E+00  0.0000E+00  0.0000E+00  1.5000E+00
7.6716E-01  4.9191E+03  1.9680E+04  1.0000E+00  0.0000E+00  0.0000E+00  1.5000E+00
8.6265E-01  4.9344E+03  2.2040E+04  1.0000E+00  0.0000E+00  0.0000E+00  1.5000E+00
9.7077E-01  4.9537E+03  2.4530E+04  1.0000E+00  0.0000E+00  0.0000E+00  1.5000E+00
1.0934E+00  4.9740E+03  2.7250E+04  1.0000E+00  0.0000E+00  0.0000E+00  1.5000E+00
1.2325E+00  4.9934E+03  3.0410E+04  1.0000E+00  0.0000E+00  0.0000E+00  1.5000E+00
1.3896E+00  5.0215E+03  3.4120E+04  1.0000E+00  0.0000E+00  0.0000E+00  1.5000E+00
1.5662E+00  5.0564E+03  3.8390E+04  1.0000E+00  0.0000E+00  0.0000E+00  1.5000E+00
1.7647E+00  5.1000E+03  4.3030E+04  1.0000E+00  0.0000E+00  0.0000E+00  1.5000E+00
1.9883E+00  5.1558E+03  4.8050E+04  1.0000E+00  0.0000E+00  0.0000E+00  1.5000E+00
2.2390E+00  5.2362E+03  5.3840E+04  1.0000E+00  0.0000E+00  0.0000E+00  1.5000E+00
2.5170E+00  5.3373E+03  6.0370E+04  1.0000E+00  0.0000E+00  0.0000E+00  1.5000E+00
2.8261E+00  5.4329E+03  6.4940E+04  1.0000E+00  0.0000E+00  0.0000E+00  1.5000E+00
3.1662E+00  5.6316E+03  6.6380E+04  1.0000E+00  0.0000E+00  0.0000E+00  1.5000E+00
3.4911E+00  5.8842E+03  7.0940E+04  1.0000E+00  0.0000E+00  0.0000E+00  1.5000E+00
3.7945E+00  5.9775E+03  8.7320E+04  1.0000E+00  0.0000E+00  0.0000E+00  1.5000E+00
4.1092E+00  5.9957E+03  1.0320E+05  1.0000E+00  0.0000E+00  0.0000E+00  1.5000E+00
4.4466E+00  6.0686E+03  1.1610E+05  1.0000E+00  0.0000E+00  0.0000E+00  1.5000E+00
4.8026E+00  6.1725E+03  1.2420E+05  1.0000E+00  0.0000E+00  0.0000E+00  1.5000E+00
5.1559E+00  6.3486E+03  1.2980E+05  1.0000E+00  0.0000E+00  0.0000E+00  1.5000E+00
5.5024E+00  6.5007E+03  1.3210E+05  1.0000E+00  0.0000E+00  0.0000E+00  1.5000E+00
5.8512E+00  6.6506E+03  1.3410E+05  1.0000E+00  0.0000E+00  0.0000E+00  1.5000E+00
6.2097E+00  6.7780E+03  1.3320E+05  1.0000E+00  0.0000E+00  0.0000E+00  1.5000E+00
6.5641E+00  6.9900E+03  1.3570E+05  1.0000E+00  0.0000E+00  0.0000E+00  1.5000E+00
6.8857E+00  7.2273E+03  1.4250E+05  1.0000E+00  0.0000E+00  0.0000E+00  1.5000E+00
7.1763E+00  7.4783E+03  1.4850E+05  1.0000E+00  0.0000E+00  0.0000E+00  1.5000E+00
7.4135E+00  7.8483E+03  1.5310E+05  1.0000E+00  0.0000E+00  0.0000E+00  1.5000E+00
7.6080E+00  8.1822E+03  1.5720E+05  1.0000E+00  0.0000E+00  0.0000E+00  1.5000E+00
7.7868E+00  8.5021E+03  1.6100E+05  1.0000E+00  0.0000E+00  0.0000E+00  1.5000E+00
7.9329E+00  8.8002E+03  1.6440E+05  1.0000E+00  0.0000E+00  0.0000E+00  1.5000E+00
8.0779E+00  9.0860E+03  1.6790E+05  1.0000E+00  0.0000E+00  0.0000E+00  1.5000E+00
8.2081E+00  9.3174E+03  1.7170E+05  1.0000E+00  0.0000E+00  0.0000E+00  1.5000E+00
8.3407E+00  9.5445E+03  1.7560E+05  1.0000E+00  0.0000E+00  0.0000E+00  1.5000E+00
8.4836E+00  9.6542E+03  1.7760E+05  1.0000E+00  0.0000E+00  0.0000E+00  1.5000E+00
8.6335E+00  9.7477E+03  1.7960E+05  1.0000E+00  0.0000E+00  0.0000E+00  1.5000E+00
8.8251E+00  9.7012E+03  1.8180E+05  1.0000E+00  0.0000E+00  0.0000E+00  1.5000E+00
9.0718E+00  9.5898E+03  1.8490E+05  1.0000E+00  0.0000E+00  0.0000E+00  1.5000E+00
9.4209E+00  9.3762E+03  1.9470E+05  1.0000E+00  0.0000E+00  0.0000E+00  1.5000E+00
9.9436E+00  9.2111E+03  2.1620E+05  1.0000E+00  0.0000E+00  0.0000E+00  1.5000E+00
1.0579E+01  9.3219E+03  2.3810E+05  1.0000E+00  0.0000E+00  0.0000E+00  1.5000E+00
1.1280E+01  9.3855E+03  2.7110E+05  1.0000E+00  0.0000E+00  0.0000E+00  1.5000E+00
1.1824E+01  1.0200E+04  2.9350E+05  1.0000E+00  0.0000E+00  0.0000E+00  1.5000E+00
1.2157E+01  1.0768E+04  3.0000E+05  1.0000E+00  0.0000E+00  0.0000E+00  1.5000E+00
1.2461E+01  1.1058E+04  3.0740E+05  1.0000E+00  0.0000E+00  0.0000E+00  1.5000E+00
1.2772E+01  1.1155E+04  3.1610E+05  1.0000E+00  0.0000E+00  0.0000E+00  1.5000E+00
1.3140E+01  1.1138E+04  3.2450E+05  1.0000E+00  0.0000E+00  0.0000E+00  1.5000E+00
