8.5089E-03  4.1118E+03  2.5100E+02  1.0000E+00  0.0000E+00  0.0000E+00  1.5000E+00
9.7072E-03  4.1460E+03  2.8890E+02  1.0000E+00  0.0000E+00  0.0000E+00  1.5000E+00
1.1071E-02  4.1801E+03  3.3080E+02  1.0000E+00  0.0000E+00  0.0000E+00  1.5000E+00
1.2624E-02  4.2261E+03  3.8100E+02  1.0000E+00  0.0000E+00  0.0000E+00  1.5000E+00
1.4381E-02  4.2900E+03  4.4570E+02  1.0000E+00  0.0000E+00  0.0000E+00  1.5000E+00
1.6358E-02  4.3419E+03  5.2120E+02  1.0000E+00  0.0000E+00  0.0000E+00  1.5000E+00
1.8573E-02  4.3536E+03  5.9850E+02  1.0000E+00  0.0000E+00  0.0000E+00  1.5000E+00
2.1056E-02  4.3287E+03  6.7170E+02  1.0000E+00  0.0000E+00  0.0000E+00  1.5000E+00
2.3855E-02  4.2935E+03  7.4440E+02  1.0000E+00  0.0000E+00  0.0000E+00  1.5000E+00
2.7026E-02  4.2629E+03  8.2450E+02  1.0000E+00  0.0000E+00  0.0000E+00  1.5000E+00
3.0628E-02  4.2322E+03  9.1500E+02  1.0000E+00  0.0000E+00  0.0000E+00  1.5000E+00
3.4723E-02  4.1983E+03  1.0160E+03  1.0000E+00  0.0000E+00  0.0000E+00  1.5000E+00
3.9400E-02  4.1624E+03  1.1260E+03  1.0000E+00  0.0000E+00  0.0000E+00  1.5000E+00
4.4759E-02  4.1274E+03  1.2510E+03  1.0000E+00  0.0000E+00  0.0000E+00  1.5000E+00
5.0910E-02  4.0915E+03  1.3950E+03  1.0000E+00  0.0000E+00  0.0000E+00  1.5000E+00
5.7997E-02  4.0530E+03  1.5540E+03  1.0000E+00  0.0000E+00  0.0000E+00  1.5000E+00
6.6211E-02  4.0136E+03  1.7350E+03  1.0000E+00  0.0000E+00  0.0000E+00  1.5000E+00
7.5769E-02  3.9836E+03  1.9420E+03  1.0000E+00  0.0000E+00  0.0000E+00  1.5000E+00
8.6770E-02  3.9799E+03  2.1860E+03  1.0000E+00  0.0000E+00  0.0000E+00  1.5000E+00
9.9236E-02  4.0041E+03  2.4730E+03  1.0000E+00  0.0000E+00  0.0000E+00  1.5000E+00
1.1318E-01  4.0334E+03  2.8000E+03  1.0000E+00  0.0000E+00  0.0000E+00  1.5000E+00
1.2886E-01  4.0472E+03  3.1680E+03  1.0000E+00  0.0000E+00  0.0000E+00  1.5000E+00
1.4658E-01  4.0551E+03  3.5860E+03  1.0000E+00  0.0000E+00  0.0000E+00  1.5000E+00
1.6663E-01  4.0635E+03  4.0640E+03  1.0000E+00  0.0000E+00  0.0000E+00  1.5000E+00
1.8916E-01  4.0855E+03  4.6230E+03  1.0000E+00  0.0000E+00  0.0000E+00  1.5000E+00
2.1393E-01  4.1551E+03  5.2960E+03  1.0000E+00  0.0000E+00  0.0000E+00  1.5000E+00
2.4081E-01  4.2433E+03  6.0580E+03  1.0000E+00  0.0000E+00  0.0000E+00  1.5000E+00
2.7014E-01  4.3229E+03  6.9160E+03  1.0000E+00  0.0000E+00  0.0000E+00  1.5000E+00
3.0252E-01  4.3800E+03  7.8730E+03  1.0000E+00  0.0000E+00  0.0000E+00  1.5000E+00
3.3847E-01  4.4353E+03  8.9420E+03  1.0000E+00  0.0000E+00  0.0000E+00  1.5000E+00
3.7865E-01  4.4883E+03  1.0090E+04  1.0000E+00  0.0000E+00  0.0000E+00  1.5000E+00
4.2373E-01  4.5472E+03  1.1360E+04  1.0000E+00  0.0000E+00  0.0000E+00  1.5000E+00
4.7447E-01  4.6022E+03  1.2750E+04  1.0000E+00  0.0000E+00  0.0000E+00  1.5000E+00
5.3174E-01  4.6640E+03  1.4290E+04  1.0000E+00  0.0000E+00  0.0000E+00  1.5000E+00
5.9665E-01  4.7256E+03  1.5950E+04  1.0000E+00  0.0000E+00  0.0000E+00  1.5000E+00
6.7025E-01  4.7872E+03  1.7800E+04  1.0000E+00  0.0000E+00  0.0000E+00  1.5000E+00
7.5378E-01  4.8430E+03  1.9840E+04  1.0000E+00  0.0000E+00  0.0000E+00  1.5000E+00
8.4878E-01  4.9152E+03  2.2110E+04  1.0000E+00  0.0000E+00  0.0000E+00  1.5000E+00
9.5656E-01  4.9707E+03  2.4590E+04  1.0000E+00  0.0000E+00  0.0000E+00  1.5000E+00
1.0788E+00  5.0641E+03  2.7360E+04  1.0000E+00  0.0000E+00  0.0000E+00  1.5000E+00
1.2159E+00  5.1616E+03  3.0870E+04  1.0000E+00  0.0000E+00  0.0000E+00  1.5000E+00
1.3672E+00  5.2123E+03  3.5160E+04  1.0000E+00  0.0000E+00  0.0000E+00  1.5000E+00
1.5344E+00  5.2669E+03  3.9750E+04  1.0000E+00  0.0000E+00  0.0000E+00  1.5000E+00
1.7195E+00  5.3270E+03  4.4540E+04  1.0000E+00  0.0000E+00  0.0000E+00  1.5000E+00
1.9249E+00  5.3811E+03  4.9640E+04  1.0000E+00  0.0000E+00  0.0000E+00  1.5000E+00
2.1555E+00  5.4151E+03  5.5160E+04  1.0000E+00  0.0000E+00  0.0000E+00  1.5000E+00
2.4095E+00  5.4895E+03  6.1690E+04  1.0000E+00  0.0000E+00  0.0000E+00  1.5000E+00
2.6824E+00  5.6000E+03  6.7500E+04  1.0000E+00  0.0000E+00  0.0000E+00  1.5000E+00
2.9780E+00  5.6863E+03  7.3310E+04  1.0000E+00  0.0000E+00  0.0000E+00  1.5000E+00
3.2977E+00  5.7531E+03  8.0150E+04  1.0000E+00  0.0000E+00  0.0000E+00  1.5000E+00
3.6467E+00  5.8340E+03  8.6110E+04  1.0000E+00  0.0000E+00  0.0000E+00  1.5000E+00
4.0274E+00  5.9021E+03  9.4360E+04  1.0000E+00  0.0000E+00  0.0000E+00  1.5000E+00
4.4287E+00  5.9998E+03  9.9840E+04  1.0000E+00  0.0000E+00  0.0000E+00  1.5000E+00
4.8485E+00  6.1221E+03  1.0630E+05  1.0000E+00  0.0000E+00  0.0000E+00  1.5000E+00
5.2746E+00  6.2448E+03  1.1400E+05  1.0000E+00  0.0000E+00  0.0000E+00  1.5000E+00
5.7009E+00  6.3758E+03  1.2120E+05  1.0000E+00  0.0000E+00  0.0000E+00  1.5000E+00
6.1296E+00  6.5200E+03  1.2820E+05  1.0000E+00  0.0000E+00  0.0000E+00  1.5000E+00
6.5451E+00  6.6865E+03  1.3620E+05  1.0000E+00  0.0000E+00  0.0000E+00  1.5000E+00
6.9434E+00  6.8609E+03  1.4590E+05  1.0000E+00  0.0000E+00  0.0000E+00  1.5000E+00
7.3212E+00  7.0501E+03  1.5550E+05  1.0000E+00  0.0000E+00  0.0000E+00  1.5000E+00
7.6780E+00  7.2470E+03  1.6340E+05  1.0000E+00  0.0000E+00  0.0000E+00  1.5000E+00
8.0154E+00  7.4582E+03  1.6940E+05  1.0000E+00  0.0000E+00  0.0000E+00  1.5000E+00
8.3307E+00  7.6979E+03  1.7400E+05  1.0000E+00  0.0000E+00  0.0000E+00  1.5000E+00
8.6124E+00  7.9981E+03  1.7770E+05  1.0000E+00  0.0000E+00  0.0000E+00  1.5000E+00
8.8594E+00  8.3362E+03  1.8090E+05  1.0000E+00  0.0000E+00  0.0000E+00  1.5000E+00
9.0700E+00  8.6919E+03  1.8390E+05  1.0000E+00  0.0000E+00  0.0000E+00  1.5000E+00
9.2610E+00  8.9489E+03  1.8520E+05  1.0000E+00  0.0000E+00  0.0000E+00  1.5000E+00
9.4493E+00  9.1692E+03  1.8590E+05  1.0000E+00  0.0000E+00  0.0000E+00  1.5000E+00
9.6503E+00  9.2740E+03  1.8460E+05  1.0000E+00  0.0000E+00  0.0000E+00  1.5000E+00
9.8767E+00  9.3357E+03  1.8280E+05  1.0000E+00  0.0000E+00  0.0000E+00  1.5000E+00
1.0145E+01  9.3494E+03  1.8080E+05  1.0000E+00  0.0000E+00  0.0000E+00  1.5000E+00
1.0482E+01  9.3140E+03  1.7960E+05  1.0000E+00  0.0000E+00  0.0000E+00  1.5000E+00
1.0922E+01  9.2217E+03  1.8020E+05  1.0000E+00  0.0000E+00  0.0000E+00  1.5000E+00
1.1522E+01  9.1574E+03  1.8310E+05  1.0000E+00  0.0000E+00  0.0000E+00  1.5000E+00
1.2314E+01  9.0632E+03  1.7840E+05  1.0000E+00  0.0000E+00  0.0000E+00  1.5000E+00
1.3460E+01  9.0156E+03  1.8800E+05  1.0000E+00  0.0000E+00  0.0000E+00  1.5000E+00
1.4461E+01  9.5053E+03  2.9140E+05  1.0000E+00  0.0000E+00  0.0000E+00  1.5000E+00
1.5111E+01  1.0003E+04  3.3480E+05  1.0000E+00  0.0000E+00  0.0000E+00  1.5000E+00
1.5707E+01  1.0165E+04  3.6040E+05  1.0000E+00  0.0000E+00  0.0000E+00  1.5000E+00
1.6358E+01  1.0257E+04  3.9080E+05  1.0000E+00  0.0000E+00  0.0000E+00  1.5000E+00
1.7030E+01  1.0507E+04  4.2250E+05  1.0000E+00  0.0000E+00  0.0000E+00  1.5000E+00
