9.6958E-03  3.6365E+03  2.0520E+02  1.0000E+00  0.0000E+00  0.0000E+00  1.5000E+00
1.1112E-02  3.6575E+03  2.3010E+02  1.0000E+00  0.0000E+00  0.0000E+00  1.5000E+00
1.2745E-02  3.6792E+03  2.5770E+02  1.0000E+00  0.0000E+00  0.0000E+00  1.5000E+00
1.4620E-02  3.7042E+03  2.8950E+02  1.0000E+00  0.0000E+00  0.0000E+00  1.5000E+00
1.6768E-02  3.7234E+03  3.2570E+02  1.0000E+00  0.0000E+00  0.0000E+00  1.5000E+00
1.9226E-02  3.7427E+03  3.6910E+02  1.0000E+00  0.0000E+00  0.0000E+00  1.5000E+00
2.2017E-02  3.7650E+03  4.2020E+02  1.0000E+00  0.0000E+00  0.0000E+00  1.5000E+00
2.5185E-02  3.7807E+03  4.7810E+02  1.0000E+00  0.0000E+00  0.0000E+00  1.5000E+00
2.8781E-02  3.7909E+03  5.4550E+02  1.0000E+00  0.0000E+00  0.0000E+00  1.5000E+00
3.2860E-02  3.8017E+03  6.2250E+02  1.0000E+00  0.0000E+00  0.0000E+00  1.5000E+00
3.7482E-02  3.8172E+03  7.0940E+02  1.0000E+00  0.0000E+00  0.0000E+00  1.5000E+00
4.2692E-02  3.8415E+03  8.0620E+02  1.0000E+00  0.0000E+00  0.0000E+00  1.5000E+00
4.8551E-02  3.8675E+03  9.1540E+02  1.0000E+00  0.0000E+00  0.0000E+00  1.5000E+00
5.5174E-02  3.8700E+03  1.0410E+03  1.0000E+00  0.0000E+00  0.0000E+00  1.5000E+00
6.2751E-02  3.8654E+03  1.1760E+03  1.0000E+00  0.0000E+00  0.0000E+00  1.5000E+00
7.1292E-02  3.9049E+03  1.3380E+03  1.0000E+00  0.0000E+00  0.0000E+00  1.5000E+00
8.0769E-02  3.9358E+03  1.5330E+03  1.0000E+00  0.0000E+00  0.0000E+00  1.5000E+00
9.1370E-02  3.9464E+03  1.7510E+03  1.0000E+00  0.0000E+00  0.0000E+00  1.5000E+00
1.0332E-01  3.9555E+03  1.9890E+03  1.0000E+00  0.0000E+00  0.0000E+00  1.5000E+00
1.1688E-01  3.9553E+03  2.2560E+03  1.0000E+00  0.0000E+00  0.0000E+00  1.5000E+00
1.3241E-01  3.9452E+03  2.5470E+03  1.0000E+00  0.0000E+00  0.0000E+00  1.5000E+00
1.5016E-01  3.9524E+03  2.8620E+03  1.0000E+00  0.0000E+00  0.0000E+00  1.5000E+00
1.6991E-01  4.0517E+03  3.2050E+03  1.0000E+00  0.0000E+00  0.0000E+00  1.5000E+00
1.9088E-01  4.1803E+03  3.6530E+03  1.0000E+00  0.0000E+00  0.0000E+00  1.5000E+00
2.1421E-01  4.1293E+03  4.1690E+03  1.0000E+00  0.0000E+00  0.0000E+00  1.5000E+00
2.4126E-01  4.1056E+03  4.6670E+03  1.0000E+00  0.0000E+00  0.0000E+00  1.5000E+00
2.7100E-01  4.2903E+03  5.3200E+03  1.0000E+00  0.0000E+00  0.0000E+00  1.5000E+00
3.0284E-01  4.4063E+03  6.1230E+03  1.0000E+00  0.0000E+00  0.0000E+00  1.5000E+00
3.3786E-01  4.4778E+03  7.0250E+03  1.0000E+00  0.0000E+00  0.0000E+00  1.5000E+00
3.7673E-01  4.5284E+03  8.0480E+03  1.0000E+00  0.0000E+00  0.0000E+00  1.5000E+00
4.2009E-01  4.5871E+03  9.1420E+03  1.0000E+00  0.0000E+00  0.0000E+00  1.5000E+00
4.6865E-01  4.6399E+03  1.0350E+04  1.0000E+00  0.0000E+00  0.0000E+00  1.5000E+00
5.2322E-01  4.6739E+03  1.1700E+04  1.0000E+00  0.0000E+00  0.0000E+00  1.5000E+00
5.8456E-01  4.6626E+03  1.3160E+04  1.0000E+00  0.0000E+00  0.0000E+00  1.5000E+00
6.5360E-01  4.6135E+03  1.4830E+04  1.0000E+00  0.0000E+00  0.0000E+00  1.5000E+00
7.3169E-01  4.6155E+03  1.6660E+04  1.0000E+00  0.0000E+00  0.0000E+00  1.5000E+00
8.1867E-01  4.7275E+03  1.9180E+04  1.0000E+00  0.0000E+00  0.0000E+00  1.5000E+00
9.1482E-01  4.8406E+03  2.1980E+04  1.0000E+00  0.0000E+00  0.0000E+00  1.5000E+00
1.0220E+00  4.9131E+03  2.4920E+04  1.0000E+00  0.0000E+00  0.0000E+00  1.5000E+00
1.1428E+00  4.9629E+03  2.7850E+04  1.0000E+00  0.0000E+00  0.0000E+00  1.5000E+00
1.2792E+00  5.0023E+03  3.1100E+04  1.0000E+00  0.0000E+00  0.0000E+00  1.5000E+00
1.4330E+00  5.0216E+03  3.5100E+04  1.0000E+00  0.0000E+00  0.0000E+00  1.5000E+00
1.6048E+00  5.0639E+03  3.9870E+04  1.0000E+00  0.0000E+00  0.0000E+00  1.5000E+00
1.7966E+00  5.1233E+03  4.4970E+04  1.0000E+00  0.0000E+00  0.0000E+00  1.5000E+00
2.0107E+00  5.2144E+03  5.0430E+04  1.0000E+00  0.0000E+00  0.0000E+00  1.5000E+00
2.2488E+00  5.3156E+03  5.6130E+04  1.0000E+00  0.0000E+00  0.0000E+00  1.5000E+00
2.5125E+00  5.4090E+03  6.1940E+04  1.0000E+00  0.0000E+00  0.0000E+00  1.5000E+00
2.8037E+00  5.4958E+03  6.7700E+04  1.0000E+00  0.0000E+00  0.0000E+00  1.5000E+00
3.1211E+00  5.6068E+03  7.4190E+04  1.0000E+00  0.0000E+00  0.0000E+00  1.5000E+00
3.4518E+00  5.7322E+03  8.1750E+04  1.0000E+00  0.0000E+00  0.0000E+00  1.5000E+00
3.7923E+00  5.8615E+03  8.9590E+04  1.0000E+00  0.0000E+00  0.0000E+00  1.5000E+00
4.1213E+00  6.0367E+03  9.6940E+04  1.0000E+00  0.0000E+00  0.0000E+00  1.5000E+00
4.4381E+00  6.2029E+03  1.0370E+05  1.0000E+00  0.0000E+00  0.0000E+00  1.5000E+00
4.7400E+00  6.3761E+03  1.1000E+05  1.0000E+00  0.0000E+00  0.0000E+00  1.5000E+00
5.0197E+00  6.5829E+03  1.1570E+05  1.0000E+00  0.0000E+00  0.0000E+00  1.5000E+00
5.2716E+00  6.8067E+03  1.2030E+05  1.0000E+00  0.0000E+00  0.0000E+00  1.5000E+00
5.4778E+00  7.1251E+03  1.2440E+05  1.0000E+00  0.0000E+00  0.0000E+00  1.5000E+00
5.6509E+00  7.5125E+03  1.2820E+05  1.0000E+00  0.0000E+00  0.0000E+00  1.5000E+00
5.7331E+00  7.9701E+03  1.2900E+05  1.0000E+00  0.0000E+00  0.0000E+00  1.5000E+00
5.8165E+00  8.4278E+03  1.2990E+05  1.0000E+00  0.0000E+00  0.0000E+00  1.5000E+00
5.8975E+00  8.8617E+03  1.3080E+05  1.0000E+00  0.0000E+00  0.0000E+00  1.5000E+00
5.9522E+00  9.1155E+03  1.3160E+05  1.0000E+00  0.0000E+00  0.0000E+00  1.5000E+00
6.0074E+00  9.3693E+03  1.3240E+05  1.0000E+00  0.0000E+00  0.0000E+00  1.5000E+00
6.0630E+00  9.6231E+03  1.3320E+05  1.0000E+00  0.0000E+00  0.0000E+00  1.5000E+00
6.1205E+00  9.8474E+03  1.3410E+05  1.0000E+00  0.0000E+00  0.0000E+00  1.5000E+00
6.1830E+00  9.9668E+03  1.3500E+05  1.0000E+00  0.0000E+00  0.0000E+00  1.5000E+00
6.2461E+00  1.0086E+04  1.3600E+05  1.0000E+00  0.0000E+00  0.0000E+00  1.5000E+00
6.3107E+00  1.0205E+04  1.3690E+05  1.0000E+00  0.0000E+00  0.0000E+00  1.5000E+00
6.3943E+00  1.0301E+04  1.3830E+05  1.0000E+00  0.0000E+00  0.0000E+00  1.5000E+00
6.4789E+00  1.0398E+04  1.3960E+05  1.0000E+00  0.0000E+00  0.0000E+00  1.5000E+00
6.5846E+00  1.0434E+04  1.4110E+05  1.0000E+00  0.0000E+00  0.0000E+00  1.5000E+00
6.7003E+00  1.0446E+04  1.4280E+05  1.0000E+00  0.0000E+00  0.0000E+00  1.5000E+00
6.8617E+00  1.0370E+04  1.4540E+05  1.0000E+00  0.0000E+00  0.0000E+00  1.5000E+00
7.0686E+00  1.0283E+04  1.4800E+05  1.0000E+00  0.0000E+00  0.0000E+00  1.5000E+00
7.3383E+00  1.0251E+04  1.5140E+05  1.0000E+00  0.0000E+00  0.0000E+00  1.5000E+00
7.6754E+00  1.0282E+04  1.5590E+05  1.0000E+00  0.0000E+00  0.0000E+00  1.5000E+00
8.0598E+00  1.0398E+04  1.6180E+05  1.0000E+00  0.0000E+00  0.0000E+00  1.5000E+00
8.4567E+00  1.0658E+04  1.6980E+05  1.0000E+00  0.0000E+00  0.0000E+00  1.5000E+00
8.8315E+00  1.0932E+04  1.8020E+05  1.0000E+00  0.0000E+00  0.0000E+00  1.5000E+00
9.2136E+00  1.1064E+04  1.9180E+05  1.0000E+00  0.0000E+00  0.0000E+00  1.5000E+00
9.6630E+00  1.1022E+04  2.0550E+05  1.0000E+00  0.0000E+00  0.0000E+00  1.5000E+00
