9.5674E-03  3.6193E+03  1.8920E+02  1.0000E+00  0.0000E+00  0.0000E+00  1.5000E+00
1.1038E-02  3.6504E+03  2.2070E+02  1.0000E+00  0.0000E+00  0.0000E+00  1.5000E+00
1.2692E-02  3.6837E+03  2.5650E+02  1.0000E+00  0.0000E+00  0.0000E+00  1.5000E+00
1.4542E-02  3.7213E+03  2.9730E+02  1.0000E+00  0.0000E+00  0.0000E+00  1.5000E+00
1.6613E-02  3.7619E+03  3.4420E+02  1.0000E+00  0.0000E+00  0.0000E+00  1.5000E+00
1.8918E-02  3.8067E+03  3.9860E+02  1.0000E+00  0.0000E+00  0.0000E+00  1.5000E+00
2.1482E-02  3.8576E+03  4.6180E+02  1.0000E+00  0.0000E+00  0.0000E+00  1.5000E+00
2.4318E-02  3.9143E+03  5.3520E+02  1.0000E+00  0.0000E+00  0.0000E+00  1.5000E+00
2.7466E-02  3.9714E+03  6.1920E+02  1.0000E+00  0.0000E+00  0.0000E+00  1.5000E+00
3.0968E-02  4.0203E+03  7.1250E+02  1.0000E+00  0.0000E+00  0.0000E+00  1.5000E+00
3.4884E-02  4.0593E+03  8.1470E+02  1.0000E+00  0.0000E+00  0.0000E+00  1.5000E+00
3.9284E-02  4.0951E+03  9.2750E+02  1.0000E+00  0.0000E+00  0.0000E+00  1.5000E+00
4.4236E-02  4.1311E+03  1.0530E+03  1.0000E+00  0.0000E+00  0.0000E+00  1.5000E+00
4.9814E-02  4.1704E+03  1.1960E+03  1.0000E+00  0.0000E+00  0.0000E+00  1.5000E+00
5.6090E-02  4.2154E+03  1.3600E+03  1.0000E+00  0.0000E+00  0.0000E+00  1.5000E+00
6.3140E-02  4.2714E+03  1.5530E+03  1.0000E+00  0.0000E+00  0.0000E+00  1.5000E+00
7.1036E-02  4.3293E+03  1.7810E+03  1.0000E+00  0.0000E+00  0.0000E+00  1.5000E+00
7.9864E-02  4.3840E+03  2.0490E+03  1.0000E+00  0.0000E+00  0.0000E+00  1.5000E+00
8.9731E-02  4.4298E+03  2.3500E+03  1.0000E+00  0.0000E+00  0.0000E+00  1.5000E+00
1.0078E-01  4.4631E+03  2.6700E+03  1.0000E+00  0.0000E+00  0.0000E+00  1.5000E+00
1.1323E-01  4.4949E+03  3.0130E+03  1.0000E+00  0.0000E+00  0.0000E+00  1.5000E+00
1.2730E-01  4.5197E+03  3.3810E+03  1.0000E+00  0.0000E+00  0.0000E+00  1.5000E+00
1.4322E-01  4.5399E+03  3.7850E+03  1.0000E+00  0.0000E+00  0.0000E+00  1.5000E+00
1.6126E-01  4.5566E+03  4.2400E+03  1.0000E+00  0.0000E+00  0.0000E+00  1.5000E+00
1.8164E-01  4.5726E+03  4.7500E+03  1.0000E+00  0.0000E+00  0.0000E+00  1.5000E+00
2.0470E-01  4.5964E+03  5.3160E+03  1.0000E+00  0.0000E+00  0.0000E+00  1.5000E+00
2.3088E-01  4.6301E+03  5.9370E+03  1.0000E+00  0.0000E+00  0.0000E+00  1.5000E+00
2.6058E-01  4.6569E+03  6.6360E+03  1.0000E+00  0.0000E+00  0.0000E+00  1.5000E+00
2.9423E-01  4.7063E+03  7.4470E+03  1.0000E+00  0.0000E+00  0.0000E+00  1.5000E+00
3.3236E-01  4.7313E+03  8.3330E+03  1.0000E+00  0.0000E+00  0.0000E+00  1.5000E+00
3.7545E-01  4.7038E+03  9.2560E+03  1.0000E+00  0.0000E+00  0.0000E+00  1.5000E+00
4.2411E-01  4.6990E+03  1.0360E+04  1.0000E+00  0.0000E+00  0.0000E+00  1.5000E+00
4.7922E-01  4.7821E+03  1.1600E+04  1.0000E+00  0.0000E+00  0.0000E+00  1.5000E+00
5.4191E-01  4.8058E+03  1.2910E+04  1.0000E+00  0.0000E+00  0.0000E+00  1.5000E+00
6.1279E-01  4.8187E+03  1.4470E+04  1.0000E+00  0.0000E+00  0.0000E+00  1.5000E+00
6.9252E-01  4.8568E+03  1.6360E+04  1.0000E+00  0.0000E+00  0.0000E+00  1.5000E+00
7.8167E-01  4.9090E+03  1.8600E+04  1.0000E+00  0.0000E+00  0.0000E+00  1.5000E+00
8.8118E-01  4.9562E+03  2.1130E+04  1.0000E+00  0.0000E+00  0.0000E+00  1.5000E+00
9.9246E-01  4.9856E+03  2.3820E+04  1.0000E+00  0.0000E+00  0.0000E+00  1.5000E+00
1.1176E+00  5.0097E+03  2.6750E+04  1.0000E+00  0.0000E+00  0.0000E+00  1.5000E+00
1.2583E+00  5.0456E+03  3.0070E+04  1.0000E+00  0.0000E+00  0.0000E+00  1.5000E+00
1.4161E+00  5.0944E+03  3.3860E+04  1.0000E+00  0.0000E+00  0.0000E+00  1.5000E+00
1.5929E+00  5.1483E+03  3.8070E+04  1.0000E+00  0.0000E+00  0.0000E+00  1.5000E+00
1.7910E+00  5.2007E+03  4.2540E+04  1.0000E+00  0.0000E+00  0.0000E+00  1.5000E+00
2.0138E+00  5.2543E+03  4.7230E+04  1.0000E+00  0.0000E+00  0.0000E+00  1.5000E+00
2.2646E+00  5.3149E+03  5.2120E+04  1.0000E+00  0.0000E+00  0.0000E+00  1.5000E+00
2.5466E+00  5.3847E+03  5.7020E+04  1.0000E+00  0.0000E+00  0.0000E+00  1.5000E+00
2.8612E+00  5.4778E+03  6.1930E+04  1.0000E+00  0.0000E+00  0.0000E+00  1.5000E+00
3.2015E+00  5.6110E+03  6.7310E+04  1.0000E+00  0.0000E+00  0.0000E+00  1.5000E+00
3.5464E+00  5.7862E+03  7.3910E+04  1.0000E+00  0.0000E+00  0.0000E+00  1.5000E+00
3.8699E+00  5.9833E+03  8.2000E+04  1.0000E+00  0.0000E+00  0.0000E+00  1.5000E+00
4.1674E+00  6.1569E+03  9.0700E+04  1.0000E+00  0.0000E+00  0.0000E+00  1.5000E+00
4.4486E+00  6.2993E+03  9.9290E+04  1.0000E+00  0.0000E+00  0.0000E+00  1.5000E+00
4.7265E+00  6.4281E+03  1.0740E+05  1.0000E+00  0.0000E+00  0.0000E+00  1.5000E+00
4.9963E+00  6.5950E+03  1.1520E+05  1.0000E+00  0.0000E+00  0.0000E+00  1.5000E+00
5.2507E+00  6.7882E+03  1.2160E+05  1.0000E+00  0.0000E+00  0.0000E+00  1.5000E+00
5.4962E+00  6.9487E+03  1.2680E+05  1.0000E+00  0.0000E+00  0.0000E+00  1.5000E+00
5.7441E+00  7.0659E+03  1.3330E+05  1.0000E+00  0.0000E+00  0.0000E+00  1.5000E+00
5.9832E+00  7.2797E+03  1.4070E+05  1.0000E+00  0.0000E+00  0.0000E+00  1.5000E+00
6.1490E+00  7.6984E+03  1.4640E+05  1.0000E+00  0.0000E+00  0.0000E+00  1.5000E+00
6.2979E+00  8.1690E+03  1.5170E+05  1.0000E+00  0.0000E+00  0.0000E+00  1.5000E+00
6.3903E+00  8.5501E+03  1.5450E+05  1.0000E+00  0.0000E+00  0.0000E+00  1.5000E+00
6.4688E+00  8.9087E+03  1.5660E+05  1.0000E+00  0.0000E+00  0.0000E+00  1.5000E+00
6.5483E+00  9.2674E+03  1.5870E+05  1.0000E+00  0.0000E+00  0.0000E+00  1.5000E+00
6.6238E+00  9.5696E+03  1.6090E+05  1.0000E+00  0.0000E+00  0.0000E+00  1.5000E+00
6.6914E+00  9.7715E+03  1.6300E+05  1.0000E+00  0.0000E+00  0.0000E+00  1.5000E+00
6.7597E+00  9.9735E+03  1.6510E+05  1.0000E+00  0.0000E+00  0.0000E+00  1.5000E+00
6.8286E+00  1.0175E+04  1.6720E+05  1.0000E+00  0.0000E+00  0.0000E+00  1.5000E+00
6.9095E+00  1.0297E+04  1.6970E+05  1.0000E+00  0.0000E+00  0.0000E+00  1.5000E+00
6.9959E+00  1.0386E+04  1.7250E+05  1.0000E+00  0.0000E+00  0.0000E+00  1.5000E+00
7.0834E+00  1.0474E+04  1.7520E+05  1.0000E+00  0.0000E+00  0.0000E+00  1.5000E+00
7.2037E+00  1.0502E+04  1.7880E+05  1.0000E+00  0.0000E+00  0.0000E+00  1.5000E+00
7.3294E+00  1.0523E+04  1.8250E+05  1.0000E+00  0.0000E+00  0.0000E+00  1.5000E+00
7.4991E+00  1.0528E+04  1.8790E+05  1.0000E+00  0.0000E+00  0.0000E+00  1.5000E+00
7.6976E+00  1.0528E+04  1.9400E+05  1.0000E+00  0.0000E+00  0.0000E+00  1.5000E+00
7.9419E+00  1.0525E+04  2.0110E+05  1.0000E+00  0.0000E+00  0.0000E+00  1.5000E+00
8.2415E+00  1.0547E+04  2.0910E+05  1.0000E+00  0.0000E+00  0.0000E+00  1.5000E+00
8.5955E+00  1.0607E+04  2.1750E+05  1.0000E+00  0.0000E+00  0.0000E+00  1.5000E+00
9.0050E+00  1.0667E+04  2.2580E+05  1.0000E+00  0.0000E+00  0.0000E+00  1.5000E+00
9.4884E+00  1.0704E+04  2.3520E+05  1.0000E+00  0.0000E+00  0.0000E+00  1.5000E+00
1.0066E+01  1.0723E+04  2.4300E+05  1.0000E+00  0.0000E+00  0.0000E+00  1.5000E+00
