7.7558E-03  3.7889E+03  2.3820E+02  1.0000E+00  0.0000E+00  0.0000E+00  1.5000E+00
8.9844E-03  3.7934E+03  2.6950E+02  1.0000E+00  0.0000E+00  0.0000E+00  1.5000E+00
1.0397E-02  3.7989E+03  3.0500E+02  1.0000E+00  0.0000E+00  0.0000E+00  1.5000E+00
1.2020E-02  3.7999E+03  3.4430E+02  1.0000E+00  0.0000E+00  0.0000E+00  1.5000E+00
1.3888E-02  3.7965E+03  3.8810E+02  1.0000E+00  0.0000E+00  0.0000E+00  1.5000E+00
1.6040E-02  3.7947E+03  4.3790E+02  1.0000E+00  0.0000E+00  0.0000E+00  1.5000E+00
1.8514E-02  3.7945E+03  4.9470E+02  1.0000E+00  0.0000E+00  0.0000E+00  1.5000E+00
2.1350E-02  3.7974E+03  5.5920E+02  1.0000E+00  0.0000E+00  0.0000E+00  1.5000E+00
2.4596E-02  3.8028E+03  6.3210E+02  1.0000E+00  0.0000E+00  0.0000E+00  1.5000E+00
2.8305E-02  3.8089E+03  7.1500E+02  1.0000E+00  0.0000E+00  0.0000E+00  1.5000E+00
3.2533E-02  3.8172E+03  8.1000E+02  1.0000E+00  0.0000E+00  0.0000E+00  1.5000E+00
3.7331E-02  3.8313E+03  9.1920E+02  1.0000E+00  0.0000E+00  0.0000E+00  1.5000E+00
4.2757E-02  3.8506E+03  1.0430E+03  1.0000E+00  0.0000E+00  0.0000E+00  1.5000E+00
4.8851E-02  3.8772E+03  1.1850E+03  1.0000E+00  0.0000E+00  0.0000E+00  1.5000E+00
5.5678E-02  3.9076E+03  1.3460E+03  1.0000E+00  0.0000E+00  0.0000E+00  1.5000E+00
6.3315E-02  3.9400E+03  1.5290E+03  1.0000E+00  0.0000E+00  0.0000E+00  1.5000E+00
7.1832E-02  3.9712E+03  1.7380E+03  1.0000E+00  0.0000E+00  0.0000E+00  1.5000E+00
8.1352E-02  4.0014E+03  1.9730E+03  1.0000E+00  0.0000E+00  0.0000E+00  1.5000E+00
9.2004E-02  4.0330E+03  2.2360E+03  1.0000E+00  0.0000E+00  0.0000E+00  1.5000E+00
1.0393E-01  4.0665E+03  2.5240E+03  1.0000E+00  0.0000E+00  0.0000E+00  1.5000E+00
1.1729E-01  4.1056E+03  2.8410E+03  1.0000E+00  0.0000E+00  0.0000E+00  1.5000E+00
1.3227E-01  4.1483E+03  3.1920E+03  1.0000E+00  0.0000E+00  0.0000E+00  1.5000E+00
1.4909E-01  4.1927E+03  3.5830E+03  1.0000E+00  0.0000E+00  0.0000E+00  1.5000E+00
1.6797E-01  4.2422E+03  4.0230E+03  1.0000E+00  0.0000E+00  0.0000E+00  1.5000E+00
1.8916E-01  4.2935E+03  4.5200E+03  1.0000E+00  0.0000E+00  0.0000E+00  1.5000E+00
2.1297E-01  4.3442E+03  5.0790E+03  1.0000E+00  0.0000E+00  0.0000E+00  1.5000E+00
2.3977E-01  4.3938E+03  5.7060E+03  1.0000E+00  0.0000E+00  0.0000E+00  1.5000E+00
2.6998E-01  4.4374E+03  6.3990E+03  1.0000E+00  0.0000E+00  0.0000E+00  1.5000E+00
3.0412E-01  4.4767E+03  7.1740E+03  1.0000E+00  0.0000E+00  0.0000E+00  1.5000E+00
3.4274E-01  4.5054E+03  8.0200E+03  1.0000E+00  0.0000E+00  0.0000E+00  1.5000E+00
3.8648E-01  4.5308E+03  8.9840E+03  1.0000E+00  0.0000E+00  0.0000E+00  1.5000E+00
4.3597E-01  4.5547E+03  1.0060E+04  1.0000E+00  0.0000E+00  0.0000E+00  1.5000E+00
4.9190E-01  4.5840E+03  1.1290E+04  1.0000E+00  0.0000E+00  0.0000E+00  1.5000E+00
5.5501E-01  4.6179E+03  1.2700E+04  1.0000E+00  0.0000E+00  0.0000E+00  1.5000E+00
6.2611E-01  4.6475E+03  1.4280E+04  1.0000E+00  0.0000E+00  0.0000E+00  1.5000E+00
7.0618E-01  4.6756E+03  1.6060E+04  1.0000E+00  0.0000E+00  0.0000E+00  1.5000E+00
7.9657E-01  4.7118E+03  1.8000E+04  1.0000E+00  0.0000E+00  0.0000E+00  1.5000E+00
8.9868E-01  4.7737E+03  2.0200E+04  1.0000E+00  0.0000E+00  0.0000E+00  1.5000E+00
1.0139E+00  4.8060E+03  2.2720E+04  1.0000E+00  0.0000E+00  0.0000E+00  1.5000E+00
1.1437E+00  4.8040E+03  2.5580E+04  1.0000E+00  0.0000E+00  0.0000E+00  1.5000E+00
1.2891E+00  4.8311E+03  2.8940E+04  1.0000E+00  0.0000E+00  0.0000E+00  1.5000E+00
1.4517E+00  4.8584E+03  3.2850E+04  1.0000E+00  0.0000E+00  0.0000E+00  1.5000E+00
1.6337E+00  4.9160E+03  3.7240E+04  1.0000E+00  0.0000E+00  0.0000E+00  1.5000E+00
1.8373E+00  5.0004E+03  4.2270E+04  1.0000E+00  0.0000E+00  0.0000E+00  1.5000E+00
2.0633E+00  5.0965E+03  4.8100E+04  1.0000E+00  0.0000E+00  0.0000E+00  1.5000E+00
2.3146E+00  5.1712E+03  5.4420E+04  1.0000E+00  0.0000E+00  0.0000E+00  1.5000E+00
2.5944E+00  5.2328E+03  6.1590E+04  1.0000E+00  0.0000E+00  0.0000E+00  1.5000E+00
2.9048E+00  5.3025E+03  6.9080E+04  1.0000E+00  0.0000E+00  0.0000E+00  1.5000E+00
3.2523E+00  5.3911E+03  7.5780E+04  1.0000E+00  0.0000E+00  0.0000E+00  1.5000E+00
3.6374E+00  5.5127E+03  8.1940E+04  1.0000E+00  0.0000E+00  0.0000E+00  1.5000E+00
4.0618E+00  5.5933E+03  8.8610E+04  1.0000E+00  0.0000E+00  0.0000E+00  1.5000E+00
4.5294E+00  5.6712E+03  9.7640E+04  1.0000E+00  0.0000E+00  0.0000E+00  1.5000E+00
5.0242E+00  5.7876E+03  1.0870E+05  1.0000E+00  0.0000E+00  0.0000E+00  1.5000E+00
5.5404E+00  5.8923E+03  1.1960E+05  1.0000E+00  0.0000E+00  0.0000E+00  1.5000E+00
6.0542E+00  6.0480E+03  1.3200E+05  1.0000E+00  0.0000E+00  0.0000E+00  1.5000E+00
6.5487E+00  6.2108E+03  1.4480E+05  1.0000E+00  0.0000E+00  0.0000E+00  1.5000E+00
7.0285E+00  6.3571E+03  1.5680E+05  1.0000E+00  0.0000E+00  0.0000E+00  1.5000E+00
7.4894E+00  6.5200E+03  1.6870E+05  1.0000E+00  0.0000E+00  0.0000E+00  1.5000E+00
7.9292E+00  6.7063E+03  1.7760E+05  1.0000E+00  0.0000E+00  0.0000E+00  1.5000E+00
8.3503E+00  6.8869E+03  1.8410E+05  1.0000E+00  0.0000E+00  0.0000E+00  1.5000E+00
8.7697E+00  7.0326E+03  1.8800E+05  1.0000E+00  0.0000E+00  0.0000E+00  1.5000E+00
9.2017E+00  7.1747E+03  1.8970E+05  1.0000E+00  0.0000E+00  0.0000E+00  1.5000E+00
9.6252E+00  7.4067E+03  1.9130E+05  1.0000E+00  0.0000E+00  0.0000E+00  1.5000E+00
9.9992E+00  7.7300E+03  1.9470E+05  1.0000E+00  0.0000E+00  0.0000E+00  1.5000E+00
1.0325E+01  8.0428E+03  1.9920E+05  1.0000E+00  0.0000E+00  0.0000E+00  1.5000E+00
1.0628E+01  8.2356E+03  2.0400E+05  1.0000E+00  0.0000E+00  0.0000E+00  1.5000E+00
1.0890E+01  8.5835E+03  2.1040E+05  1.0000E+00  0.0000E+00  0.0000E+00  1.5000E+00
1.1106E+01  8.9914E+03  2.1690E+05  1.0000E+00  0.0000E+00  0.0000E+00  1.5000E+00
1.1264E+01  9.4564E+03  2.2300E+05  1.0000E+00  0.0000E+00  0.0000E+00  1.5000E+00
1.1419E+01  9.8937E+03  2.2890E+05  1.0000E+00  0.0000E+00  0.0000E+00  1.5000E+00
1.1540E+01  1.0156E+04  2.3260E+05  1.0000E+00  0.0000E+00  0.0000E+00  1.5000E+00
1.1663E+01  1.0419E+04  2.3620E+05  1.0000E+00  0.0000E+00  0.0000E+00  1.5000E+00
1.1791E+01  1.0629E+04  2.3960E+05  1.0000E+00  0.0000E+00  0.0000E+00  1.5000E+00
1.1928E+01  1.0743E+04  2.4240E+05  1.0000E+00  0.0000E+00  0.0000E+00  1.5000E+00
1.2067E+01  1.0857E+04  2.4520E+05  1.0000E+00  0.0000E+00  0.0000E+00  1.5000E+00
1.2252E+01  1.0877E+04  2.4920E+05  1.0000E+00  0.0000E+00  0.0000E+00  1.5000E+00
1.2452E+01  1.0903E+04  2.5380E+05  1.0000E+00  0.0000E+00  0.0000E+00  1.5000E+00
1.2699E+01  1.0954E+04  2.6030E+05  1.0000E+00  0.0000E+00  0.0000E+00  1.5000E+00
1.2988E+01  1.1043E+04  2.6670E+05  1.0000E+00  0.0000E+00  0.0000E+00  1.5000E+00
1.3314E+01  1.1148E+04  2.7300E+05  1.0000E+00  0.0000E+00  0.0000E+00  1.5000E+00
1.3680E+01  1.1260E+04  2.8030E+05  1.0000E+00  0.0000E+00  0.0000E+00  1.5000E+00
