7.6703E-03  4.2276E+03  2.8780E+02  1.0000E+00  0.0000E+00  0.0000E+00  1.5000E+00
8.8109E-03  4.2328E+03  3.2180E+02  1.0000E+00  0.0000E+00  0.0000E+00  1.5000E+00
1.0121E-02  4.2423E+03  3.5900E+02  1.0000E+00  0.0000E+00  0.0000E+00  1.5000E+00
1.1625E-02  4.2486E+03  3.9950E+02  1.0000E+00  0.0000E+00  0.0000E+00  1.5000E+00
1.3352E-02  4.2542E+03  4.4480E+02  1.0000E+00  0.0000E+00  0.0000E+00  1.5000E+00
1.5331E-02  4.2632E+03  4.9540E+02  1.0000E+00  0.0000E+00  0.0000E+00  1.5000E+00
1.7600E-02  4.2790E+03  5.5290E+02  1.0000E+00  0.0000E+00  0.0000E+00  1.5000E+00
2.0201E-02  4.2989E+03  6.1760E+02  1.0000E+00  0.0000E+00  0.0000E+00  1.5000E+00
2.3177E-02  4.3190E+03  6.9070E+02  1.0000E+00  0.0000E+00  0.0000E+00  1.5000E+00
2.6573E-02  4.3383E+03  7.7480E+02  1.0000E+00  0.0000E+00  0.0000E+00  1.5000E+00
3.0439E-02  4.3520E+03  8.6840E+02  1.0000E+00  0.0000E+00  0.0000E+00  1.5000E+00
3.4829E-02  4.3576E+03  9.7290E+02  1.0000E+00  0.0000E+00  0.0000E+00  1.5000E+00
3.9794E-02  4.3548E+03  1.0910E+03  1.0000E+00  0.0000E+00  0.0000E+00  1.5000E+00
4.5398E-02  4.3538E+03  1.2250E+03  1.0000E+00  0.0000E+00  0.0000E+00  1.5000E+00
5.1742E-02  4.3628E+03  1.3730E+03  1.0000E+00  0.0000E+00  0.0000E+00  1.5000E+00
5.8936E-02  4.3753E+03  1.5350E+03  1.0000E+00  0.0000E+00  0.0000E+00  1.5000E+00
6.7103E-02  4.3815E+03  1.7140E+03  1.0000E+00  0.0000E+00  0.0000E+00  1.5000E+00
7.6374E-02  4.3947E+03  1.9150E+03  1.0000E+00  0.0000E+00  0.0000E+00  1.5000E+00
8.6911E-02  4.4030E+03  2.1350E+03  1.0000E+00  0.0000E+00  0.0000E+00  1.5000E+00
9.8849E-02  4.3897E+03  2.3870E+03  1.0000E+00  0.0000E+00  0.0000E+00  1.5000E+00
1.1232E-01  4.3508E+03  2.6700E+03  1.0000E+00  0.0000E+00  0.0000E+00  1.5000E+00
1.2754E-01  4.3324E+03  2.9920E+03  1.0000E+00  0.0000E+00  0.0000E+00  1.5000E+00
1.4475E-01  4.3638E+03  3.3610E+03  1.0000E+00  0.0000E+00  0.0000E+00  1.5000E+00
1.6427E-01  4.4097E+03  3.7590E+03  1.0000E+00  0.0000E+00  0.0000E+00  1.5000E+00
1.8647E-01  4.4735E+03  4.2030E+03  1.0000E+00  0.0000E+00  0.0000E+00  1.5000E+00
2.1158E-01  4.4988E+03  4.7440E+03  1.0000E+00  0.0000E+00  0.0000E+00  1.5000E+00
2.3968E-01  4.4743E+03  5.3970E+03  1.0000E+00  0.0000E+00  0.0000E+00  1.5000E+00
2.7115E-01  4.5007E+03  6.0940E+03  1.0000E+00  0.0000E+00  0.0000E+00  1.5000E+00
3.0648E-01  4.5652E+03  6.9260E+03  1.0000E+00  0.0000E+00  0.0000E+00  1.5000E+00
3.4585E-01  4.5993E+03  7.9470E+03  1.0000E+00  0.0000E+00  0.0000E+00  1.5000E+00
3.8959E-01  4.6219E+03  9.1040E+03  1.0000E+00  0.0000E+00  0.0000E+00  1.5000E+00
4.3816E-01  4.6999E+03  1.0480E+04  1.0000E+00  0.0000E+00  0.0000E+00  1.5000E+00
4.9196E-01  4.8038E+03  1.2170E+04  1.0000E+00  0.0000E+00  0.0000E+00  1.5000E+00
5.5147E-01  4.8762E+03  1.3970E+04  1.0000E+00  0.0000E+00  0.0000E+00  1.5000E+00
6.1769E-01  4.9491E+03  1.5950E+04  1.0000E+00  0.0000E+00  0.0000E+00  1.5000E+00
6.9155E-01  5.0047E+03  1.8020E+04  1.0000E+00  0.0000E+00  0.0000E+00  1.5000E+00
7.7458E-01  5.0023E+03  2.0180E+04  1.0000E+00  0.0000E+00  0.0000E+00  1.5000E+00
8.6811E-01  5.0025E+03  2.2630E+04  1.0000E+00  0.0000E+00  0.0000E+00  1.5000E+00
9.7247E-01  5.1023E+03  2.5790E+04  1.0000E+00  0.0000E+00  0.0000E+00  1.5000E+00
1.0862E+00  5.2002E+03  2.9950E+04  1.0000E+00  0.0000E+00  0.0000E+00  1.5000E+00
1.2078E+00  5.3197E+03  3.4530E+04  1.0000E+00  0.0000E+00  0.0000E+00  1.5000E+00
1.3381E+00  5.4040E+03  3.8460E+04  1.0000E+00  0.0000E+00  0.0000E+00  1.5000E+00
1.4833E+00  5.4452E+03  4.1760E+04  1.0000E+00  0.0000E+00  0.0000E+00  1.5000E+00
1.6479E+00  5.4929E+03  4.5030E+04  1.0000E+00  0.0000E+00  0.0000E+00  1.5000E+00
1.8344E+00  5.5410E+03  4.8140E+04  1.0000E+00  0.0000E+00  0.0000E+00  1.5000E+00
2.0487E+00  5.5626E+03  5.1250E+04  1.0000E+00  0.0000E+00  0.0000E+00  1.5000E+00
2.2984E+00  5.5625E+03  5.6330E+04  1.0000E+00  0.0000E+00  0.0000E+00  1.5000E+00
2.5840E+00  5.5751E+03  6.3030E+04  1.0000E+00  0.0000E+00  0.0000E+00  1.5000E+00
2.9078E+00  5.5865E+03  7.0510E+04  1.0000E+00  0.0000E+00  0.0000E+00  1.5000E+00
3.2748E+00  5.6179E+03  7.6970E+04  1.0000E+00  0.0000E+00  0.0000E+00  1.5000E+00
3.6916E+00  5.6467E+03  8.4210E+04  1.0000E+00  0.0000E+00  0.0000E+00  1.5000E+00
4.1667E+00  5.6798E+03  9.2120E+04  1.0000E+00  0.0000E+00  0.0000E+00  1.5000E+00
4.6847E+00  5.7638E+03  1.0080E+05  1.0000E+00  0.0000E+00  0.0000E+00  1.5000E+00
5.2641E+00  5.8126E+03  1.0500E+05  1.0000E+00  0.0000E+00  0.0000E+00  1.5000E+00
5.8988E+00  5.9723E+03  1.0770E+05  1.0000E+00  0.0000E+00  0.0000E+00  1.5000E+00
6.5143E+00  6.1638E+03  1.1240E+05  1.0000E+00  0.0000E+00  0.0000E+00  1.5000E+00
7.0670E+00  6.3312E+03  1.3220E+05  1.0000E+00  0.0000E+00  0.0000E+00  1.5000E+00
7.6098E+00  6.4192E+03  1.5230E+05  1.0000E+00  0.0000E+00  0.0000E+00  1.5000E+00
8.1811E+00  6.5080E+03  1.6400E+05  1.0000E+00  0.0000E+00  0.0000E+00  1.5000E+00
8.7203E+00  6.7761E+03  1.7450E+05  1.0000E+00  0.0000E+00  0.0000E+00  1.5000E+00
9.2070E+00  6.9264E+03  1.8350E+05  1.0000E+00  0.0000E+00  0.0000E+00  1.5000E+00
9.7359E+00  6.9574E+03  1.9080E+05  1.0000E+00  0.0000E+00  0.0000E+00  1.5000E+00
1.0360E+01  6.9752E+03  2.0070E+05  1.0000E+00  0.0000E+00  0.0000E+00  1.5000E+00
1.1010E+01  7.1603E+03  2.2020E+05  1.0000E+00  0.0000E+00  0.0000E+00  1.5000E+00
1.1628E+01  7.3434E+03  2.4000E+05  1.0000E+00  0.0000E+00  0.0000E+00  1.5000E+00
1.2237E+01  7.4896E+03  2.5730E+05  1.0000E+00  0.0000E+00  0.0000E+00  1.5000E+00
1.2857E+01  7.6203E+03  2.8200E+05  1.0000E+00  0.0000E+00  0.0000E+00  1.5000E+00
1.3419E+01  7.9377E+03  3.0670E+05  1.0000E+00  0.0000E+00  0.0000E+00  1.5000E+00
1.3899E+01  8.2602E+03  3.1980E+05  1.0000E+00  0.0000E+00  0.0000E+00  1.5000E+00
1.4332E+01  8.5643E+03  3.2910E+05  1.0000E+00  0.0000E+00  0.0000E+00  1.5000E+00
1.4735E+01  8.8555E+03  3.3810E+05  1.0000E+00  0.0000E+00  0.0000E+00  1.5000E+00
1.5110E+01  9.0928E+03  3.3860E+05  1.0000E+00  0.0000E+00  0.0000E+00  1.5000E+00
1.5496E+01  9.2948E+03  3.3610E+05  1.0000E+00  0.0000E+00  0.0000E+00  1.5000E+00
1.5896E+01  9.4516E+03  3.2990E+05  1.0000E+00  0.0000E+00  0.0000E+00  1.5000E+00
1.6342E+01  9.5612E+03  3.2150E+05  1.0000E+00  0.0000E+00  0.0000E+00  1.5000E+00
1.6859E+01  9.6044E+03  3.0770E+05  1.0000E+00  0.0000E+00  0.0000E+00  1.5000E+00
1.7558E+01  9.4210E+03  2.7410E+05  1.0000E+00  0.0000E+00  0.0000E+00  1.5000E+00
1.8688E+01  9.1709E+03  2.7500E+05  1.0000E+00  0.0000E+00  0.0000E+00  1.5000E+00
1.9888E+01  9.6342E+03  3.5170E+05  1.0000E+00  0.0000E+00  0.0000E+00  1.5000E+00
2.0660E+01  1.0294E+04  4.1230E+05  1.0000E+00  0.0000E+00  0.0000E+00  1.5000E+00
2.1258E+01  1.0667E+04  4.4210E+05  1.0000E+00  0.0000E+00  0.0000E+00  1.5000E+00
