8.6004E-03  4.9059E+03  2.6740E+02  1.0000E+00  0.0000E+00  0.0000E+00  1.5000E+00
9.4924E-03  4.9886E+03  3.2480E+02  1.0000E+00  0.0000E+00  0.0000E+00  1.5000E+00
1.0410E-02  5.0425E+03  3.8880E+02  1.0000E+00  0.0000E+00  0.0000E+00  1.5000E+00
1.1394E-02  5.0679E+03  4.5560E+02  1.0000E+00  0.0000E+00  0.0000E+00  1.5000E+00
1.2515E-02  5.0659E+03  5.1750E+02  1.0000E+00  0.0000E+00  0.0000E+00  1.5000E+00
1.3838E-02  5.0554E+03  5.7690E+02  1.0000E+00  0.0000E+00  0.0000E+00  1.5000E+00
1.5403E-02  5.0435E+03  6.3650E+02  1.0000E+00  0.0000E+00  0.0000E+00  1.5000E+00
1.7268E-02  5.0343E+03  6.9880E+02  1.0000E+00  0.0000E+00  0.0000E+00  1.5000E+00
1.9482E-02  5.0299E+03  7.6810E+02  1.0000E+00  0.0000E+00  0.0000E+00  1.5000E+00
2.2085E-02  5.0287E+03  8.4800E+02  1.0000E+00  0.0000E+00  0.0000E+00  1.5000E+00
2.5131E-02  5.0268E+03  9.3990E+02  1.0000E+00  0.0000E+00  0.0000E+00  1.5000E+00
2.8680E-02  5.0243E+03  1.0450E+03  1.0000E+00  0.0000E+00  0.0000E+00  1.5000E+00
3.2824E-02  5.0156E+03  1.1650E+03  1.0000E+00  0.0000E+00  0.0000E+00  1.5000E+00
3.7695E-02  4.9960E+03  1.3000E+03  1.0000E+00  0.0000E+00  0.0000E+00  1.5000E+00
4.3415E-02  4.9782E+03  1.4620E+03  1.0000E+00  0.0000E+00  0.0000E+00  1.5000E+00
5.0055E-02  4.9631E+03  1.6530E+03  1.0000E+00  0.0000E+00  0.0000E+00  1.5000E+00
5.7643E-02  4.9589E+03  1.8860E+03  1.0000E+00  0.0000E+00  0.0000E+00  1.5000E+00
6.6206E-02  4.9502E+03  2.1620E+03  1.0000E+00  0.0000E+00  0.0000E+00  1.5000E+00
7.5909E-02  4.9293E+03  2.4750E+03  1.0000E+00  0.0000E+00  0.0000E+00  1.5000E+00
8.6912E-02  4.9021E+03  2.8170E+03  1.0000E+00  0.0000E+00  0.0000E+00  1.5000E+00
9.9354E-02  4.8741E+03  3.1950E+03  1.0000E+00  0.0000E+00  0.0000E+00  1.5000E+00
1.1337E-01  4.8527E+03  3.6190E+03  1.0000E+00  0.0000E+00  0.0000E+00  1.5000E+00
1.2910E-01  4.8359E+03  4.0920E+03  1.0000E+00  0.0000E+00  0.0000E+00  1.5000E+00
1.4671E-01  4.8354E+03  4.6140E+03  1.0000E+00  0.0000E+00  0.0000E+00  1.5000E+00
1.6654E-01  4.8443E+03  5.1560E+03  1.0000E+00  0.0000E+00  0.0000E+00  1.5000E+00
1.8898E-01  4.8505E+03  5.7310E+03  1.0000E+00  0.0000E+00  0.0000E+00  1.5000E+00
2.1444E-01  4.8470E+03  6.3680E+03  1.0000E+00  0.0000E+00  0.0000E+00  1.5000E+00
2.4325E-01  4.8430E+03  7.1030E+03  1.0000E+00  0.0000E+00  0.0000E+00  1.5000E+00
2.7573E-01  4.8482E+03  7.9620E+03  1.0000E+00  0.0000E+00  0.0000E+00  1.5000E+00
3.1225E-01  4.8687E+03  8.9750E+03  1.0000E+00  0.0000E+00  0.0000E+00  1.5000E+00
3.5312E-01  4.8981E+03  1.0140E+04  1.0000E+00  0.0000E+00  0.0000E+00  1.5000E+00
3.9893E-01  4.9247E+03  1.1440E+04  1.0000E+00  0.0000E+00  0.0000E+00  1.5000E+00
4.5030E-01  4.9422E+03  1.2880E+04  1.0000E+00  0.0000E+00  0.0000E+00  1.5000E+00
5.0802E-01  4.9380E+03  1.4440E+04  1.0000E+00  0.0000E+00  0.0000E+00  1.5000E+00
5.7320E-01  4.9140E+03  1.6070E+04  1.0000E+00  0.0000E+00  0.0000E+00  1.5000E+00
6.4712E-01  4.8812E+03  1.7790E+04  1.0000E+00  0.0000E+00  0.0000E+00  1.5000E+00
7.3136E-01  4.8417E+03  1.9620E+04  1.0000E+00  0.0000E+00  0.0000E+00  1.5000E+00
8.2741E-01  4.8132E+03  2.1640E+04  1.0000E+00  0.0000E+00  0.0000E+00  1.5000E+00
9.3715E-01  4.7974E+03  2.3910E+04  1.0000E+00  0.0000E+00  0.0000E+00  1.5000E+00
1.0623E+00  4.8037E+03  2.6560E+04  1.0000E+00  0.0000E+00  0.0000E+00  1.5000E+00
1.2038E+00  4.8868E+03  2.9810E+04  1.0000E+00  0.0000E+00  0.0000E+00  1.5000E+00
1.3640E+00  4.9661E+03  3.3140E+04  1.0000E+00  0.0000E+00  0.0000E+00  1.5000E+00
1.5461E+00  5.0409E+03  3.6930E+04  1.0000E+00  0.0000E+00  0.0000E+00  1.5000E+00
1.7501E+00  5.1193E+03  4.1830E+04  1.0000E+00  0.0000E+00  0.0000E+00  1.5000E+00
1.9769E+00  5.1962E+03  4.7360E+04  1.0000E+00  0.0000E+00  0.0000E+00  1.5000E+00
2.2254E+00  5.3065E+03  5.3950E+04  1.0000E+00  0.0000E+00  0.0000E+00  1.5000E+00
2.4937E+00  5.4138E+03  6.1510E+04  1.0000E+00  0.0000E+00  0.0000E+00  1.5000E+00
2.7798E+00  5.5204E+03  6.9450E+04  1.0000E+00  0.0000E+00  0.0000E+00  1.5000E+00
3.0863E+00  5.6104E+03  7.6500E+04  1.0000E+00  0.0000E+00  0.0000E+00  1.5000E+00
3.4140E+00  5.7223E+03  8.4070E+04  1.0000E+00  0.0000E+00  0.0000E+00  1.5000E+00
3.7511E+00  5.8471E+03  9.2210E+04  1.0000E+00  0.0000E+00  0.0000E+00  1.5000E+00
4.0962E+00  5.9650E+03  9.9690E+04  1.0000E+00  0.0000E+00  0.0000E+00  1.5000E+00
4.4471E+00  6.0965E+03  1.0760E+05  1.0000E+00  0.0000E+00  0.0000E+00  1.5000E+00
4.7946E+00  6.2344E+03  1.1720E+05  1.0000E+00  0.0000E+00  0.0000E+00  1.5000E+00
5.1325E+00  6.3759E+03  1.2820E+05  1.0000E+00  0.0000E+00  0.0000E+00  1.5000E+00
5.4655E+00  6.5124E+03  1.3870E+05  1.0000E+00  0.0000E+00  0.0000E+00  1.5000E+00
5.7973E+00  6.6489E+03  1.4790E+05  1.0000E+00  0.0000E+00  0.0000E+00  1.5000E+00
6.1323E+00  6.7845E+03  1.5400E+05  1.0000E+00  0.0000E+00  0.0000E+00  1.5000E+00
6.4686E+00  6.9388E+03  1.6100E+05  1.0000E+00  0.0000E+00  0.0000E+00  1.5000E+00
6.8150E+00  7.0530E+03  1.6430E+05  1.0000E+00  0.0000E+00  0.0000E+00  1.5000E+00
7.1560E+00  7.2762E+03  1.6910E+05  1.0000E+00  0.0000E+00  0.0000E+00  1.5000E+00
7.4753E+00  7.5007E+03  1.7080E+05  1.0000E+00  0.0000E+00  0.0000E+00  1.5000E+00
7.7798E+00  7.7213E+03  1.7320E+05  1.0000E+00  0.0000E+00  0.0000E+00  1.5000E+00
8.0785E+00  7.9091E+03  1.7750E+05  1.0000E+00  0.0000E+00  0.0000E+00  1.5000E+00
8.3811E+00  8.0646E+03  1.8430E+05  1.0000E+00  0.0000E+00  0.0000E+00  1.5000E+00
8.6900E+00  8.2228E+03  1.9380E+05  1.0000E+00  0.0000E+00  0.0000E+00  1.5000E+00
9.0004E+00  8.4206E+03  2.0550E+05  1.0000E+00  0.0000E+00  0.0000E+00  1.5000E+00
9.3061E+00  8.6194E+03  2.1510E+05  1.0000E+00  0.0000E+00  0.0000E+00  1.5000E+00
9.6206E+00  8.7620E+03  2.2530E+05  1.0000E+00  0.0000E+00  0.0000E+00  1.5000E+00
9.9451E+00  8.9316E+03  2.3600E+05  1.0000E+00  0.0000E+00  0.0000E+00  1.5000E+00
1.0235E+01  9.2678E+03  2.4580E+05  1.0000E+00  0.0000E+00  0.0000E+00  1.5000E+00
1.0466E+01  9.8221E+03  2.5370E+05  1.0000E+00  0.0000E+00  0.0000E+00  1.5000E+00
1.0642E+01  1.0272E+04  2.5680E+05  1.0000E+00  0.0000E+00  0.0000E+00  1.5000E+00
1.0793E+01  1.0671E+04  2.5750E+05  1.0000E+00  0.0000E+00  0.0000E+00  1.5000E+00
1.0943E+01  1.1000E+04  2.5790E+05  1.0000E+00  0.0000E+00  0.0000E+00  1.5000E+00
1.1092E+01  1.1133E+04  2.5720E+05  1.0000E+00  0.0000E+00  0.0000E+00  1.5000E+00
1.1246E+01  1.1255E+04  2.5680E+05  1.0000E+00  0.0000E+00  0.0000E+00  1.5000E+00
1.1448E+01  1.1220E+04  2.6160E+05  1.0000E+00  0.0000E+00  0.0000E+00  1.5000E+00
1.1686E+01  1.1190E+04  2.6820E+05  1.0000E+00  0.0000E+00  0.0000E+00  1.5000E+00
1.1985E+01  1.1182E+04  2.7820E+05  1.0000E+00  0.0000E+00  0.0000E+00  1.5000E+00
1.2348E+01  1.1233E+04  2.9240E+05  1.0000E+00  0.0000E+00  0.0000E+00  1.5000E+00
