9.4732E-03  4.6193E+03  2.3000E+02  1.0000E+00  0.0000E+00  0.0000E+00  1.5000E+00
1.0812E-02  4.7051E+03  2.7360E+02  1.0000E+00  0.0000E+00  0.0000E+00  1.5000E+00
1.2226E-02  4.7866E+03  3.2260E+02  1.0000E+00  0.0000E+00  0.0000E+00  1.5000E+00
1.3704E-02  4.8698E+03  3.7930E+02  1.0000E+00  0.0000E+00  0.0000E+00  1.5000E+00
1.5240E-02  4.9420E+03  4.4110E+02  1.0000E+00  0.0000E+00  0.0000E+00  1.5000E+00
1.6869E-02  4.9912E+03  5.0230E+02  1.0000E+00  0.0000E+00  0.0000E+00  1.5000E+00
1.8649E-02  5.0272E+03  5.6270E+02  1.0000E+00  0.0000E+00  0.0000E+00  1.5000E+00
2.0610E-02  5.0682E+03  6.2620E+02  1.0000E+00  0.0000E+00  0.0000E+00  1.5000E+00
2.2769E-02  5.1071E+03  6.9500E+02  1.0000E+00  0.0000E+00  0.0000E+00  1.5000E+00
2.5150E-02  5.1428E+03  7.7270E+02  1.0000E+00  0.0000E+00  0.0000E+00  1.5000E+00
2.7785E-02  5.1751E+03  8.6130E+02  1.0000E+00  0.0000E+00  0.0000E+00  1.5000E+00
3.0732E-02  5.1965E+03  9.5960E+02  1.0000E+00  0.0000E+00  0.0000E+00  1.5000E+00
3.4103E-02  5.2018E+03  1.0670E+03  1.0000E+00  0.0000E+00  0.0000E+00  1.5000E+00
3.8068E-02  5.1878E+03  1.1800E+03  1.0000E+00  0.0000E+00  0.0000E+00  1.5000E+00
4.2850E-02  5.1597E+03  1.3040E+03  1.0000E+00  0.0000E+00  0.0000E+00  1.5000E+00
4.8697E-02  5.1315E+03  1.4540E+03  1.0000E+00  0.0000E+00  0.0000E+00  1.5000E+00
5.5727E-02  5.0988E+03  1.6300E+03  1.0000E+00  0.0000E+00  0.0000E+00  1.5000E+00
6.4194E-02  5.0615E+03  1.8440E+03  1.0000E+00  0.0000E+00  0.0000E+00  1.5000E+00
7.4162E-02  5.0351E+03  2.1090E+03  1.0000E+00  0.0000E+00  0.0000E+00  1.5000E+00
8.5566E-02  5.0281E+03  2.4430E+03  1.0000E+00  0.0000E+00  0.0000E+00  1.5000E+00
9.8276E-02  5.0323E+03  2.8530E+03  1.0000E+00  0.0000E+00  0.0000E+00  1.5000E+00
1.1241E-01  5.0194E+03  3.3150E+03  1.0000E+00  0.0000E+00  0.0000E+00  1.5000E+00
1.2829E-01  5.0012E+03  3.8430E+03  1.0000E+00  0.0000E+00  0.0000E+00  1.5000E+00
1.4621E-01  4.9539E+03  4.3830E+03  1.0000E+00  0.0000E+00  0.0000E+00  1.5000E+00
1.6667E-01  4.8825E+03  4.9340E+03  1.0000E+00  0.0000E+00  0.0000E+00  1.5000E+00
1.8980E-01  4.8182E+03  5.5480E+03  1.0000E+00  0.0000E+00  0.0000E+00  1.5000E+00
2.1570E-01  4.7530E+03  6.1950E+03  1.0000E+00  0.0000E+00  0.0000E+00  1.5000E+00
2.4488E-01  4.6620E+03  6.7790E+03  1.0000E+00  0.0000E+00  0.0000E+00  1.5000E+00
2.7820E-01  4.5699E+03  7.3510E+03  1.0000E+00  0.0000E+00  0.0000E+00  1.5000E+00
3.1639E-01  4.5204E+03  8.0940E+03  1.0000E+00  0.0000E+00  0.0000E+00  1.5000E+00
3.5974E-01  4.5232E+03  9.1120E+03  1.0000E+00  0.0000E+00  0.0000E+00  1.5000E+00
4.0838E-01  4.5573E+03  1.0330E+04  1.0000E+00  0.0000E+00  0.0000E+00  1.5000E+00
4.6279E-01  4.6108E+03  1.1770E+04  1.0000E+00  0.0000E+00  0.0000E+00  1.5000E+00
5.2354E-01  4.6435E+03  1.3340E+04  1.0000E+00  0.0000E+00  0.0000E+00  1.5000E+00
5.9178E-01  4.6534E+03  1.5040E+04  1.0000E+00  0.0000E+00  0.0000E+00  1.5000E+00
6.6867E-01  4.6355E+03  1.6910E+04  1.0000E+00  0.0000E+00  0.0000E+00  1.5000E+00
7.5583E-01  4.5816E+03  1.8970E+04  1.0000E+00  0.0000E+00  0.0000E+00  1.5000E+00
8.5652E-01  4.4957E+03  2.0960E+04  1.0000E+00  0.0000E+00  0.0000E+00  1.5000E+00
9.7387E-01  4.4963E+03  2.3060E+04  1.0000E+00  0.0000E+00  0.0000E+00  1.5000E+00
1.1062E+00  4.5821E+03  2.5830E+04  1.0000E+00  0.0000E+00  0.0000E+00  1.5000E+00
1.2541E+00  4.6231E+03  2.9070E+04  1.0000E+00  0.0000E+00  0.0000E+00  1.5000E+00
1.4205E+00  4.6838E+03  3.2370E+04  1.0000E+00  0.0000E+00  0.0000E+00  1.5000E+00
1.6091E+00  4.7851E+03  3.5490E+04  1.0000E+00  0.0000E+00  0.0000E+00  1.5000E+00
1.8242E+00  4.9003E+03  3.9240E+04  1.0000E+00  0.0000E+00  0.0000E+00  1.5000E+00
2.0634E+00  5.0276E+03  4.5450E+04  1.0000E+00  0.0000E+00  0.0000E+00  1.5000E+00
2.3236E+00  5.1664E+03  5.3120E+04  1.0000E+00  0.0000E+00  0.0000E+00  1.5000E+00
2.6032E+00  5.3196E+03  6.1160E+04  1.0000E+00  0.0000E+00  0.0000E+00  1.5000E+00
2.9032E+00  5.4473E+03  6.8550E+04  1.0000E+00  0.0000E+00  0.0000E+00  1.5000E+00
3.2294E+00  5.5440E+03  7.4660E+04  1.0000E+00  0.0000E+00  0.0000E+00  1.5000E+00
3.5826E+00  5.6553E+03  8.1390E+04  1.0000E+00  0.0000E+00  0.0000E+00  1.5000E+00
3.9528E+00  5.7627E+03  8.9600E+04  1.0000E+00  0.0000E+00  0.0000E+00  1.5000E+00
4.3480E+00  5.8416E+03  9.7980E+04  1.0000E+00  0.0000E+00  0.0000E+00  1.5000E+00
4.7704E+00  5.9850E+03  1.0410E+05  1.0000E+00  0.0000E+00  0.0000E+00  1.5000E+00
5.1652E+00  6.2009E+03  1.0570E+05  1.0000E+00  0.0000E+00  0.0000E+00  1.5000E+00
5.5290E+00  6.4025E+03  1.0960E+05  1.0000E+00  0.0000E+00  0.0000E+00  1.5000E+00
5.8829E+00  6.5250E+03  1.1680E+05  1.0000E+00  0.0000E+00  0.0000E+00  1.5000E+00
6.2231E+00  6.7182E+03  1.3100E+05  1.0000E+00  0.0000E+00  0.0000E+00  1.5000E+00
6.5142E+00  6.9651E+03  1.4380E+05  1.0000E+00  0.0000E+00  0.0000E+00  1.5000E+00
6.7933E+00  7.1005E+03  1.5210E+05  1.0000E+00  0.0000E+00  0.0000E+00  1.5000E+00
7.0681E+00  7.2816E+03  1.5810E+05  1.0000E+00  0.0000E+00  0.0000E+00  1.5000E+00
7.3240E+00  7.5348E+03  1.6350E+05  1.0000E+00  0.0000E+00  0.0000E+00  1.5000E+00
7.5573E+00  7.8423E+03  1.6950E+05  1.0000E+00  0.0000E+00  0.0000E+00  1.5000E+00
7.7649E+00  8.0420E+03  1.7450E+05  1.0000E+00  0.0000E+00  0.0000E+00  1.5000E+00
7.9773E+00  8.2183E+03  1.7950E+05  1.0000E+00  0.0000E+00  0.0000E+00  1.5000E+00
8.1955E+00  8.3572E+03  1.8410E+05  1.0000E+00  0.0000E+00  0.0000E+00  1.5000E+00
8.4340E+00  8.4630E+03  1.8960E+05  1.0000E+00  0.0000E+00  0.0000E+00  1.5000E+00
8.6957E+00  8.5443E+03  1.9520E+05  1.0000E+00  0.0000E+00  0.0000E+00  1.5000E+00
8.9937E+00  8.5920E+03  2.0060E+05  1.0000E+00  0.0000E+00  0.0000E+00  1.5000E+00
9.3499E+00  8.6017E+03  2.0800E+05  1.0000E+00  0.0000E+00  0.0000E+00  1.5000E+00
9.7696E+00  8.6618E+03  2.1800E+05  1.0000E+00  0.0000E+00  0.0000E+00  1.5000E+00
1.0263E+01  8.6708E+03  2.2700E+05  1.0000E+00  0.0000E+00  0.0000E+00  1.5000E+00
1.0854E+01  8.6927E+03  2.3850E+05  1.0000E+00  0.0000E+00  0.0000E+00  1.5000E+00
1.1515E+01  8.8276E+03  2.5100E+05  1.0000E+00  0.0000E+00  0.0000E+00  1.5000E+00
1.2230E+01  8.9181E+03  2.5620E+05  1.0000E+00  0.0000E+00  0.0000E+00  1.5000E+00
1.2952E+01  9.2419E+03  2.7160E+05  1.0000E+00  0.0000E+00  0.0000E+00  1.5000E+00
1.3572E+01  9.6161E+03  2.9490E+05  1.0000E+00  0.0000E+00  0.0000E+00  1.5000E+00
1.4134E+01  9.8406E+03  3.1140E+05  1.0000E+00  0.0000E+00  0.0000E+00  1.5000E+00
1.4723E+01  9.9548E+03  3.2790E+05  1.0000E+00  0.0000E+00  0.0000E+00  1.5000E+00
1.5382E+01  1.0025E+04  3.5010E+05  1.0000E+00  0.0000E+00  0.0000E+00  1.5000E+00
1.6076E+01  1.0268E+04  3.8790E+05  1.0000E+00  0.0000E+00  0.0000E+00  1.5000E+00
1.6756E+01  1.0482E+04  4.0780E+05  1.0000E+00  0.0000E+00  0.0000E+00  1.5000E+00
