1.0628E-02  3.2702E+03  2.1500E+02  1.0000E+00  0.0000E+00  0.0000E+00  1.5000E+00
1.2550E-02  3.2668E+03  2.4730E+02  1.0000E+00  0.0000E+00  0.0000E+00  1.5000E+00
1.4786E-02  3.2764E+03  2.8450E+02  1.0000E+00  0.0000E+00  0.0000E+00  1.5000E+00
1.7357E-02  3.2906E+03  3.2720E+02  1.0000E+00  0.0000E+00  0.0000E+00  1.5000E+00
2.0296E-02  3.3039E+03  3.7650E+02  1.0000E+00  0.0000E+00  0.0000E+00  1.5000E+00
2.3668E-02  3.3113E+03  4.3290E+02  1.0000E+00  0.0000E+00  0.0000E+00  1.5000E+00
2.7558E-02  3.3127E+03  4.9770E+02  1.0000E+00  0.0000E+00  0.0000E+00  1.5000E+00
3.2051E-02  3.3166E+03  5.7220E+02  1.0000E+00  0.0000E+00  0.0000E+00  1.5000E+00
3.7199E-02  3.3240E+03  6.5720E+02  1.0000E+00  0.0000E+00  0.0000E+00  1.5000E+00
4.3067E-02  3.3367E+03  7.5410E+02  1.0000E+00  0.0000E+00  0.0000E+00  1.5000E+00
4.9687E-02  3.3586E+03  8.6640E+02  1.0000E+00  0.0000E+00  0.0000E+00  1.5000E+00
5.7058E-02  3.3867E+03  9.9720E+02  1.0000E+00  0.0000E+00  0.0000E+00  1.5000E+00
6.5144E-02  3.4214E+03  1.1510E+03  1.0000E+00  0.0000E+00  0.0000E+00  1.5000E+00
7.4008E-02  3.4594E+03  1.3250E+03  1.0000E+00  0.0000E+00  0.0000E+00  1.5000E+00
8.3623E-02  3.5018E+03  1.5200E+03  1.0000E+00  0.0000E+00  0.0000E+00  1.5000E+00
9.4081E-02  3.5412E+03  1.7410E+03  1.0000E+00  0.0000E+00  0.0000E+00  1.5000E+00
1.0548E-01  3.5728E+03  1.9980E+03  1.0000E+00  0.0000E+00  0.0000E+00  1.5000E+00
1.1807E-01  3.6006E+03  2.2950E+03  1.0000E+00  0.0000E+00  0.0000E+00  1.5000E+00
1.3159E-01  3.6633E+03  2.6420E+03  1.0000E+00  0.0000E+00  0.0000E+00  1.5000E+00
1.4535E-01  3.7735E+03  3.0470E+03  1.0000E+00  0.0000E+00  0.0000E+00  1.5000E+00
1.5932E-01  3.8782E+03  3.4930E+03  1.0000E+00  0.0000E+00  0.0000E+00  1.5000E+00
1.7389E-01  3.9694E+03  3.9720E+03  1.0000E+00  0.0000E+00  0.0000E+00  1.5000E+00
1.8939E-01  4.0656E+03  4.4690E+03  1.0000E+00  0.0000E+00  0.0000E+00  1.5000E+00
2.0618E-01  4.1647E+03  4.9740E+03  1.0000E+00  0.0000E+00  0.0000E+00  1.5000E+00
2.2468E-01  4.2442E+03  5.5320E+03  1.0000E+00  0.0000E+00  0.0000E+00  1.5000E+00
2.4542E-01  4.2968E+03  6.1400E+03  1.0000E+00  0.0000E+00  0.0000E+00  1.5000E+00
2.6886E-01  4.3487E+03  6.8360E+03  1.0000E+00  0.0000E+00  0.0000E+00  1.5000E+00
2.9540E-01  4.3884E+03  7.5890E+03  1.0000E+00  0.0000E+00  0.0000E+00  1.5000E+00
3.2565E-01  4.4125E+03  8.3960E+03  1.0000E+00  0.0000E+00  0.0000E+00  1.5000E+00
3.6017E-01  4.4385E+03  9.2960E+03  1.0000E+00  0.0000E+00  0.0000E+00  1.5000E+00
3.9953E-01  4.4631E+03  1.0300E+04  1.0000E+00  0.0000E+00  0.0000E+00  1.5000E+00
4.4437E-01  4.4857E+03  1.1430E+04  1.0000E+00  0.0000E+00  0.0000E+00  1.5000E+00
4.9539E-01  4.5109E+03  1.2710E+04  1.0000E+00  0.0000E+00  0.0000E+00  1.5000E+00
5.5342E-01  4.5313E+03  1.4120E+04  1.0000E+00  0.0000E+00  0.0000E+00  1.5000E+00
6.1961E-01  4.5489E+03  1.5690E+04  1.0000E+00  0.0000E+00  0.0000E+00  1.5000E+00
6.9493E-01  4.5658E+03  1.7440E+04  1.0000E+00  0.0000E+00  0.0000E+00  1.5000E+00
7.8066E-01  4.5843E+03  1.9350E+04  1.0000E+00  0.0000E+00  0.0000E+00  1.5000E+00
8.7833E-01  4.6083E+03  2.1540E+04  1.0000E+00  0.0000E+00  0.0000E+00  1.5000E+00
9.8923E-01  4.6378E+03  2.3990E+04  1.0000E+00  0.0000E+00  0.0000E+00  1.5000E+00
1.1149E+00  4.6830E+03  2.6740E+04  1.0000E+00  0.0000E+00  0.0000E+00  1.5000E+00
1.2570E+00  4.7478E+03  2.9850E+04  1.0000E+00  0.0000E+00  0.0000E+00  1.5000E+00
1.4172E+00  4.8227E+03  3.3420E+04  1.0000E+00  0.0000E+00  0.0000E+00  1.5000E+00
1.5978E+00  4.9085E+03  3.7440E+04  1.0000E+00  0.0000E+00  0.0000E+00  1.5000E+00
1.8009E+00  5.0002E+03  4.2200E+04  1.0000E+00  0.0000E+00  0.0000E+00  1.5000E+00
2.0276E+00  5.1095E+03  4.7920E+04  1.0000E+00  0.0000E+00  0.0000E+00  1.5000E+00
2.2772E+00  5.2334E+03  5.4800E+04  1.0000E+00  0.0000E+00  0.0000E+00  1.5000E+00
2.5490E+00  5.3475E+03  6.2130E+04  1.0000E+00  0.0000E+00  0.0000E+00  1.5000E+00
2.8446E+00  5.4474E+03  6.9750E+04  1.0000E+00  0.0000E+00  0.0000E+00  1.5000E+00
3.1629E+00  5.5516E+03  7.7440E+04  1.0000E+00  0.0000E+00  0.0000E+00  1.5000E+00
3.5053E+00  5.6583E+03  8.4780E+04  1.0000E+00  0.0000E+00  0.0000E+00  1.5000E+00
3.8676E+00  5.7703E+03  9.1450E+04  1.0000E+00  0.0000E+00  0.0000E+00  1.5000E+00
4.2491E+00  5.8866E+03  9.8340E+04  1.0000E+00  0.0000E+00  0.0000E+00  1.5000E+00
4.6396E+00  6.0109E+03  1.0540E+05  1.0000E+00  0.0000E+00  0.0000E+00  1.5000E+00
5.0394E+00  6.1354E+03  1.1280E+05  1.0000E+00  0.0000E+00  0.0000E+00  1.5000E+00
5.4405E+00  6.2677E+03  1.2110E+05  1.0000E+00  0.0000E+00  0.0000E+00  1.5000E+00
5.8426E+00  6.3939E+03  1.2930E+05  1.0000E+00  0.0000E+00  0.0000E+00  1.5000E+00
6.2492E+00  6.5267E+03  1.3700E+05  1.0000E+00  0.0000E+00  0.0000E+00  1.5000E+00
6.6594E+00  6.6608E+03  1.4380E+05  1.0000E+00  0.0000E+00  0.0000E+00  1.5000E+00
7.0773E+00  6.7834E+03  1.4960E+05  1.0000E+00  0.0000E+00  0.0000E+00  1.5000E+00
7.5136E+00  6.8991E+03  1.5430E+05  1.0000E+00  0.0000E+00  0.0000E+00  1.5000E+00
7.9735E+00  7.0148E+03  1.5850E+05  1.0000E+00  0.0000E+00  0.0000E+00  1.5000E+00
8.4557E+00  7.1452E+03  1.6270E+05  1.0000E+00  0.0000E+00  0.0000E+00  1.5000E+00
8.9467E+00  7.3060E+03  1.6810E+05  1.0000E+00  0.0000E+00  0.0000E+00  1.5000E+00
9.4391E+00  7.4738E+03  1.7490E+05  1.0000E+00  0.0000E+00  0.0000E+00  1.5000E+00
9.9371E+00  7.6164E+03  1.8230E+05  1.0000E+00  0.0000E+00  0.0000E+00  1.5000E+00
1.0457E+01  7.7423E+03  1.8980E+05  1.0000E+00  0.0000E+00  0.0000E+00  1.5000E+00
1.1013E+01  7.8406E+03  1.9610E+05  1.0000E+00  0.0000E+00  0.0000E+00  1.5000E+00
1.1652E+01  7.8794E+03  1.9800E+05  1.0000E+00  0.0000E+00  0.0000E+00  1.5000E+00
1.2380E+01  7.9869E+03  2.0200E+05  1.0000E+00  0.0000E+00  0.0000E+00  1.5000E+00
1.3118E+01  8.2036E+03  2.2110E+05  1.0000E+00  0.0000E+00  0.0000E+00  1.5000E+00
1.3796E+01  8.4425E+03  2.4590E+05  1.0000E+00  0.0000E+00  0.0000E+00  1.5000E+00
1.4478E+01  8.5589E+03  2.6750E+05  1.0000E+00  0.0000E+00  0.0000E+00  1.5000E+00
1.5161E+01  8.7856E+03  2.8830E+05  1.0000E+00  0.0000E+00  0.0000E+00  1.5000E+00
1.5906E+01  8.7198E+03  3.0830E+05  1.0000E+00  0.0000E+00  0.0000E+00  1.5000E+00
1.6962E+01  8.7086E+03  3.6760E+05  1.0000E+00  0.0000E+00  0.0000E+00  1.5000E+00
1.7354E+01  9.7544E+03  3.9550E+05  1.0000E+00  0.0000E+00  0.0000E+00  1.5000E+00
1.7679E+01  1.0823E+04  4.2120E+05  1.0000E+00  0.0000E+00  0.0000E+00  1.5000E+00
1.7863E+01  1.1182E+04  4.2570E+05  1.0000E+00  0.0000E+00  0.0000E+00  1.5000E+00
1.8048E+01  1.1542E+04  4.3020E+05  1.0000E+00  0.0000E+00  0.0000E+00  1.5000E+00
1.8238E+01  1.1868E+04  4.3430E+05  1.0000E+00  0.0000E+00  0.0000E+00  1.5000E+00
1.8454E+01  1.1907E+04  4.3370E+05  1.0000E+00  0.0000E+00  0.0000E+00  1.5000E+00
