9.5378E-03  3.8323E+03  1.8620E+02  1.0000E+00  0.0000E+00  0.0000E+00  1.5000E+00
1.0923E-02  3.8588E+03  2.2130E+02  1.0000E+00  0.0000E+00  0.0000E+00  1.5000E+00
1.2468E-02  3.8895E+03  2.6200E+02  1.0000E+00  0.0000E+00  0.0000E+00  1.5000E+00
1.4195E-02  3.9161E+03  3.0660E+02  1.0000E+00  0.0000E+00  0.0000E+00  1.5000E+00
1.6133E-02  3.9356E+03  3.5460E+02  1.0000E+00  0.0000E+00  0.0000E+00  1.5000E+00
1.8318E-02  3.9534E+03  4.0850E+02  1.0000E+00  0.0000E+00  0.0000E+00  1.5000E+00
2.0773E-02  3.9770E+03  4.7190E+02  1.0000E+00  0.0000E+00  0.0000E+00  1.5000E+00
2.3520E-02  4.0118E+03  5.4740E+02  1.0000E+00  0.0000E+00  0.0000E+00  1.5000E+00
2.6581E-02  4.0550E+03  6.3630E+02  1.0000E+00  0.0000E+00  0.0000E+00  1.5000E+00
2.9983E-02  4.0995E+03  7.3780E+02  1.0000E+00  0.0000E+00  0.0000E+00  1.5000E+00
3.3783E-02  4.1318E+03  8.4720E+02  1.0000E+00  0.0000E+00  0.0000E+00  1.5000E+00
3.8054E-02  4.1465E+03  9.6210E+02  1.0000E+00  0.0000E+00  0.0000E+00  1.5000E+00
4.2879E-02  4.1491E+03  1.0870E+03  1.0000E+00  0.0000E+00  0.0000E+00  1.5000E+00
4.8342E-02  4.1496E+03  1.2260E+03  1.0000E+00  0.0000E+00  0.0000E+00  1.5000E+00
5.4527E-02  4.1578E+03  1.3810E+03  1.0000E+00  0.0000E+00  0.0000E+00  1.5000E+00
6.1536E-02  4.1710E+03  1.5520E+03  1.0000E+00  0.0000E+00  0.0000E+00  1.5000E+00
6.9484E-02  4.1863E+03  1.7420E+03  1.0000E+00  0.0000E+00  0.0000E+00  1.5000E+00
7.8499E-02  4.2027E+03  1.9560E+03  1.0000E+00  0.0000E+00  0.0000E+00  1.5000E+00
8.8693E-02  4.2250E+03  2.2040E+03  1.0000E+00  0.0000E+00  0.0000E+00  1.5000E+00
1.0016E-01  4.2628E+03  2.5100E+03  1.0000E+00  0.0000E+00  0.0000E+00  1.5000E+00
1.1292E-01  4.3042E+03  2.8810E+03  1.0000E+00  0.0000E+00  0.0000E+00  1.5000E+00
1.2705E-01  4.3570E+03  3.3350E+03  1.0000E+00  0.0000E+00  0.0000E+00  1.5000E+00
1.4272E-01  4.3880E+03  3.8220E+03  1.0000E+00  0.0000E+00  0.0000E+00  1.5000E+00
1.6023E-01  4.3824E+03  4.3350E+03  1.0000E+00  0.0000E+00  0.0000E+00  1.5000E+00
1.7993E-01  4.3753E+03  4.8910E+03  1.0000E+00  0.0000E+00  0.0000E+00  1.5000E+00
2.0215E-01  4.3865E+03  5.5090E+03  1.0000E+00  0.0000E+00  0.0000E+00  1.5000E+00
2.2720E-01  4.4175E+03  6.2090E+03  1.0000E+00  0.0000E+00  0.0000E+00  1.5000E+00
2.5539E-01  4.4458E+03  6.9860E+03  1.0000E+00  0.0000E+00  0.0000E+00  1.5000E+00
2.8721E-01  4.4655E+03  7.8490E+03  1.0000E+00  0.0000E+00  0.0000E+00  1.5000E+00
3.2319E-01  4.4781E+03  8.7990E+03  1.0000E+00  0.0000E+00  0.0000E+00  1.5000E+00
3.6389E-01  4.4919E+03  9.8670E+03  1.0000E+00  0.0000E+00  0.0000E+00  1.5000E+00
4.0990E-01  4.5096E+03  1.1070E+04  1.0000E+00  0.0000E+00  0.0000E+00  1.5000E+00
4.6187E-01  4.5307E+03  1.2440E+04  1.0000E+00  0.0000E+00  0.0000E+00  1.5000E+00
5.2054E-01  4.5522E+03  1.3960E+04  1.0000E+00  0.0000E+00  0.0000E+00  1.5000E+00
5.8687E-01  4.5718E+03  1.5640E+04  1.0000E+00  0.0000E+00  0.0000E+00  1.5000E+00
6.6194E-01  4.5913E+03  1.7480E+04  1.0000E+00  0.0000E+00  0.0000E+00  1.5000E+00
7.4700E-01  4.6170E+03  1.9550E+04  1.0000E+00  0.0000E+00  0.0000E+00  1.5000E+00
8.4321E-01  4.6496E+03  2.1880E+04  1.0000E+00  0.0000E+00  0.0000E+00  1.5000E+00
9.5185E-01  4.6894E+03  2.4510E+04  1.0000E+00  0.0000E+00  0.0000E+00  1.5000E+00
1.0745E+00  4.7328E+03  2.7450E+04  1.0000E+00  0.0000E+00  0.0000E+00  1.5000E+00
1.2130E+00  4.7793E+03  3.0700E+04  1.0000E+00  0.0000E+00  0.0000E+00  1.5000E+00
1.3697E+00  4.8342E+03  3.4280E+04  1.0000E+00  0.0000E+00  0.0000E+00  1.5000E+00
1.5469E+00  4.9030E+03  3.8260E+04  1.0000E+00  0.0000E+00  0.0000E+00  1.5000E+00
1.7476E+00  4.9824E+03  4.2620E+04  1.0000E+00  0.0000E+00  0.0000E+00  1.5000E+00
1.9746E+00  5.0726E+03  4.7440E+04  1.0000E+00  0.0000E+00  0.0000E+00  1.5000E+00
2.2308E+00  5.1796E+03  5.2790E+04  1.0000E+00  0.0000E+00  0.0000E+00  1.5000E+00
2.5176E+00  5.2952E+03  5.8510E+04  1.0000E+00  0.0000E+00  0.0000E+00  1.5000E+00
2.8341E+00  5.4193E+03  6.4590E+04  1.0000E+00  0.0000E+00  0.0000E+00  1.5000E+00
3.1764E+00  5.5518E+03  7.1050E+04  1.0000E+00  0.0000E+00  0.0000E+00  1.5000E+00
3.5329E+00  5.6932E+03  7.7850E+04  1.0000E+00  0.0000E+00  0.0000E+00  1.5000E+00
3.8966E+00  5.8309E+03  8.4690E+04  1.0000E+00  0.0000E+00  0.0000E+00  1.5000E+00
4.2652E+00  5.9659E+03  9.1500E+04  1.0000E+00  0.0000E+00  0.0000E+00  1.5000E+00
4.6297E+00  6.1041E+03  9.8400E+04  1.0000E+00  0.0000E+00  0.0000E+00  1.5000E+00
4.9940E+00  6.2437E+03  1.0580E+05  1.0000E+00  0.0000E+00  0.0000E+00  1.5000E+00
5.3501E+00  6.3885E+03  1.1340E+05  1.0000E+00  0.0000E+00  0.0000E+00  1.5000E+00
5.7047E+00  6.5107E+03  1.2120E+05  1.0000E+00  0.0000E+00  0.0000E+00  1.5000E+00
6.0618E+00  6.6518E+03  1.2950E+05  1.0000E+00  0.0000E+00  0.0000E+00  1.5000E+00
6.4102E+00  6.8147E+03  1.3780E+05  1.0000E+00  0.0000E+00  0.0000E+00  1.5000E+00
6.7517E+00  6.9650E+03  1.4630E+05  1.0000E+00  0.0000E+00  0.0000E+00  1.5000E+00
7.0965E+00  7.0934E+03  1.5440E+05  1.0000E+00  0.0000E+00  0.0000E+00  1.5000E+00
7.4502E+00  7.2283E+03  1.6240E+05  1.0000E+00  0.0000E+00  0.0000E+00  1.5000E+00
7.8048E+00  7.3959E+03  1.7150E+05  1.0000E+00  0.0000E+00  0.0000E+00  1.5000E+00
8.1647E+00  7.5287E+03  1.8000E+05  1.0000E+00  0.0000E+00  0.0000E+00  1.5000E+00
8.5365E+00  7.6630E+03  1.9160E+05  1.0000E+00  0.0000E+00  0.0000E+00  1.5000E+00
8.9361E+00  7.7389E+03  2.0140E+05  1.0000E+00  0.0000E+00  0.0000E+00  1.5000E+00
9.4034E+00  7.7119E+03  2.1240E+05  1.0000E+00  0.0000E+00  0.0000E+00  1.5000E+00
1.0002E+01  7.6779E+03  2.3150E+05  1.0000E+00  0.0000E+00  0.0000E+00  1.5000E+00
1.0409E+01  8.4714E+03  2.4450E+05  1.0000E+00  0.0000E+00  0.0000E+00  1.5000E+00
1.0579E+01  9.1586E+03  2.5030E+05  1.0000E+00  0.0000E+00  0.0000E+00  1.5000E+00
1.0751E+01  9.8457E+03  2.5630E+05  1.0000E+00  0.0000E+00  0.0000E+00  1.5000E+00
1.0872E+01  1.0194E+04  2.5940E+05  1.0000E+00  0.0000E+00  0.0000E+00  1.5000E+00
1.0982E+01  1.0470E+04  2.6180E+05  1.0000E+00  0.0000E+00  0.0000E+00  1.5000E+00
1.1093E+01  1.0747E+04  2.6430E+05  1.0000E+00  0.0000E+00  0.0000E+00  1.5000E+00
1.1210E+01  1.0960E+04  2.6690E+05  1.0000E+00  0.0000E+00  0.0000E+00  1.5000E+00
1.1333E+01  1.1101E+04  2.6950E+05  1.0000E+00  0.0000E+00  0.0000E+00  1.5000E+00
1.1458E+01  1.1243E+04  2.7210E+05  1.0000E+00  0.0000E+00  0.0000E+00  1.5000E+00
1.1610E+01  1.1333E+04  2.7550E+05  1.0000E+00  0.0000E+00  0.0000E+00  1.5000E+00
1.1776E+01  1.1399E+04  2.7940E+05  1.0000E+00  0.0000E+00  0.0000E+00  1.5000E+00
1.1977E+01  1.1452E+04  2.8420E+05  1.0000E+00  0.0000E+00  0.0000E+00  1.5000E+00
1.2205E+01  1.1497E+04  2.8980E+05  1.0000E+00  0.0000E+00  0.0000E+00  1.5000E+00
1.2488E+01  1.1552E+04  2.9640E+05  1.0000E+00  0.0000E+00  0.0000E+00  1.5000E+00
