3470.0   5012.8  2.15624e+00  6.66099e-12
3460.0   5012.8  2.34742e+00  7.25159e-12
3450.0   5012.8  2.55555e+00  7.89456e-12
3440.0   5012.8  2.78214e+00  8.59453e-12
3430.0   5012.8  3.02882e+00  9.35657e-12
3420.0   5012.8  3.29737e+00  1.01862e-11
3410.0   5012.8  3.58973e+00  1.10893e-11
3400.0   5012.8  3.90802e+00  1.20726e-11
3390.0   5012.8  4.25452e+00  1.31430e-11
3380.0   5012.8  4.63175e+00  1.43083e-11
3370.0   5012.8  5.04243e+00  1.55770e-11
3360.0   5012.8  5.48952e+00  1.69581e-11
3350.0   5012.8  5.97625e+00  1.84617e-11
3340.0   5012.8  6.50613e+00  2.00986e-11
3330.0   5012.8  7.08300e+00  2.18806e-11
3320.0   5012.8  7.71101e+00  2.38207e-11
3310.0   5012.8  8.39471e+00  2.59328e-11
3300.0   5012.8  9.13903e+00  2.82321e-11
3290.0   5012.8  9.94935e+00  3.07353e-11
3280.0   5012.8  1.08315e+01  3.34605e-11
3270.0   5012.8  1.17919e+01  3.64272e-11
3260.0   5012.8  1.28374e+01  3.96571e-11
3250.0   5012.8  1.39756e+01  4.31733e-11
3240.0   5012.8  1.52148e+01  4.70012e-11
3230.0   5012.8  1.65638e+01  4.65752e-11
3220.0   4525.0  1.63506e+01  5.27438e-11
3210.0   4348.5  1.65921e+01  5.63120e-11
3200.0   4280.2  1.60282e+01  5.53601e-11
3190.0   4144.4  1.56335e+01  5.60740e-11
3180.0   3915.3  1.47268e+01  5.63451e-11
3170.0   3802.7  1.49289e+01  5.91140e-11
3160.0   3775.4  1.60499e+01  6.42378e-11
3150.0   3767.7  1.74640e+01  7.02442e-11
3140.0   3784.6  1.92877e+01  7.74141e-11
3130.0   3804.9  2.13022e+01  8.52200e-11
3120.0   3832.2  2.36029e+01  9.39236e-11
3110.0   3861.6  2.61902e+01  1.03599e-10
3100.0   3897.4  2.92304e+01  1.14742e-10
3090.0   3940.0  3.28629e+01  1.27791e-10
3080.0   3990.1  3.73419e+01  1.43583e-10
3070.0   4045.1  4.28773e+01  1.62850e-10
3060.0   4095.6  4.93434e+01  1.85352e-10
3050.0   4143.6  5.72026e+01  2.12688e-10
3040.0   4170.4  6.57745e+01  2.43335e-10
3030.0   4209.8  7.66587e+01  2.81305e-10
3020.0   4231.6  8.89517e+01  3.25141e-10
3010.0   4253.4  1.04254e+02  3.79573e-10
3000.0   4258.4  1.20074e+02  4.37103e-10
2990.0   4268.4  1.38332e+02  5.02835e-10
2980.0   4272.9  1.57297e+02  5.71574e-10
2970.0   4283.2  1.77069e+02  6.42235e-10
2960.0   4301.3  1.97825e+02  7.14810e-10
2950.0   4325.4  2.19492e+02  7.88939e-10
2940.0   4358.9  2.43116e+02  8.67380e-10
2930.0   4398.7  2.69064e+02  9.51506e-10
2920.0   4446.6  2.98069e+02  1.04293e-09
2910.0   4501.4  3.30879e+02  1.14386e-09
2900.0   4558.3  3.68260e+02  1.25741e-09
2890.0   4616.9  4.11018e+02  1.38580e-09
2880.0   4675.7  4.60030e+02  1.53182e-09
2870.0   4732.1  5.16153e+02  1.69850e-09
2860.0   4785.1  5.79678e+02  1.88671e-09
2850.0   4834.3  6.50030e+02  2.09446e-09
2840.0   4882.3  7.28189e+02  2.32354e-09
2830.0   4927.3  8.14298e+02  2.57492e-09
2820.0   4970.8  9.10231e+02  2.85344e-09
2810.0   5007.6  1.01595e+03  3.16182e-09
2800.0   5035.9  1.13119e+03  3.50120e-09
2790.0   5062.7  1.25973e+03  3.87884e-09
2780.0   5078.8  1.39728e+03  4.28928e-09
2770.0   5087.1  1.54758e+03  4.74345e-09
2760.0   5076.1  1.69337e+03  5.20221e-09
2750.0   5058.1  1.83850e+03  5.66865e-09
2740.0   5025.2  1.97652e+03  6.13466e-09
2730.0   4989.2  2.11984e+03  6.62761e-09
2720.0   4951.6  2.26664e+03  7.14103e-09
2710.0   4919.4  2.42881e+03  7.70257e-09
2700.0   4891.1  2.60357e+03  8.30524e-09
2690.0   4846.5  2.78614e+03  8.97013e-09
2680.0   4801.0  2.99951e+03  9.74942e-09
2670.0   4755.6  3.23398e+03  1.06128e-08
2660.0   4715.8  3.50453e+03  1.15985e-08
2650.0   4681.3  3.81786e+03  1.27292e-08
2640.0   4654.5  4.18517e+03  1.40351e-08
2630.0   4637.9  4.61433e+03  1.55307e-08
2620.0   4630.0  5.10371e+03  1.72083e-08
2610.0   4624.8  5.63900e+03  1.90355e-08
2600.0   4617.0  6.20313e+03  2.09761e-08
2590.0   4605.2  6.79122e+03  2.30248e-08
2580.0   4590.6  7.40040e+03  2.51716e-08
2570.0   4575.5  8.03518e+03  2.74227e-08
2560.0   4561.8  8.70302e+03  2.97933e-08
2550.0   4550.8  9.41292e+03  3.23031e-08
2540.0   4545.4  1.01844e+04  3.49948e-08
2530.0   4546.7  1.10374e+04  3.79167e-08
2520.0   4556.7  1.20003e+04  4.11362e-08
2510.0   4576.0  1.31012e+04  4.47223e-08
2500.0   4603.3  1.43589e+04  4.87266e-08
2490.0   4635.4  1.57736e+04  5.31581e-08
2480.0   4669.2  1.73364e+04  5.80030e-08
2470.0   4704.1  1.90594e+04  6.32947e-08
2460.0   4742.7  2.09670e+04  6.90638e-08
2450.0   4789.3  2.31130e+04  7.53897e-08
2440.0   4842.5  2.55260e+04  8.23449e-08
2430.0   4896.5  2.81970e+04  8.99548e-08
2420.0   4945.8  3.10711e+04  9.81346e-08
2410.0   4993.6  3.41442e+04  1.06807e-07
2400.0   5041.2  3.73921e+04  1.15861e-07
2390.0   5089.1  4.07950e+04  1.25215e-07
2380.0   5143.0  4.43928e+04  1.34830e-07
2370.0   5205.8  4.83103e+04  1.44953e-07
2360.0   5272.1  5.25392e+04  1.55656e-07
2350.0   5340.8  5.70024e+04  1.66702e-07
2340.0   5418.1  6.15989e+04  1.77567e-07
2330.0   5518.7  6.64542e+04  1.88054e-07
2320.0   5647.5  7.15721e+04  1.97893e-07
2310.0   5791.8  7.67415e+04  2.06878e-07
2300.0   5949.2  8.19807e+04  2.15129e-07
2290.0   6122.3  8.73325e+04  2.22662e-07
2280.0   6337.7  9.31956e+04  2.29486e-07
2270.0   6635.5  1.00216e+05  2.35602e-07
2260.0   7065.4  1.04900e+05  2.31399e-07
2250.0   8047.7  1.04917e+05  2.02033e-07
2240.0   9312.2  1.04169e+05  1.69060e-07
2230.0   9974.6  1.06933e+05  1.57626e-07
2220.0  10216.9  1.12547e+05  1.60019e-07
2210.0  10356.6  1.19043e+05  1.65859e-07
2200.0  10443.2  1.25967e+05  1.73451e-07
2190.0  10521.2  1.32838e+05  1.81013e-07
2180.0  10590.0  1.39855e+05  1.88865e-07
2170.0  10655.3  1.46801e+05  1.96554e-07
2160.0  10721.2  1.53969e+05  2.04362e-07
2150.0  10789.0  1.61379e+05  2.12269e-07
2140.0  10859.0  1.68908e+05  2.20084e-07
2130.0  10924.8  1.76455e+05  2.27902e-07
2120.0  10971.8  1.83529e+05  2.35659e-07
2110.0  10982.9  1.90012e+05  2.43956e-07
2100.0  10956.2  1.95933e+05  2.53026e-07
2090.0  10906.4  2.01149e+05  2.62166e-07
2080.0  10872.2  2.06243e+05  2.70556e-07
2070.0  10873.4  2.11765e+05  2.78052e-07
2060.0  10894.8  2.18535e+05  2.86346e-07
2050.0  10916.5  2.26327e+05  2.95974e-07
2040.0  10936.8  2.34737e+05  3.06462e-07
2030.0  10964.0  2.43850e+05  3.17532e-07
2020.0  11004.9  2.53636e+05  3.28734e-07
2010.0  11053.2  2.63244e+05  3.39174e-07
2000.0  11101.1  2.72574e+05  3.49110e-07
1990.0  11153.0  2.82692e+05  3.59716e-07
1980.0  11207.1  2.93485e+05  3.70917e-07
1970.0  11263.0  3.04698e+05  3.82376e-07
1960.0  11320.6  3.16083e+05  3.93753e-07
1950.0  11377.9  3.27307e+05  4.04746e-07
1940.0  11424.2  3.38947e+05  4.16809e-07
1930.0  11458.1  3.49649e+05  4.28357e-07
1920.0  11487.9  3.60942e+05  4.40832e-07
1910.0  11537.6  3.74227e+05  4.54332e-07
1900.0  11579.9  3.87697e+05  4.68395e-07
1890.0  11577.1  4.03822e+05  4.89074e-07
1880.0  11561.0  4.19959e+05  5.10845e-07
1870.0  11656.4  4.33127e+05  5.19913e-07
1860.0  11874.4  4.46514e+05  5.18729e-07
1850.0  12044.8  4.59793e+05  5.20611e-07
1840.0  12110.3  4.73673e+05  5.31606e-07
1830.0  12148.4  4.89015e+05  5.46526e-07
1820.0  12188.2  5.04103e+05  5.60853e-07
1810.0  12229.0  5.21884e+05  5.78106e-07
1800.0  12267.3  5.39158e+05  5.94808e-07
1790.0  12302.0  5.57701e+05  6.13152e-07
1780.0  12323.9  5.75718e+05  6.32010e-07
1770.0  12331.3  5.94998e+05  6.53739e-07
1760.0  12326.4  6.14743e+05  6.77321e-07
1750.0  12312.9  6.34790e+05  7.02271e-07
1740.0  12301.8  6.55965e+05  7.28412e-07
1730.0  12297.4  6.76655e+05  7.53340e-07
1720.0  12313.1  6.98776e+05  7.77607e-07
1710.0  12339.5  7.19966e+05  7.99349e-07
1700.0  12376.4  7.41829e+05  8.20398e-07
1690.0  12422.7  7.65183e+05  8.41750e-07
1680.0  12470.0  7.89127e+05  8.63364e-07
1670.0  12513.2  8.13475e+05  8.85695e-07
1660.0  12544.6  8.38149e+05  9.09783e-07
1650.0  12553.4  8.64321e+05  9.38663e-07
1640.0  12501.1  8.89496e+05  9.75396e-07
1630.0  12398.7  9.18274e+05  1.02451e-06
1620.0  12385.0  9.51043e+05  1.06531e-06
1610.0  12588.8  9.84386e+05  1.07181e-06
1600.0  12900.5  1.01215e+06  1.05275e-06
1590.0  13142.3  1.04250e+06  1.04634e-06
1580.0  13177.3  1.06778e+06  1.06772e-06
1570.0  13194.8  1.09584e+06  1.09488e-06
1560.0  13219.6  1.12611e+06  1.12299e-06
1550.0  13262.1  1.15694e+06  1.14835e-06
1540.0  13299.2  1.18598e+06  1.17248e-06
1530.0  13342.9  1.21697e+06  1.19720e-06
1520.0  13394.0  1.24738e+06  1.21961e-06
1510.0  13437.6  1.27933e+06  1.24474e-06
1500.0  13475.8  1.31063e+06  1.26997e-06
1490.0  13517.6  1.33974e+06  1.29196e-06
1480.0  13555.3  1.37026e+06  1.31600e-06
1470.0  13589.0  1.40125e+06  1.34115e-06
1460.0  13624.8  1.43403e+06  1.36748e-06
1450.0  13659.3  1.46796e+06  1.39496e-06
1440.0  13689.6  1.50361e+06  1.42490e-06
1430.0  13720.0  1.54001e+06  1.45531e-06
1420.0  13761.3  1.57722e+06  1.48382e-06
1410.0  13797.6  1.61308e+06  1.51178e-06
1400.0  13822.2  1.65210e+06  1.54540e-06
1390.0  13845.5  1.69504e+06  1.58309e-06
1380.0  13871.6  1.73954e+06  1.62149e-06
1370.0  13900.2  1.79216e+06  1.66718e-06
1360.0  13920.6  1.83792e+06  1.70787e-06
1350.0  13939.7  1.89242e+06  1.75761e-06
1340.0  13979.6  1.94417e+06  1.79882e-06
1330.0  14132.1  2.00556e+06  1.81799e-06
1320.0  14288.2  2.05482e+06  1.82273e-06
1310.0  14355.6  2.10163e+06  1.84888e-06
1300.0  14404.2  2.14994e+06  1.88122e-06
1290.0  14440.6  2.20011e+06  1.91842e-06
1280.0  14474.1  2.25088e+06  1.95672e-06
1270.0  14509.3  2.30216e+06  1.99460e-06
1260.0  14546.7  2.35399e+06  2.03202e-06
1250.0  14583.5  2.40611e+06  2.06947e-06
1240.0  14620.1  2.45965e+06  2.10797e-06
1230.0  14656.6  2.51480e+06  2.14765e-06
1220.0  14694.1  2.57207e+06  2.18861e-06
1210.0  14732.8  2.63143e+06  2.23070e-06
1200.0  14772.5  2.69285e+06  2.27402e-06
1190.0  14812.0  2.75556e+06  2.31820e-06
1180.0  14850.9  2.81938e+06  2.36322e-06
1170.0  14889.8  2.88429e+06  2.40887e-06
1160.0  14928.9  2.94995e+06  2.45468e-06
1150.0  14970.2  3.01705e+06  2.50048e-06
1140.0  15013.5  3.08499e+06  2.54583e-06
1130.0  15057.7  3.15571e+06  2.59276e-06
1120.0  15099.8  3.22831e+06  2.64162e-06
1110.0  15140.3  3.30401e+06  2.69331e-06
1100.0  15179.9  3.38020e+06  2.74526e-06
1090.0  15220.3  3.45808e+06  2.79791e-06
1080.0  15259.5  3.53549e+06  2.85006e-06
1070.0  15298.9  3.61391e+06  2.90255e-06
1060.0  15338.1  3.69196e+06  2.95435e-06
1050.0  15377.8  3.77218e+06  3.00737e-06
1040.0  15417.3  3.85463e+06  3.06194e-06
1030.0  15456.5  3.93881e+06  3.11769e-06
1020.0  15497.6  4.02568e+06  3.17452e-06
1010.0  15539.5  4.11413e+06  3.23181e-06
1000.0  15580.0  4.20505e+06  3.29122e-06
 990.0  15619.4  4.29868e+06  3.35284e-06
 980.0  15660.0  4.39574e+06  3.41620e-06
 970.0  15702.7  4.49471e+06  3.47948e-06
 960.0  15747.1  4.59342e+06  3.54105e-06
 950.0  15790.9  4.69368e+06  3.60348e-06
 940.0  15829.9  4.79487e+06  3.66852e-06
 930.0  15865.9  4.89785e+06  3.73602e-06
 920.0  15902.6  5.00245e+06  3.80397e-06
 910.0  15941.9  5.10894e+06  3.87154e-06
 900.0  15982.7  5.21682e+06  3.93886e-06
 890.0  16023.4  5.32709e+06  4.00759e-06
 880.0  16063.8  5.43761e+06  4.07620e-06
 870.0  16105.1  5.54996e+06  4.14515e-06
 860.0  16146.2  5.66266e+06  4.21397e-06
 850.0  16186.9  5.77700e+06  4.28375e-06
 840.0  16226.6  5.89261e+06  4.35449e-06
 830.0  16265.7  6.00934e+06  4.42575e-06
 820.0  16305.6  6.12858e+06  4.49786e-06
 810.0  16346.1  6.24997e+06  4.57071e-06
 800.0  16387.2  6.37565e+06  4.64582e-06
 790.0  16427.9  6.50358e+06  4.72231e-06
 780.0  16467.6  6.63301e+06  4.79994e-06
 770.0  16504.7  6.76180e+06  4.87804e-06
 760.0  16538.7  6.88997e+06  4.95701e-06
 750.0  16572.8  7.01831e+06  5.03551e-06
 740.0  16607.0  7.14503e+06  5.11210e-06
 730.0  16644.8  7.27478e+06  5.18798e-06
 720.0  16683.5  7.40740e+06  5.26493e-06
 710.0  16719.4  7.54034e+06  5.34344e-06
 700.0  16754.6  7.67540e+06  5.42354e-06
 690.0  16793.5  7.82325e+06  5.51044e-06
 680.0  16832.1  7.96868e+06  5.59500e-06
 670.0  16870.8  8.12925e+06  5.69061e-06
 660.0  16907.5  8.29104e+06  5.78787e-06
 650.0  16951.4  8.47464e+06  5.89552e-06
 640.0  16999.1  8.65263e+06  5.99489e-06
 630.0  17051.8  8.84657e+06  6.10123e-06
 620.0  17101.3  9.02252e+06  6.19520e-06
 610.0  17151.1  9.20606e+06  6.29354e-06
 600.0  17197.6  9.38844e+06  6.39260e-06
 590.0  17242.7  9.57563e+06  6.49543e-06
 580.0  17287.9  9.76593e+06  6.59941e-06
 570.0  17330.2  9.95260e+06  6.70214e-06
 560.0  17371.5  1.01416e+07  6.80664e-06
 550.0  17411.8  1.03247e+07  6.90679e-06
 540.0  17452.4  1.05120e+07  7.00889e-06
 530.0  17491.6  1.06994e+07  7.11164e-06
 520.0  17529.7  1.08902e+07  7.21703e-06
 510.0  17568.2  1.10894e+07  7.32759e-06
 500.0  17607.5  1.12914e+07  7.43865e-06
 490.0  17651.0  1.15088e+07  7.55609e-06
 480.0  17693.3  1.17246e+07  7.67246e-06
 470.0  17738.1  1.19472e+07  7.79022e-06
 460.0  17777.8  1.21543e+07  7.90075e-06
 450.0  17820.5  1.23773e+07  8.01867e-06
 440.0  17863.9  1.25997e+07  8.13441e-06
 430.0  17909.3  1.28263e+07  8.25001e-06
 420.0  17954.3  1.30528e+07  8.36474e-06
 410.0  17998.7  1.32894e+07  8.48623e-06
 400.0  18041.2  1.35245e+07  8.60748e-06
 390.0  18081.4  1.37591e+07  8.72986e-06
 380.0  18116.9  1.39933e+07  8.85584e-06
 370.0  18145.3  1.42332e+07  8.99275e-06
 360.0  18173.0  1.44710e+07  9.12819e-06
 350.0  18207.3  1.47010e+07  9.25031e-06
 340.0  18252.0  1.49626e+07  9.38186e-06
 330.0  18294.1  1.52089e+07  9.50465e-06
 320.0  18335.0  1.54676e+07  9.63645e-06
 310.0  18374.0  1.57260e+07  9.76936e-06
 300.0  18415.6  1.59923e+07  9.90381e-06
 290.0  18459.6  1.62619e+07  1.00367e-05
 280.0  18504.5  1.65298e+07  1.01662e-05
 270.0  18548.7  1.68071e+07  1.03017e-05
 260.0  18595.3  1.70867e+07  1.04345e-05
 250.0  18641.0  1.73734e+07  1.05719e-05
 240.0  18685.6  1.76665e+07  1.07137e-05
 230.0  18729.6  1.79678e+07  1.08603e-05
 220.0  18772.1  1.82689e+07  1.10076e-05
 210.0  18813.2  1.85716e+07  1.11564e-05
 200.0  18854.9  1.88821e+07  1.13083e-05
 190.0  18897.8  1.92026e+07  1.14642e-05
 180.0  18940.0  1.95244e+07  1.16205e-05
 170.0  18982.9  1.98495e+07  1.17767e-05
 160.0  19024.8  2.01641e+07  1.19262e-05
 150.0  19066.7  2.04882e+07  1.20809e-05
 140.0  19109.2  2.08166e+07  1.22361e-05
 130.0  19153.6  2.11692e+07  1.24033e-05
 120.0  19199.3  2.15336e+07  1.25750e-05
 110.0  19245.8  2.19092e+07  1.27513e-05
 100.0  19292.0  2.22794e+07  1.29233e-05
  90.0  19340.2  2.26584e+07  1.30966e-05
  80.0  19387.3  2.30265e+07  1.32633e-05
  70.0  19428.8  2.33735e+07  1.34236e-05
  60.0  19471.2  2.37276e+07  1.35858e-05
  50.0  19516.4  2.40979e+07  1.37526e-05
  40.0  19560.1  2.44688e+07  1.39206e-05
  30.0  19599.5  2.48350e+07  1.40910e-05
  20.0  19636.7  2.52160e+07  1.42728e-05
  10.0  19672.1  2.55919e+07  1.44529e-05
   0.0  19718.3  2.59828e+07  1.46240e-05
