1490.0   3122.2  2.06056e-01  1.02201e-12
1480.0   3122.2  2.36168e-01  1.17136e-12
1470.0   3122.2  2.70680e-01  1.34253e-12
1460.0   3122.2  3.10236e-01  1.53873e-12
1450.0   3122.2  3.55573e-01  1.76359e-12
1440.0   3122.2  4.07535e-01  2.02131e-12
1430.0   3122.2  4.67090e-01  2.31670e-12
1420.0   3122.2  5.35349e-01  2.65525e-12
1410.0   3122.2  6.13582e-01  3.04327e-12
1400.0   3122.2  7.03248e-01  3.48801e-12
1390.0   3122.2  8.06018e-01  3.99773e-12
1380.0   3122.2  9.23806e-01  4.58194e-12
1370.0   3122.2  1.05881e+00  5.25152e-12
1360.0   3122.2  1.21354e+00  6.01895e-12
1350.0   3122.2  1.39088e+00  6.89854e-12
1340.0   3122.2  1.59413e+00  7.90666e-12
1330.0   3122.2  1.82709e+00  9.06210e-12
1320.0   3122.2  2.09409e+00  1.03864e-11
1310.0   3122.2  2.40012e+00  1.19042e-11
1300.0   3122.2  2.75086e+00  1.36438e-11
1290.0   3122.2  3.15286e+00  1.56377e-11
1280.0   3122.2  3.61360e+00  1.79229e-11
1270.0   3122.2  4.14168e+00  2.05421e-11
1260.0   3122.2  4.74692e+00  2.35440e-11
1250.0   3122.2  5.44062e+00  2.60043e-11
1240.0   3246.9  6.04223e+00  2.76999e-11
1230.0   3350.6  6.85623e+00  3.04603e-11
1220.0   3379.9  7.68348e+00  3.39643e-11
1210.0   3398.1  8.64919e+00  3.81870e-11
1200.0   3416.2  9.72782e+00  4.28807e-11
1190.0   3436.1  1.09342e+01  4.80773e-11
1180.0   3457.9  1.22928e+01  5.38671e-11
1170.0   3479.9  1.37859e+01  6.01827e-11
1160.0   3505.3  1.54759e+01  6.72242e-11
1150.0   3529.2  1.73356e+01  7.49477e-11
1140.0   3558.9  1.94542e+01  8.35573e-11
1130.0   3594.2  2.18535e+01  9.30858e-11
1120.0   3629.8  2.46327e+01  1.04054e-10
1110.0   3668.0  2.79086e+01  1.16834e-10
1100.0   3716.4  3.20737e+01  1.32706e-10
1090.0   3769.3  3.73190e+01  1.52450e-10
1080.0   3826.8  4.37228e+01  1.76147e-10
1070.0   3866.2  5.09856e+01  2.03589e-10
1060.0   3896.6  5.93194e+01  2.35314e-10
1050.0   3928.9  6.85878e+01  2.70125e-10
1040.0   3968.6  7.86935e+01  3.07081e-10
1030.0   4015.6  8.93421e+01  3.44766e-10
1020.0   4061.9  1.00500e+02  3.83595e-10
1010.0   4096.3  1.12231e+02  4.24987e-10
1000.0   4132.6  1.24919e+02  4.69078e-10
 990.0   4180.3  1.38985e+02  5.16128e-10
 980.0   4229.9  1.53922e+02  5.65057e-10
 970.0   4270.4  1.70246e+02  6.19252e-10
 960.0   4301.1  1.88129e+02  6.79641e-10
 950.0   4334.8  2.09018e+02  7.49479e-10
 940.0   4385.9  2.36093e+02  8.36975e-10
 930.0   4456.8  2.74624e+02  9.58407e-10
 920.0   4525.2  3.27600e+02  1.12645e-09
 910.0   4571.8  3.92068e+02  1.33494e-09
 900.0   4569.2  4.58117e+02  1.56137e-09
 890.0   4524.4  5.20959e+02  1.79384e-09
 880.0   4485.2  5.85719e+02  2.03504e-09
 870.0   4451.8  6.54018e+02  2.28995e-09
 860.0   4410.3  7.23310e+02  2.55690e-09
 850.0   4366.4  7.93209e+02  2.83266e-09
 840.0   4328.8  8.66728e+02  3.12261e-09
 830.0   4296.7  9.46188e+02  3.43479e-09
 820.0   4272.2  1.03330e+03  3.77299e-09
 810.0   4253.2  1.12824e+03  4.13853e-09
 800.0   4239.6  1.23126e+03  4.53138e-09
 790.0   4232.1  1.34415e+03  4.95601e-09
 780.0   4228.9  1.46665e+03  5.41215e-09
 770.0   4229.8  1.60000e+03  5.90334e-09
 760.0   4230.6  1.74316e+03  6.43068e-09
 750.0   4232.9  1.89900e+03  7.00227e-09
 740.0   4236.5  2.06701e+03  7.61571e-09
 730.0   4242.0  2.25093e+03  8.28301e-09
 720.0   4246.3  2.44978e+03  9.00604e-09
 710.0   4252.4  2.66810e+03  9.79500e-09
 700.0   4262.2  2.90851e+03  1.06537e-08
 690.0   4277.7  3.17356e+03  1.15826e-08
 680.0   4303.0  3.46927e+03  1.25877e-08
 670.0   4332.4  3.79047e+03  1.36600e-08
 660.0   4366.5  4.14321e+03  1.48148e-08
 650.0   4402.1  4.53200e+03  1.60743e-08
 640.0   4436.9  4.96034e+03  1.74556e-08
 630.0   4470.2  5.43074e+03  1.89688e-08
 620.0   4499.8  5.93912e+03  2.06083e-08
 610.0   4532.1  6.50619e+03  2.24153e-08
 600.0   4559.3  7.10079e+03  2.43187e-08
 590.0   4587.7  7.76633e+03  2.64338e-08
 580.0   4599.7  8.44487e+03  2.86695e-08
 570.0   4617.3  9.19416e+03  3.10951e-08
 560.0   4652.4  1.00190e+04  3.36297e-08
 550.0   4676.2  1.09029e+04  3.64108e-08
 540.0   4684.2  1.18614e+04  3.95456e-08
 530.0   4702.7  1.29462e+04  4.29937e-08
 520.0   4725.6  1.41190e+04  4.66624e-08
 510.0   4751.6  1.53680e+04  5.05132e-08
 500.0   4817.6  1.69246e+04  5.48652e-08
 490.0   4907.7  1.87336e+04  5.96109e-08
 480.0   4963.5  2.06437e+04  6.49495e-08
 470.0   4987.0  2.26807e+04  7.10225e-08
 460.0   4992.6  2.47952e+04  7.75612e-08
 450.0   5000.0  2.70439e+04  8.44731e-08
 440.0   5017.7  2.94058e+04  9.15299e-08
 430.0   5043.9  3.18898e+04  9.87474e-08
 420.0   5076.0  3.45152e+04  1.06204e-07
 410.0   5103.8  3.72449e+04  1.13982e-07
 400.0   5127.7  4.00713e+04  1.22061e-07
 390.0   5150.3  4.29687e+04  1.30316e-07
 380.0   5176.5  4.60677e+04  1.39009e-07
 370.0   5201.7  4.92235e+04  1.47813e-07
 360.0   5229.6  5.25074e+04  1.56834e-07
 350.0   5257.4  5.59135e+04  1.66128e-07
 340.0   5288.5  5.94154e+04  1.75495e-07
 330.0   5323.2  6.29095e+04  1.84602e-07
 320.0   5362.0  6.64177e+04  1.93484e-07
 310.0   5402.9  6.99377e+04  2.02193e-07
 300.0   5442.1  7.31994e+04  2.10090e-07
 290.0   5476.6  7.65035e+04  2.18186e-07
 280.0   5502.2  7.94538e+04  2.25542e-07
 270.0   5543.3  8.30306e+04  2.33943e-07
 260.0   5578.3  8.64647e+04  2.42082e-07
 250.0   5603.9  9.02413e+04  2.51500e-07
 240.0   5634.0  9.37500e+04  2.59879e-07
 230.0   5665.5  9.94162e+04  2.74050e-07
 220.0   5699.1  1.02806e+05  2.81716e-07
 210.0   5752.5  1.08509e+05  2.94578e-07
 200.0   5839.6  1.11909e+05  2.99253e-07
 190.0   5937.1  1.19165e+05  3.13404e-07
 180.0   6025.6  1.24921e+05  3.23692e-07
 170.0   6036.4  1.26933e+05  3.28314e-07
 160.0   6115.7  1.30839e+05  3.34007e-07
 150.0   6244.4  1.33695e+05  3.34223e-07
 140.0   6265.4  1.35078e+05  3.36544e-07
 130.0   6286.8  1.37722e+05  3.41958e-07
 120.0   6310.1  1.42010e+05  3.51296e-07
 110.0   6349.4  1.50286e+05  3.69458e-07
 100.0   6457.9  1.62322e+05  3.92298e-07
  90.0   6557.5  1.73358e+05  4.12570e-07
  80.0   6666.3  1.82854e+05  4.28014e-07
  70.0   6836.0  1.98162e+05  4.52238e-07
  60.0   7029.6  2.14651e+05  4.76237e-07
  50.0   7203.9  2.28114e+05  4.93684e-07
  40.0   7366.8  2.41930e+05  5.11806e-07
  30.0   7536.5  2.53895e+05  5.24761e-07
  20.0   7733.2  2.62891e+05  5.29151e-07
  10.0   7939.9  2.72768e+05  5.34216e-07
   0.0   8162.2  2.83740e+05  5.39893e-07
