1490.0   3015.5  5.72623e-01  2.94058e-12
1480.0   3015.5  6.59477e-01  3.38660e-12
1470.0   3015.5  7.59506e-01  3.90027e-12
1460.0   3015.5  8.74706e-01  4.49186e-12
1450.0   3015.5  1.00738e+00  5.17318e-12
1440.0   3015.5  1.16018e+00  5.95784e-12
1430.0   3015.5  1.33615e+00  6.86151e-12
1420.0   3015.5  1.53882e+00  7.90225e-12
1410.0   3015.5  1.77222e+00  9.10085e-12
1400.0   3015.5  2.04103e+00  1.04813e-11
1390.0   3015.5  2.35061e+00  1.20710e-11
1380.0   3015.5  2.70714e+00  1.39019e-11
1370.0   3015.5  3.11776e+00  1.60106e-11
1360.0   3015.5  3.59066e+00  1.84390e-11
1350.0   3015.5  4.13528e+00  2.12358e-11
1340.0   3015.5  4.76251e+00  2.44568e-11
1330.0   3015.5  5.48488e+00  2.81664e-11
1320.0   3015.5  6.31682e+00  3.24386e-11
1310.0   3015.5  7.27494e+00  3.73589e-11
1300.0   3015.5  8.37839e+00  4.30254e-11
1290.0   3015.5  9.64921e+00  4.95514e-11
1280.0   3015.5  1.11128e+01  5.70673e-11
1270.0   3015.5  1.27984e+01  6.57231e-11
1260.0   3015.5  1.47396e+01  7.56919e-11
1250.0   3015.5  1.69753e+01  8.68441e-11
1240.0   3109.7  1.88459e+01  9.34477e-11
1230.0   3199.7  2.15912e+01  1.04068e-10
1220.0   3250.7  2.42117e+01  1.14936e-10
1210.0   3310.8  2.72681e+01  1.27161e-10
1200.0   3365.1  3.04297e+01  1.39687e-10
1190.0   3420.9  3.39619e+01  1.53424e-10
1180.0   3474.8  3.77240e+01  1.67848e-10
1170.0   3531.7  4.18395e+01  1.83229e-10
1160.0   3587.7  4.62178e+01  1.99307e-10
1150.0   3639.8  5.08357e+01  2.16152e-10
1140.0   3687.9  5.57476e+01  2.34022e-10
1130.0   3738.1  6.12976e+01  2.53943e-10
1120.0   3790.0  6.77405e+01  2.76889e-10
1110.0   3828.9  7.47151e+01  3.02427e-10
1100.0   3839.9  8.14904e+01  3.29077e-10
1090.0   3827.5  8.80316e+01  3.56855e-10
1080.0   3807.4  9.49582e+01  3.87193e-10
1070.0   3795.0  1.03088e+02  4.21939e-10
1060.0   3791.2  1.12628e+02  4.61672e-10
1050.0   3792.5  1.23589e+02  5.06630e-10
1040.0   3797.8  1.36013e+02  5.56985e-10
1030.0   3806.2  1.49964e+02  6.12976e-10
1020.0   3814.9  1.65435e+02  6.74873e-10
1010.0   3821.1  1.82340e+02  7.42852e-10
1000.0   3822.9  2.00587e+02  8.17026e-10
 990.0   3819.5  2.19909e+02  8.96769e-10
 980.0   3812.9  2.40236e+02  9.81587e-10
 970.0   3804.1  2.61438e+02  1.07092e-09
 960.0   3795.6  2.83829e+02  1.16548e-09
 950.0   3789.2  3.07750e+02  1.26609e-09
 940.0   3786.6  3.33552e+02  1.37340e-09
 930.0   3787.8  3.61323e+02  1.48746e-09
 920.0   3792.2  3.91131e+02  1.60849e-09
 910.0   3798.1  4.23019e+02  1.73712e-09
 900.0   3803.9  4.57079e+02  1.87434e-09
 890.0   3808.0  4.93356e+02  2.02110e-09
 880.0   3813.6  5.32773e+02  2.17956e-09
 870.0   3822.4  5.75796e+02  2.35031e-09
 860.0   3835.6  6.23415e+02  2.53610e-09
 850.0   3853.3  6.76646e+02  2.74014e-09
 840.0   3876.9  7.37502e+02  2.96857e-09
 830.0   3908.0  8.08305e+02  3.22780e-09
 820.0   3946.6  8.90862e+02  3.52277e-09
 810.0   3990.2  9.86041e+02  3.85654e-09
 800.0   4034.3  1.09254e+03  4.22631e-09
 790.0   4076.4  1.20918e+03  4.62926e-09
 780.0   4115.9  1.33619e+03  5.06654e-09
 770.0   4156.0  1.47736e+03  5.54789e-09
 760.0   4198.5  1.63509e+03  6.07816e-09
 750.0   4240.9  1.81081e+03  6.66422e-09
 740.0   4281.5  2.00606e+03  7.31277e-09
 730.0   4318.5  2.22046e+03  8.02512e-09
 720.0   4351.8  2.45429e+03  8.80277e-09
 710.0   4380.2  2.70594e+03  9.64264e-09
 700.0   4406.5  2.97782e+03  1.05485e-08
 690.0   4431.8  3.27187e+03  1.15244e-08
 680.0   4459.5  3.59418e+03  1.25812e-08
 670.0   4492.6  3.94960e+03  1.37237e-08
 660.0   4523.8  4.34308e+03  1.49872e-08
 650.0   4549.9  4.78842e+03  1.64297e-08
 640.0   4565.8  5.27858e+03  1.80493e-08
 630.0   4567.9  5.80643e+03  1.98461e-08
 620.0   4554.8  6.36473e+03  2.18183e-08
 610.0   4528.6  6.93309e+03  2.39053e-08
 600.0   4510.2  7.54262e+03  2.61155e-08
 590.0   4511.4  8.20587e+03  2.84058e-08
 580.0   4532.2  8.94706e+03  3.08301e-08
 570.0   4551.3  9.72291e+03  3.33639e-08
 560.0   4565.2  1.05218e+04  3.59967e-08
 550.0   4579.2  1.13705e+04  3.87830e-08
 540.0   4590.9  1.23493e+04  4.20156e-08
 530.0   4570.7  1.33710e+04  4.56978e-08
 520.0   4548.6  1.46062e+04  5.01673e-08
 510.0   4553.0  1.59014e+04  5.45668e-08
 500.0   4626.2  1.74877e+04  5.90581e-08
 490.0   4706.2  1.91975e+04  6.37245e-08
 480.0   4794.2  2.12064e+04  6.90942e-08
 470.0   4883.6  2.34391e+04  7.49653e-08
 460.0   4956.8  2.56919e+04  8.09517e-08
 450.0   5013.0  2.78491e+04  8.67624e-08
 440.0   5049.5  2.98008e+04  9.21731e-08
 430.0   5085.6  3.15972e+04  9.70361e-08
 420.0   5116.5  3.32729e+04  1.01564e-07
 410.0   5153.0  3.51635e+04  1.06575e-07
 400.0   5186.4  3.74152e+04  1.12668e-07
 390.0   5215.8  3.98969e+04  1.19466e-07
 380.0   5233.9  4.24551e+04  1.26688e-07
 370.0   5232.6  4.48895e+04  1.33990e-07
 360.0   5253.1  4.69461e+04  1.39581e-07
 350.0   5328.4  4.98533e+04  1.46125e-07
 340.0   5379.8  5.21037e+04  1.51256e-07
 330.0   5382.0  5.29789e+04  1.53735e-07
 320.0   5482.4  5.38048e+04  1.53256e-07
 310.0   5599.4  5.50771e+04  1.53583e-07
 300.0   5739.4  6.13152e+04  1.66793e-07
 290.0   5780.9  6.76221e+04  1.82630e-07
 280.0   5811.6  7.48934e+04  2.01203e-07
 270.0   5885.7  8.19011e+04  2.17249e-07
 260.0   6019.0  8.87174e+04  2.30101e-07
 250.0   6191.9  9.56486e+04  2.41118e-07
 240.0   6367.0  1.03391e+05  2.53419e-07
 230.0   6562.1  1.12530e+05  2.67557e-07
 220.0   6825.3  1.19711e+05  2.73550e-07
 210.0   7182.9  1.28501e+05  2.78783e-07
 200.0   7314.8  1.34439e+05  2.86291e-07
 190.0   8033.9  1.44002e+05  2.78108e-07
 180.0   9275.0  1.49803e+05  2.45653e-07
 170.0   9935.9  1.54340e+05  2.31014e-07
 160.0   9993.2  1.59284e+05  2.36631e-07
 150.0   9934.3  1.64737e+05  2.47015e-07
 140.0   9890.6  1.71255e+05  2.58611e-07
 130.0   9856.2  1.78745e+05  2.71469e-07
 120.0   9770.5  1.87267e+05  2.88065e-07
 110.0   9729.5  1.96278e+05  3.03878e-07
 100.0   9952.9  2.06250e+05  3.09953e-07
  90.0  10325.3  2.15223e+05  3.07133e-07
  80.0  10716.4  2.24104e+05  3.02157e-07
  70.0  11012.6  2.32742e+05  3.00141e-07
  60.0  11241.0  2.42417e+05  3.01919e-07
  50.0  11359.7  2.51479e+05  3.07747e-07
  40.0  11389.2  2.60834e+05  3.18285e-07
  30.0  11424.2  2.71056e+05  3.29557e-07
  20.0  11475.2  2.82136e+05  3.40914e-07
  10.0  11530.0  2.93783e+05  3.52580e-07
   0.0  11579.5  3.05638e+05  3.64623e-07
