1590.0   5012.8  2.15624e+00  6.66099e-12
1580.0   5012.8  2.34742e+00  7.25159e-12
1570.0   5012.8  2.55555e+00  7.89456e-12
1560.0   5012.8  2.78214e+00  8.59453e-12
1550.0   5012.8  3.02882e+00  9.35657e-12
1540.0   5012.8  3.29737e+00  1.01862e-11
1530.0   5012.8  3.58973e+00  1.10893e-11
1520.0   5012.8  3.90802e+00  1.20726e-11
1510.0   5012.8  4.25452e+00  1.31430e-11
1500.0   5012.8  4.63175e+00  1.43083e-11
1490.0   5012.8  5.04243e+00  1.55770e-11
1480.0   5012.8  5.48952e+00  1.69581e-11
1470.0   5012.8  5.97625e+00  1.84617e-11
1460.0   5012.8  6.50613e+00  2.00986e-11
1450.0   5012.8  7.08300e+00  2.18806e-11
1440.0   5012.8  7.71101e+00  2.38207e-11
1430.0   5012.8  8.39471e+00  2.59328e-11
1420.0   5012.8  9.13903e+00  2.82321e-11
1410.0   5012.8  9.94935e+00  3.07353e-11
1400.0   5012.8  1.08315e+01  3.34605e-11
1390.0   5012.8  1.17919e+01  3.64272e-11
1380.0   5012.8  1.28374e+01  3.96571e-11
1370.0   5012.8  1.39756e+01  4.31733e-11
1360.0   5012.8  1.52148e+01  4.70012e-11
1350.0   5012.8  1.65638e+01  4.65752e-11
1340.0   4525.0  1.63506e+01  5.27438e-11
1330.0   4348.5  1.65921e+01  5.63120e-11
1320.0   4280.2  1.60282e+01  5.53601e-11
1310.0   4144.4  1.56335e+01  5.60740e-11
1300.0   3915.3  1.47268e+01  5.63451e-11
1290.0   3802.7  1.49289e+01  5.91140e-11
1280.0   3775.4  1.60499e+01  6.42378e-11
1270.0   3767.7  1.74640e+01  7.02442e-11
1260.0   3784.6  1.92877e+01  7.74141e-11
1250.0   3804.9  2.13022e+01  8.52200e-11
1240.0   3832.2  2.36029e+01  9.39236e-11
1230.0   3861.6  2.61902e+01  1.03599e-10
1220.0   3897.4  2.92304e+01  1.14742e-10
1210.0   3940.0  3.28629e+01  1.27791e-10
1200.0   3990.1  3.73419e+01  1.43583e-10
1190.0   4045.1  4.28773e+01  1.62850e-10
1180.0   4095.6  4.93434e+01  1.85352e-10
1170.0   4143.6  5.72026e+01  2.12688e-10
1160.0   4170.4  6.57745e+01  2.43335e-10
1150.0   4209.8  7.66587e+01  2.81305e-10
1140.0   4231.6  8.89517e+01  3.25141e-10
1130.0   4253.4  1.04254e+02  3.79573e-10
1120.0   4258.4  1.20074e+02  4.37103e-10
1110.0   4268.4  1.38332e+02  5.02835e-10
1100.0   4272.9  1.57297e+02  5.71574e-10
1090.0   4283.2  1.77069e+02  6.42235e-10
1080.0   4301.3  1.97825e+02  7.14810e-10
1070.0   4325.4  2.19492e+02  7.88939e-10
1060.0   4358.9  2.43116e+02  8.67380e-10
1050.0   4398.7  2.69064e+02  9.51506e-10
1040.0   4446.6  2.98069e+02  1.04293e-09
1030.0   4501.4  3.30879e+02  1.14386e-09
1020.0   4558.3  3.68260e+02  1.25741e-09
1010.0   4616.9  4.11018e+02  1.38580e-09
1000.0   4675.7  4.60030e+02  1.53182e-09
 990.0   4732.1  5.16153e+02  1.69850e-09
 980.0   4785.1  5.79678e+02  1.88671e-09
 970.0   4834.3  6.50030e+02  2.09446e-09
 960.0   4882.3  7.28189e+02  2.32354e-09
 950.0   4927.3  8.14298e+02  2.57492e-09
 940.0   4970.8  9.10231e+02  2.85344e-09
 930.0   5007.6  1.01595e+03  3.16182e-09
 920.0   5035.9  1.13119e+03  3.50120e-09
 910.0   5062.7  1.25973e+03  3.87884e-09
 900.0   5078.8  1.39728e+03  4.28928e-09
 890.0   5087.1  1.54758e+03  4.74345e-09
 880.0   5076.1  1.69337e+03  5.20221e-09
 870.0   5058.1  1.83850e+03  5.66865e-09
 860.0   5025.2  1.97652e+03  6.13466e-09
 850.0   4989.2  2.11984e+03  6.62761e-09
 840.0   4951.6  2.26664e+03  7.14103e-09
 830.0   4919.4  2.42881e+03  7.70257e-09
 820.0   4891.1  2.60357e+03  8.30524e-09
 810.0   4846.5  2.78614e+03  8.97013e-09
 800.0   4801.0  2.99951e+03  9.74942e-09
 790.0   4755.6  3.23398e+03  1.06128e-08
 780.0   4715.8  3.50453e+03  1.15985e-08
 770.0   4681.3  3.81786e+03  1.27292e-08
 760.0   4654.5  4.18517e+03  1.40351e-08
 750.0   4637.9  4.61433e+03  1.55307e-08
 740.0   4630.0  5.10371e+03  1.72083e-08
 730.0   4624.8  5.63900e+03  1.90355e-08
 720.0   4617.0  6.20313e+03  2.09761e-08
 710.0   4605.2  6.79122e+03  2.30248e-08
 700.0   4590.6  7.40040e+03  2.51716e-08
 690.0   4575.5  8.03518e+03  2.74227e-08
 680.0   4561.8  8.70302e+03  2.97933e-08
 670.0   4550.8  9.41292e+03  3.23031e-08
 660.0   4545.4  1.01844e+04  3.49948e-08
 650.0   4546.7  1.10374e+04  3.79167e-08
 640.0   4556.7  1.20003e+04  4.11362e-08
 630.0   4576.0  1.31012e+04  4.47223e-08
 620.0   4603.3  1.43589e+04  4.87266e-08
 610.0   4635.4  1.57736e+04  5.31581e-08
 600.0   4669.2  1.73364e+04  5.80030e-08
 590.0   4704.1  1.90594e+04  6.32947e-08
 580.0   4742.7  2.09670e+04  6.90638e-08
 570.0   4789.3  2.31130e+04  7.53897e-08
 560.0   4842.5  2.55260e+04  8.23449e-08
 550.0   4896.5  2.81970e+04  8.99548e-08
 540.0   4945.8  3.10711e+04  9.81346e-08
 530.0   4993.6  3.41442e+04  1.06807e-07
 520.0   5041.2  3.73921e+04  1.15861e-07
 510.0   5089.1  4.07950e+04  1.25215e-07
 500.0   5143.0  4.43928e+04  1.34830e-07
 490.0   5205.8  4.83103e+04  1.44953e-07
 480.0   5272.1  5.25392e+04  1.55656e-07
 470.0   5340.8  5.70024e+04  1.66702e-07
 460.0   5418.1  6.15989e+04  1.77567e-07
 450.0   5518.7  6.64542e+04  1.88054e-07
 440.0   5647.5  7.15721e+04  1.97893e-07
 430.0   5791.8  7.67415e+04  2.06878e-07
 420.0   5949.2  8.19807e+04  2.15129e-07
 410.0   6122.3  8.73325e+04  2.22662e-07
 400.0   6337.7  9.31956e+04  2.29486e-07
 390.0   6635.5  1.00216e+05  2.35602e-07
 380.0   7065.4  1.04900e+05  2.31399e-07
 370.0   8047.7  1.04917e+05  2.02033e-07
 360.0   9312.2  1.04169e+05  1.69060e-07
 350.0   9974.6  1.06933e+05  1.57626e-07
 340.0  10216.9  1.12547e+05  1.60019e-07
 330.0  10356.6  1.19043e+05  1.65859e-07
 320.0  10443.2  1.25967e+05  1.73451e-07
 310.0  10521.2  1.32838e+05  1.81013e-07
 300.0  10590.0  1.39855e+05  1.88865e-07
 290.0  10655.3  1.46801e+05  1.96554e-07
 280.0  10721.2  1.53969e+05  2.04362e-07
 270.0  10789.0  1.61379e+05  2.12269e-07
 260.0  10859.0  1.68908e+05  2.20084e-07
 250.0  10924.8  1.76455e+05  2.27902e-07
 240.0  10971.8  1.83529e+05  2.35659e-07
 230.0  10982.9  1.90012e+05  2.43956e-07
 220.0  10956.2  1.95933e+05  2.53026e-07
 210.0  10906.4  2.01149e+05  2.62166e-07
 200.0  10872.2  2.06243e+05  2.70556e-07
 190.0  10873.4  2.11765e+05  2.78052e-07
 180.0  10894.8  2.18535e+05  2.86346e-07
 170.0  10916.5  2.26327e+05  2.95974e-07
 160.0  10936.8  2.34737e+05  3.06462e-07
 150.0  10964.0  2.43850e+05  3.17532e-07
 140.0  11004.9  2.53636e+05  3.28734e-07
 130.0  11053.2  2.63244e+05  3.39174e-07
 120.0  11101.1  2.72574e+05  3.49110e-07
 110.0  11153.0  2.82692e+05  3.59716e-07
 100.0  11207.1  2.93485e+05  3.70917e-07
  90.0  11263.0  3.04698e+05  3.82376e-07
  80.0  11320.6  3.16083e+05  3.93753e-07
  70.0  11377.9  3.27307e+05  4.04746e-07
  60.0  11424.2  3.38947e+05  4.16809e-07
  50.0  11458.1  3.49649e+05  4.28357e-07
  40.0  11487.9  3.60942e+05  4.40832e-07
  30.0  11537.6  3.74227e+05  4.54332e-07
  20.0  11579.9  3.87697e+05  4.68395e-07
  10.0  11577.1  4.03822e+05  4.89074e-07
   0.0  11561.0  4.19959e+05  5.10845e-07
