3470.0   3015.5  5.72623e-01  2.94058e-12
3460.0   3015.5  6.59477e-01  3.38660e-12
3450.0   3015.5  7.59506e-01  3.90027e-12
3440.0   3015.5  8.74706e-01  4.49186e-12
3430.0   3015.5  1.00738e+00  5.17318e-12
3420.0   3015.5  1.16018e+00  5.95784e-12
3410.0   3015.5  1.33615e+00  6.86151e-12
3400.0   3015.5  1.53882e+00  7.90225e-12
3390.0   3015.5  1.77222e+00  9.10085e-12
3380.0   3015.5  2.04103e+00  1.04813e-11
3370.0   3015.5  2.35061e+00  1.20710e-11
3360.0   3015.5  2.70714e+00  1.39019e-11
3350.0   3015.5  3.11776e+00  1.60106e-11
3340.0   3015.5  3.59066e+00  1.84390e-11
3330.0   3015.5  4.13528e+00  2.12358e-11
3320.0   3015.5  4.76251e+00  2.44568e-11
3310.0   3015.5  5.48488e+00  2.81664e-11
3300.0   3015.5  6.31682e+00  3.24386e-11
3290.0   3015.5  7.27494e+00  3.73589e-11
3280.0   3015.5  8.37839e+00  4.30254e-11
3270.0   3015.5  9.64921e+00  4.95514e-11
3260.0   3015.5  1.11128e+01  5.70673e-11
3250.0   3015.5  1.27984e+01  6.57231e-11
3240.0   3015.5  1.47396e+01  7.56919e-11
3230.0   3015.5  1.69753e+01  8.68441e-11
3220.0   3109.7  1.88459e+01  9.34477e-11
3210.0   3199.7  2.15912e+01  1.04068e-10
3200.0   3250.7  2.42117e+01  1.14936e-10
3190.0   3310.8  2.72681e+01  1.27161e-10
3180.0   3365.1  3.04297e+01  1.39687e-10
3170.0   3420.9  3.39619e+01  1.53424e-10
3160.0   3474.8  3.77240e+01  1.67848e-10
3150.0   3531.7  4.18395e+01  1.83229e-10
3140.0   3587.7  4.62178e+01  1.99307e-10
3130.0   3639.8  5.08357e+01  2.16152e-10
3120.0   3687.9  5.57476e+01  2.34022e-10
3110.0   3738.1  6.12976e+01  2.53943e-10
3100.0   3790.0  6.77405e+01  2.76889e-10
3090.0   3828.9  7.47151e+01  3.02427e-10
3080.0   3839.9  8.14904e+01  3.29077e-10
3070.0   3827.5  8.80316e+01  3.56855e-10
3060.0   3807.4  9.49582e+01  3.87193e-10
3050.0   3795.0  1.03088e+02  4.21939e-10
3040.0   3791.2  1.12628e+02  4.61672e-10
3030.0   3792.5  1.23589e+02  5.06630e-10
3020.0   3797.8  1.36013e+02  5.56985e-10
3010.0   3806.2  1.49964e+02  6.12976e-10
3000.0   3814.9  1.65435e+02  6.74873e-10
2990.0   3821.1  1.82340e+02  7.42852e-10
2980.0   3822.9  2.00587e+02  8.17026e-10
2970.0   3819.5  2.19909e+02  8.96769e-10
2960.0   3812.9  2.40236e+02  9.81587e-10
2950.0   3804.1  2.61438e+02  1.07092e-09
2940.0   3795.6  2.83829e+02  1.16548e-09
2930.0   3789.2  3.07750e+02  1.26609e-09
2920.0   3786.6  3.33552e+02  1.37340e-09
2910.0   3787.8  3.61323e+02  1.48746e-09
2900.0   3792.2  3.91131e+02  1.60849e-09
2890.0   3798.1  4.23019e+02  1.73712e-09
2880.0   3803.9  4.57079e+02  1.87434e-09
2870.0   3808.0  4.93356e+02  2.02110e-09
2860.0   3813.6  5.32773e+02  2.17956e-09
2850.0   3822.4  5.75796e+02  2.35031e-09
2840.0   3835.6  6.23415e+02  2.53610e-09
2830.0   3853.3  6.76646e+02  2.74014e-09
2820.0   3876.9  7.37502e+02  2.96857e-09
2810.0   3908.0  8.08305e+02  3.22780e-09
2800.0   3946.6  8.90862e+02  3.52277e-09
2790.0   3990.2  9.86041e+02  3.85654e-09
2780.0   4034.3  1.09254e+03  4.22631e-09
2770.0   4076.4  1.20918e+03  4.62926e-09
2760.0   4115.9  1.33619e+03  5.06654e-09
2750.0   4156.0  1.47736e+03  5.54789e-09
2740.0   4198.5  1.63509e+03  6.07816e-09
2730.0   4240.9  1.81081e+03  6.66422e-09
2720.0   4281.5  2.00606e+03  7.31277e-09
2710.0   4318.5  2.22046e+03  8.02512e-09
2700.0   4351.8  2.45429e+03  8.80277e-09
2690.0   4380.2  2.70594e+03  9.64264e-09
2680.0   4406.5  2.97782e+03  1.05485e-08
2670.0   4431.8  3.27187e+03  1.15244e-08
2660.0   4459.5  3.59418e+03  1.25812e-08
2650.0   4492.6  3.94960e+03  1.37237e-08
2640.0   4523.8  4.34308e+03  1.49872e-08
2630.0   4549.9  4.78842e+03  1.64297e-08
2620.0   4565.8  5.27858e+03  1.80493e-08
2610.0   4567.9  5.80643e+03  1.98461e-08
2600.0   4554.8  6.36473e+03  2.18183e-08
2590.0   4528.6  6.93309e+03  2.39053e-08
2580.0   4510.2  7.54262e+03  2.61155e-08
2570.0   4511.4  8.20587e+03  2.84058e-08
2560.0   4532.2  8.94706e+03  3.08301e-08
2550.0   4551.3  9.72291e+03  3.33639e-08
2540.0   4565.2  1.05218e+04  3.59967e-08
2530.0   4579.2  1.13705e+04  3.87830e-08
2520.0   4590.9  1.23493e+04  4.20156e-08
2510.0   4570.7  1.33710e+04  4.56978e-08
2500.0   4548.6  1.46062e+04  5.01673e-08
2490.0   4553.0  1.59014e+04  5.45668e-08
2480.0   4626.2  1.74877e+04  5.90581e-08
2470.0   4706.2  1.91975e+04  6.37245e-08
2460.0   4794.2  2.12064e+04  6.90942e-08
2450.0   4883.6  2.34391e+04  7.49653e-08
2440.0   4956.8  2.56919e+04  8.09517e-08
2430.0   5013.0  2.78491e+04  8.67624e-08
2420.0   5049.5  2.98008e+04  9.21731e-08
2410.0   5085.6  3.15972e+04  9.70361e-08
2400.0   5116.5  3.32729e+04  1.01564e-07
2390.0   5153.0  3.51635e+04  1.06575e-07
2380.0   5186.4  3.74152e+04  1.12668e-07
2370.0   5215.8  3.98969e+04  1.19466e-07
2360.0   5233.9  4.24551e+04  1.26688e-07
2350.0   5232.6  4.48895e+04  1.33990e-07
2340.0   5253.1  4.69461e+04  1.39581e-07
2330.0   5328.4  4.98533e+04  1.46125e-07
2320.0   5379.8  5.21037e+04  1.51256e-07
2310.0   5382.0  5.29789e+04  1.53735e-07
2300.0   5482.4  5.38048e+04  1.53256e-07
2290.0   5599.4  5.50771e+04  1.53583e-07
2280.0   5739.4  6.13152e+04  1.66793e-07
2270.0   5780.9  6.76221e+04  1.82630e-07
2260.0   5811.6  7.48934e+04  2.01203e-07
2250.0   5885.7  8.19011e+04  2.17249e-07
2240.0   6019.0  8.87174e+04  2.30101e-07
2230.0   6191.9  9.56486e+04  2.41118e-07
2220.0   6367.0  1.03391e+05  2.53419e-07
2210.0   6562.1  1.12530e+05  2.67557e-07
2200.0   6825.3  1.19711e+05  2.73550e-07
2190.0   7182.9  1.28501e+05  2.78783e-07
2180.0   7314.8  1.34439e+05  2.86291e-07
2170.0   8033.9  1.44002e+05  2.78108e-07
2160.0   9275.0  1.49803e+05  2.45653e-07
2150.0   9935.9  1.54340e+05  2.31014e-07
2140.0   9993.2  1.59284e+05  2.36631e-07
2130.0   9934.3  1.64737e+05  2.47015e-07
2120.0   9890.6  1.71255e+05  2.58611e-07
2110.0   9856.2  1.78745e+05  2.71469e-07
2100.0   9770.5  1.87267e+05  2.88065e-07
2090.0   9729.5  1.96278e+05  3.03878e-07
2080.0   9952.9  2.06250e+05  3.09953e-07
2070.0  10325.3  2.15223e+05  3.07133e-07
2060.0  10716.4  2.24104e+05  3.02157e-07
2050.0  11012.6  2.32742e+05  3.00141e-07
2040.0  11241.0  2.42417e+05  3.01919e-07
2030.0  11359.7  2.51479e+05  3.07747e-07
2020.0  11389.2  2.60834e+05  3.18285e-07
2010.0  11424.2  2.71056e+05  3.29557e-07
2000.0  11475.2  2.82136e+05  3.40914e-07
1990.0  11530.0  2.93783e+05  3.52580e-07
1980.0  11579.5  3.05638e+05  3.64623e-07
1970.0  11630.4  3.18358e+05  3.77481e-07
1960.0  11679.0  3.30811e+05  3.89957e-07
1950.0  11730.1  3.44149e+05  4.03200e-07
1940.0  11776.9  3.56638e+05  4.15505e-07
1930.0  11826.2  3.70150e+05  4.28737e-07
1920.0  11871.5  3.82996e+05  4.41248e-07
1910.0  11919.5  3.97138e+05  4.54954e-07
1900.0  11962.8  4.10426e+05  4.67779e-07
1890.0  12007.9  4.24727e+05  4.81508e-07
1880.0  12049.9  4.38443e+05  4.94608e-07
1870.0  12093.8  4.53231e+05  5.08657e-07
1860.0  12135.7  4.67820e+05  5.22470e-07
1850.0  12179.2  4.83479e+05  5.37241e-07
1840.0  12222.0  4.99222e+05  5.52009e-07
1830.0  12266.6  5.15842e+05  5.67477e-07
1820.0  12310.7  5.32537e+05  5.82891e-07
1810.0  12355.3  5.49743e+05  5.98626e-07
1800.0  12399.6  5.67429e+05  6.14742e-07
1790.0  12444.9  5.86179e+05  6.31757e-07
1780.0  12489.2  6.05371e+05  6.49144e-07
1770.0  12532.4  6.24850e+05  6.66753e-07
1760.0  12574.7  6.44146e+05  6.84042e-07
1750.0  12616.9  6.63748e+05  7.01466e-07
1740.0  12659.1  6.83660e+05  7.19062e-07
1730.0  12701.4  7.04073e+05  7.37010e-07
1720.0  12743.5  7.24838e+05  7.55181e-07
1710.0  12784.7  7.45688e+05  7.73353e-07
1700.0  12824.4  7.66575e+05  7.91523e-07
1690.0  12862.7  7.87547e+05  8.09757e-07
1680.0  12900.3  8.09062e+05  8.28470e-07
1670.0  12937.8  8.31472e+05  8.47967e-07
1660.0  12975.2  8.54716e+05  8.68173e-07
1650.0  13012.2  8.78702e+05  8.89029e-07
1640.0  13048.4  9.03344e+05  9.10511e-07
1630.0  13083.2  9.28379e+05  9.32416e-07
1620.0  13117.7  9.53936e+05  9.54729e-07
1610.0  13152.6  9.79978e+05  9.77335e-07
1600.0  13189.1  1.00652e+06  1.00004e-06
1590.0  13227.8  1.03359e+06  1.02276e-06
1580.0  13268.2  1.06111e+06  1.04540e-06
1570.0  13309.0  1.08896e+06  1.06806e-06
1560.0  13348.3  1.11739e+06  1.09131e-06
1550.0  13384.8  1.14615e+06  1.11513e-06
1540.0  13420.8  1.17608e+06  1.14004e-06
1530.0  13458.8  1.20681e+06  1.16515e-06
1520.0  13501.5  1.23940e+06  1.19104e-06
1510.0  13547.6  1.27273e+06  1.21673e-06
1500.0  13595.9  1.30682e+06  1.24245e-06
1490.0  13643.8  1.34142e+06  1.26843e-06
1480.0  13686.7  1.37629e+06  1.29536e-06
1470.0  13727.8  1.41270e+06  1.32397e-06
1460.0  13768.0  1.44903e+06  1.35238e-06
1450.0  13809.4  1.48749e+06  1.38237e-06
1440.0  13849.6  1.52610e+06  1.41242e-06
1430.0  13890.4  1.56581e+06  1.44309e-06
1420.0  13930.9  1.60574e+06  1.47370e-06
1410.0  13970.1  1.64571e+06  1.50430e-06
1400.0  14008.5  1.68621e+06  1.53527e-06
1390.0  14046.1  1.72687e+06  1.56627e-06
1380.0  14083.7  1.76825e+06  1.59769e-06
1370.0  14121.1  1.81024e+06  1.62942e-06
1360.0  14158.9  1.85350e+06  1.66199e-06
1350.0  14197.0  1.89811e+06  1.69550e-06
1340.0  14235.6  1.94433e+06  1.73013e-06
1330.0  14274.7  1.99161e+06  1.76536e-06
1320.0  14314.4  2.04067e+06  1.80182e-06
1310.0  14353.9  2.09129e+06  1.83943e-06
1300.0  14393.5  2.14381e+06  1.87843e-06
1290.0  14433.1  2.19769e+06  1.91833e-06
1280.0  14472.6  2.25280e+06  1.95898e-06
1270.0  14512.3  2.30913e+06  2.00027e-06
1260.0  14552.1  2.36716e+06  2.04271e-06
1250.0  14592.3  2.42694e+06  2.08621e-06
1240.0  14633.1  2.48848e+06  2.13071e-06
1230.0  14673.6  2.55046e+06  2.17527e-06
1220.0  14713.7  2.61334e+06  2.22034e-06
1210.0  14752.6  2.67486e+06  2.26416e-06
1200.0  14791.2  2.73666e+06  2.30799e-06
1190.0  14827.8  2.79695e+06  2.35073e-06
1180.0  14862.9  2.85664e+06  2.39317e-06
1170.0  14895.0  2.91360e+06  2.43381e-06
1160.0  14923.4  2.96665e+06  2.47189e-06
1150.0  14954.3  3.01625e+06  2.50564e-06
1140.0  14993.4  3.07537e+06  2.54466e-06
1130.0  15037.2  3.15434e+06  2.59936e-06
1120.0  15078.6  3.24193e+06  2.66203e-06
1110.0  15119.8  3.33260e+06  2.72691e-06
1100.0  15153.5  3.40657e+06  2.77933e-06
1090.0  15192.9  3.48851e+06  2.83607e-06
1080.0  15232.7  3.56645e+06  2.88858e-06
1070.0  15277.2  3.65370e+06  2.94677e-06
1060.0  15320.8  3.73762e+06  3.00183e-06
1050.0  15368.3  3.82924e+06  3.06140e-06
1040.0  15412.8  3.91639e+06  3.11780e-06
1030.0  15460.9  4.01020e+06  3.17785e-06
1020.0  15510.5  4.10080e+06  3.23374e-06
1010.0  15554.8  4.18758e+06  3.28804e-06
1000.0  15597.6  4.27761e+06  3.34520e-06
 990.0  15637.8  4.36706e+06  3.40249e-06
 980.0  15666.7  4.45512e+06  3.46356e-06
 970.0  15687.2  4.54466e+06  3.52966e-06
 960.0  15707.2  4.64148e+06  3.60189e-06
 950.0  15733.5  4.74352e+06  3.67504e-06
 940.0  15768.1  4.84962e+06  3.74680e-06
 930.0  15808.0  4.95491e+06  3.81457e-06
 920.0  15853.0  5.06034e+06  3.87907e-06
 910.0  15904.3  5.16580e+06  3.93940e-06
 900.0  15957.8  5.27339e+06  3.99958e-06
 890.0  16006.1  5.38313e+06  4.06376e-06
 880.0  16050.0  5.49232e+06  4.12925e-06
 870.0  16095.2  5.60578e+06  4.19692e-06
 860.0  16140.9  5.71949e+06  4.26381e-06
 850.0  16187.5  5.83803e+06  4.33334e-06
 840.0  16230.1  5.95129e+06  4.40015e-06
 830.0  16271.8  6.07056e+06  4.47171e-06
 820.0  16311.6  6.18859e+06  4.54270e-06
 810.0  16351.0  6.30829e+06  4.61454e-06
 800.0  16387.7  6.42708e+06  4.68678e-06
 790.0  16419.1  6.54789e+06  4.76339e-06
 780.0  16446.3  6.67977e+06  4.85109e-06
 770.0  16469.5  6.80944e+06  4.93917e-06
 760.0  16493.9  6.94797e+06  5.03315e-06
 750.0  16523.3  7.09222e+06  5.12784e-06
 740.0  16567.3  7.23788e+06  5.21286e-06
 730.0  16619.9  7.37900e+06  5.28747e-06
 720.0  16671.9  7.52249e+06  5.36335e-06
 710.0  16714.9  7.66158e+06  5.44153e-06
 700.0  16753.7  7.80239e+06  5.52338e-06
 690.0  16792.8  7.94567e+06  5.60638e-06
 680.0  16834.0  8.09123e+06  5.68885e-06
 670.0  16878.2  8.24249e+06  5.77270e-06
 660.0  16918.6  8.39236e+06  5.85755e-06
 650.0  16958.9  8.55499e+06  5.95148e-06
 640.0  16998.1  8.71444e+06  6.04293e-06
 630.0  17039.6  8.88904e+06  6.14335e-06
 620.0  17078.4  9.05816e+06  6.24077e-06
 610.0  17116.6  9.23534e+06  6.34399e-06
 600.0  17152.9  9.40225e+06  6.44013e-06
 590.0  17194.1  9.58726e+06  6.54504e-06
 580.0  17237.7  9.77193e+06  6.64660e-06
 570.0  17287.1  9.97258e+06  6.75423e-06
 560.0  17327.0  1.01580e+07  6.85769e-06
 550.0  17365.8  1.03460e+07  6.96323e-06
 540.0  17401.9  1.05276e+07  7.06570e-06
 530.0  17440.2  1.07172e+07  7.17134e-06
 520.0  17479.8  1.09059e+07  7.27444e-06
 510.0  17517.6  1.10997e+07  7.38217e-06
 500.0  17553.9  1.12949e+07  7.49177e-06
 490.0  17576.6  1.14892e+07  7.61298e-06
 480.0  17594.5  1.16819e+07  7.73712e-06
 470.0  17626.0  1.18944e+07  7.86189e-06
 460.0  17670.4  1.20742e+07  7.94922e-06
 450.0  17740.4  1.22793e+07  8.02817e-06
 440.0  17800.9  1.24493e+07  8.09004e-06
 430.0  17835.8  1.26313e+07  8.18543e-06
 420.0  17859.7  1.28030e+07  8.28399e-06
 410.0  17893.5  1.30061e+07  8.39436e-06
 400.0  17937.3  1.32423e+07  8.51693e-06
 390.0  17994.8  1.35129e+07  8.64822e-06
 380.0  18056.6  1.37888e+07  8.77710e-06
 370.0  18111.5  1.40769e+07  8.92014e-06
 360.0  18162.4  1.43624e+07  9.06420e-06
 350.0  18209.3  1.46311e+07  9.19949e-06
 340.0  18254.3  1.48996e+07  9.33559e-06
 330.0  18302.2  1.51796e+07  9.47516e-06
 320.0  18350.7  1.54636e+07  9.61556e-06
 310.0  18401.9  1.57552e+07  9.75686e-06
 300.0  18444.3  1.60431e+07  9.90468e-06
 290.0  18482.5  1.63280e+07  1.00545e-05
 280.0  18519.6  1.66127e+07  1.02045e-05
 270.0  18548.7  1.68762e+07  1.03487e-05
 260.0  18577.7  1.71471e+07  1.04973e-05
 250.0  18607.0  1.74089e+07  1.06384e-05
 240.0  18642.8  1.76859e+07  1.07808e-05
 230.0  18687.0  1.79650e+07  1.09128e-05
 220.0  18738.3  1.82642e+07  1.10479e-05
 210.0  18784.8  1.85655e+07  1.11892e-05
 200.0  18823.8  1.88711e+07  1.13419e-05
 190.0  18862.9  1.91832e+07  1.14976e-05
 180.0  18902.8  1.94749e+07  1.16375e-05
 170.0  18950.4  1.98014e+07  1.17891e-05
 160.0  18997.8  2.01164e+07  1.19318e-05
 150.0  19048.6  2.04610e+07  1.20880e-05
 140.0  19095.4  2.08075e+07  1.22495e-05
 130.0  19127.4  2.11637e+07  1.24366e-05
 120.0  19186.4  2.15118e+07  1.25793e-05
 110.0  19300.3  2.18551e+07  1.26386e-05
 100.0  19345.2  2.22001e+07  1.27955e-05
  90.0  19366.8  2.25482e+07  1.29870e-05
  80.0  19390.5  2.29069e+07  1.31820e-05
  70.0  19420.3  2.32696e+07  1.33699e-05
  60.0  19457.8  2.36357e+07  1.35474e-05
  50.0  19498.5  2.39927e+07  1.37130e-05
  40.0  19544.1  2.43538e+07  1.38725e-05
  30.0  19571.4  2.47128e+07  1.40574e-05
  20.0  19596.8  2.50979e+07  1.42611e-05
  10.0  19626.7  2.55124e+07  1.44751e-05
   0.0  19689.1  2.59300e+07  1.46376e-05
