      200.000     0.000000
      250.000     0.000000
      303.000     0.000000
      350.000     0.000000
      400.000     0.000000
      450.000     0.000000
      500.000   0.00540664
      550.000   0.00589913
      600.000   0.00637810
      650.000   0.00686718
      700.000   0.00737612
      750.000   0.00790353
      800.000   0.00844380
      810.000   0.00855383
      820.000   0.00866387
      830.000   0.00877390
      840.000   0.00888394
      850.000   0.00899397
      860.000   0.00910400
      870.000   0.00921460
      880.000   0.00932541
      890.000   0.00943621
      900.000   0.00954702
      920.000   0.00976752
      930.000   0.00987755
      940.000   0.00998758
      950.000    0.0100976
      960.000    0.0102065
      970.000    0.0103149
      980.000    0.0104233
      990.000    0.0105317
      1000.00    0.0106402
      1020.00    0.0108529
      1030.00    0.0109585
      1040.00    0.0110641
      1050.00    0.0111697
      1060.00    0.0112753
      1070.00    0.0113777
      1080.00    0.0114777
      1090.00    0.0115777
      1110.00    0.0117777
      1120.00    0.0118777
      1130.00    0.0119777
      1140.00    0.0120741
      1150.00    0.0121705
      1160.00    0.0122668
      1170.00    0.0123632
      1180.00    0.0124595
      1190.00    0.0125559
      1210.00    0.0127443
      1220.00    0.0128323
      1230.00    0.0129202
      1250.00    0.0130960
      1260.00    0.0131839
      1270.00    0.0132719
      1280.00    0.0133598
      1290.00    0.0134477
      1300.00    0.0135263
      1310.00    0.0136046
      1327.15    0.0137389
      1329.81    0.0137598
      1340.00    0.0138396
      1350.00    0.0139179
      1360.00    0.0139962
      1370.00    0.0140746
      1380.00    0.0141529
      1390.00    0.0142298
      1400.00    0.0142979
      1410.00    0.0143660
      1420.00    0.0144341
      1430.00    0.0145022
      1440.00    0.0145703
      1450.00    0.0146384
      1460.00    0.0147066
      1470.00    0.0147747
      1480.00    0.0148428
      1490.00    0.0149109
      1500.00    0.0149790
      1510.00    0.0150369
      1540.00    0.0151967
      1550.00    0.0152500
      1560.00    0.0153033
      1580.00    0.0154099
      1600.00    0.0155165
      1610.00    0.0155698
      1650.00    0.0157645
      1660.00    0.0158022
      1670.00    0.0158399
      1690.00    0.0159153
      1700.00    0.0159530
      1710.00    0.0159907
      1720.00    0.0160285
      1730.00    0.0160662
      1740.00    0.0161039
      1750.00    0.0161416
      1760.00    0.0161793
      1770.00    0.0162170
      1780.00    0.0162547
      1800.00    0.0163300
      1810.00    0.0163483
      1820.00    0.0163665
      1830.00    0.0163848
      1840.00    0.0164030
      1850.00    0.0164213
      1860.00    0.0164395
      1871.61    0.0164607
      1875.35    0.0164676
      1880.00    0.0164760
      1890.00    0.0164943
      1900.00    0.0165125
      1910.00    0.0165308
      1920.00    0.0165490
      1930.00    0.0165673
      1940.00    0.0165855
      1970.00    0.0166403
      1980.00    0.0166586
      2000.00    0.0166888
      2010.00    0.0166843
      2020.00    0.0166798
      2040.00    0.0166709
      2060.00    0.0166619
      2090.00    0.0166485
      2100.00    0.0166440
      2110.00    0.0166395
      2120.00    0.0166351
      2130.00    0.0166306
      2140.00    0.0166261
      2150.00    0.0166216
      2160.00    0.0166172
      2170.00    0.0166127
      2180.00    0.0166082
      2200.00    0.0165993
      2210.00    0.0165948
      2220.00    0.0165903
      2230.00    0.0165858
      2240.00    0.0165814
      2280.00    0.0164720
      2290.00    0.0164427
      2300.00    0.0164135
      2310.00    0.0163843
      2320.00    0.0163551
      2330.00    0.0163258
      2340.00    0.0162966
      2350.00    0.0162674
      2360.00    0.0162382
      2370.00    0.0162089
      2380.00    0.0161797
      2390.00    0.0161505
      2400.00    0.0161213
      2420.00    0.0160628
      2430.00    0.0160336
      2440.00    0.0160044
      2450.00    0.0159751
      2460.00    0.0159459
      2470.00    0.0159167
      2480.00    0.0158875
      2490.00    0.0158582
      2500.00    0.0158290
      2530.00    0.0157413
      2540.00    0.0157121
      2550.00    0.0156829
      2560.00    0.0156478
      2570.00    0.0155915
      2580.00    0.0155353
      2590.00    0.0154790
      2610.00    0.0153664
      2620.00    0.0153102
      2630.00    0.0152539
      2640.00    0.0151976
      2650.00    0.0151413
      2660.00    0.0150851
      2670.00    0.0150288
      2680.00    0.0149725
      2690.00    0.0149162
      2700.00    0.0148600
      2710.00    0.0148037
      2720.00    0.0147474
      2730.00    0.0146911
      2740.00    0.0146348
      2750.00    0.0145786
      2760.00    0.0145223
      2770.00    0.0144660
      2780.00    0.0144097
      2790.00    0.0143535
      2800.00    0.0142972
      2810.00    0.0142409
      2820.00    0.0141846
      2830.00    0.0141284
      2840.00    0.0140721
      2850.00    0.0140158
      2880.00    0.0138470
      2890.00    0.0137907
      2900.00    0.0137344
      2910.00    0.0136782
      2950.00    0.0134531
      2960.00    0.0133968
      2970.00    0.0133405
      2980.00    0.0132740
      2990.00    0.0131955
      3000.00    0.0131169
      3010.00    0.0130383
      3020.00    0.0129598
      3030.00    0.0128812
      3040.00    0.0128026
      3050.00    0.0127241
      3060.00    0.0126455
      3070.00    0.0125669
      3080.00    0.0124884
      3090.00    0.0124098
      3120.00    0.0121741
      3140.00    0.0120170
      3150.00    0.0119384
      3160.00    0.0118598
      3170.00    0.0117813
      3180.00    0.0117027
      3190.00    0.0116241
      3200.00    0.0115456
      3210.00    0.0114670
      3220.00    0.0113884
      3230.00    0.0113099
      3240.00    0.0112313
      3250.00    0.0111528
      3260.00    0.0110742
      3270.00    0.0109956
      3280.00    0.0109171
      3290.00    0.0108385
      3300.00    0.0107599
      3310.00    0.0106814
      3320.00    0.0106028
      3330.00    0.0105242
      3340.00    0.0104457
      3350.00    0.0103671
      3360.00    0.0102885
      3370.00    0.0102100
      3380.00    0.0101314
      3420.00   0.00981714
      3450.00   0.00958144
      3460.00   0.00950288
      3470.00   0.00942431
      3480.00   0.00934575
      3490.00   0.00926718
      3500.00   0.00918861
      3510.00   0.00911005
      3520.00   0.00903148
      3530.00   0.00895292
      3540.00   0.00887435
      3550.00   0.00879579
      3560.00   0.00871766
      3570.00   0.00864016
      3580.00   0.00856266
      3590.00   0.00848517
      3600.00   0.00840767
      3610.00   0.00833018
      3620.00   0.00825268
      3630.00   0.00817519
      3660.00   0.00794270
      3670.00   0.00786521
      3690.00   0.00771022
      3700.00   0.00763272
      3710.00   0.00755522
      3720.00   0.00747773
      3730.00   0.00740023
      3740.00   0.00732274
      3770.00   0.00709025
      3780.00   0.00701276
      3790.00   0.00693526
      3800.00   0.00685777
      3810.00   0.00678027
      3820.00   0.00670278
      3830.00   0.00662528
      3840.00   0.00654778
      3860.00   0.00639279
      3870.00   0.00631530
      3890.00   0.00616031
      3900.00   0.00608281
      3910.00   0.00600532
      3920.00   0.00592782
      3930.00   0.00585033
      3940.00   0.00577283
      3950.00   0.00569533
      3960.00   0.00561784
      3970.00   0.00554034
      3980.00   0.00546285
      3990.00   0.00538535
      4000.00   0.00530786
      4010.00   0.00523036
      4020.00   0.00515287
      4030.00   0.00507537
      4050.00   0.00492038
      4110.00   0.00445541
      4120.00   0.00437791
      4130.00   0.00430042
      4140.00   0.00422292
      4150.00   0.00414543
      4160.00   0.00406793
      4170.00   0.00399044
      4180.00   0.00391294
      4190.00   0.00383544
      4200.00   0.00375795
      4210.00   0.00368045
      4220.00   0.00360296
      4230.00   0.00352546
      4240.00   0.00344797
      4250.00   0.00337047
      4260.00   0.00329298
      4270.00   0.00321548
      4280.00   0.00313799
      4290.00   0.00306049
      4300.00   0.00298300
      4310.00   0.00290550
      4320.00   0.00282801
      4330.00   0.00275051
      4340.00   0.00267301
      4350.00   0.00259552
      4360.00   0.00251802
      4370.00   0.00244053
      4380.00   0.00236303
      4390.00   0.00228554
      4400.00   0.00220804
      4410.00   0.00213055
      4420.00   0.00207285
      4430.00   0.00209154
      4440.00   0.00211024
      4450.00   0.00212894
      4460.00   0.00214764
      4470.00   0.00216633
      4480.00   0.00218503
      4490.00   0.00220373
      4500.00   0.00222242
      4510.00   0.00224112
      4520.00   0.00225982
      4530.00   0.00227851
      4540.00   0.00229721
      4560.00   0.00233460
      4570.00   0.00235330
      4580.00   0.00237200
      4590.00   0.00239069
      4600.00   0.00240939
      4610.00   0.00242809
      4620.00   0.00244679
      4630.00   0.00246548
      4640.00   0.00248418
      4650.00   0.00250288
      4660.00   0.00252157
      4670.00   0.00254027
      4680.00   0.00255897
      4690.00   0.00257766
      4700.00   0.00259636
      4710.00   0.00261506
      4720.00   0.00263375
      4730.00   0.00265245
      4740.00   0.00267115
      4750.00   0.00268984
      4760.00   0.00270854
      4770.00   0.00272724
      4780.00   0.00274594
      4790.00   0.00276463
      4800.00   0.00278333
      4810.00   0.00280203
      4820.00   0.00282072
      4830.00   0.00283942
      4840.00   0.00285812
      4850.00   0.00287681
      4860.00   0.00289551
      4870.00   0.00291421
      4880.00   0.00293290
      4890.00   0.00295160
      4900.00   0.00297030
      4910.00   0.00298899
      4920.00   0.00300769
      4930.00   0.00302639
      4940.00   0.00304508
      4950.00   0.00306378
      4960.00   0.00308248
      4970.00   0.00310118
      4980.00   0.00311987
      4990.00   0.00313857
      5000.00   0.00315727
      5010.00   0.00317596
      5020.00   0.00319466
      5030.00   0.00321336
      5040.00   0.00323205
      5050.00   0.00325075
      5060.00   0.00326945
      5070.00   0.00328814
      5080.00   0.00330684
      5090.00   0.00332554
      5100.00   0.00334423
      5110.00   0.00336293
      5120.00   0.00338163
      5130.00   0.00340033
      5140.00   0.00341902
      5150.00   0.00343772
      5160.00   0.00345642
      5170.00   0.00347511
      5180.00   0.00349381
      5190.00   0.00351251
      5200.00   0.00353120
      5210.00   0.00354990
      5220.00   0.00356860
      5230.00   0.00358729
      5240.00   0.00360599
      5250.00   0.00362469
      5260.00   0.00364338
      5270.00   0.00366208
      5280.00   0.00368078
      5290.00   0.00369948
      5300.00   0.00371817
      5310.00   0.00373687
      5320.00   0.00375557
      5330.00   0.00377426
      5340.00   0.00379296
      5350.00   0.00381166
      5360.00   0.00383035
      5370.00   0.00384905
      5380.00   0.00386775
      5390.00   0.00388644
      5400.00   0.00390514
      5410.00   0.00392384
      5420.00   0.00394253
      5430.00   0.00396123
      5440.00   0.00397993
      5450.00   0.00399863
      5460.00   0.00401732
      5470.00   0.00403602
      5480.00   0.00405472
      5490.00   0.00407341
      5500.00   0.00409211
      5510.00   0.00411081
      5520.00   0.00412950
      5530.00   0.00414820
      5540.00   0.00416690
      5550.00   0.00418559
      5560.00   0.00420429
      5570.00   0.00422299
      5580.00   0.00424168
      5590.00   0.00426038
      5600.00   0.00427908
      5610.00   0.00429778
      5620.00   0.00431647
      5630.00   0.00433517
      5640.00   0.00435387
      5650.00   0.00437256
      5660.00   0.00439126
      5670.00   0.00440996
      5680.00   0.00442865
      5690.00   0.00444735
      5700.00   0.00446605
      5710.00   0.00448474
      5720.00   0.00450344
      5730.00   0.00452214
      5740.00   0.00454083
      5750.00   0.00455953
      5760.00   0.00457823
      5770.00   0.00459692
      5780.00   0.00461562
      5790.00   0.00463432
      5800.00   0.00465302
      5810.00   0.00467171
      5820.00   0.00469041
      5830.00   0.00470911
      5840.00   0.00485972
      5850.00   0.00503449
      5860.00   0.00520926
      5870.00   0.00538403
      5880.00   0.00555879
      5890.00   0.00573356
      5900.00   0.00590833
      5910.00   0.00608310
      5920.00   0.00625787
      5930.00   0.00643264
      5940.00   0.00660741
      5950.00   0.00678218
      5960.00   0.00695695
      5970.00   0.00713172
      5980.00   0.00730649
      5990.00   0.00748126
      6000.00   0.00765602
      6010.00   0.00783079
      6020.00   0.00800556
      6030.00   0.00818033
      6040.00   0.00835510
      6050.00   0.00852987
      6060.00   0.00870464
      6070.00   0.00887941
      6080.00   0.00905418
      6090.00   0.00922895
      6100.00   0.00940372
      6110.00   0.00957849
      6120.00   0.00975326
      6130.00   0.00992802
      6140.00    0.0101028
      6150.00    0.0102776
      6160.00    0.0104523
      6170.00    0.0106271
      6180.00    0.0108019
      6190.00    0.0109766
      6200.00    0.0111514
      6210.00    0.0113262
      6220.00    0.0115009
      6230.00    0.0116757
      6240.00    0.0119571
      6250.00    0.0122413
      6260.00    0.0125254
      6270.00    0.0128095
      6280.00    0.0130936
      6290.00    0.0133777
      6300.00    0.0136618
      6310.00    0.0139459
      6320.00    0.0142300
      6330.00    0.0145142
      6340.00    0.0147983
      6350.00    0.0150824
      6360.00    0.0153665
      6370.00    0.0156506
      6380.00    0.0159347
      6390.00    0.0162188
      6400.00    0.0165029
      6410.00    0.0167870
      6420.00    0.0170712
      6430.00    0.0173553
      6440.00    0.0176394
      6450.00    0.0179235
      6460.00    0.0182076
      6470.00    0.0184917
      6480.00    0.0187758
      6490.00    0.0190599
      6500.00    0.0193440
      6510.00    0.0196282
      6520.00    0.0199123
      6530.00    0.0201964
      6540.00    0.0204805
      6550.00    0.0207646
      6560.00    0.0210487
      6570.00    0.0213328
      6580.00    0.0216169
      6590.00    0.0219010
      6600.00    0.0221852
      6610.00    0.0224693
      6620.00    0.0227534
      6630.00    0.0230375
      6640.00    0.0233216
      6650.00    0.0236057
      6660.00    0.0238898
      6670.00    0.0241739
      6680.00    0.0244581
      6690.00    0.0247809
      6700.00    0.0252176
      6710.00    0.0256544
      6720.00    0.0260911
      6730.00    0.0265278
      6740.00    0.0269645
      6750.00    0.0274012
      6760.00    0.0278379
      6770.00    0.0282746
      6780.00    0.0287114
      6790.00    0.0291481
      6800.00    0.0295848
      6810.00    0.0300215
      6820.00    0.0304582
      6830.00    0.0308949
      6840.00    0.0313316
      6850.00    0.0317684
      6860.00    0.0322051
      6870.00    0.0326418
      6880.00    0.0330785
      6890.00    0.0335152
      6900.00    0.0339519
      6910.00    0.0343886
      6920.00    0.0348254
      6930.00    0.0352621
      6940.00    0.0356988
      6950.00    0.0361355
      6960.00    0.0365722
      6970.00    0.0370089
      6980.00    0.0374456
      6990.00    0.0378824
      7000.00    0.0383191
      7010.00    0.0387558
      7020.00    0.0391925
      7030.00    0.0396292
      7040.00    0.0400659
      7050.00    0.0405026
      7060.00    0.0409394
      7070.00    0.0413761
      7080.00    0.0418128
      7090.00    0.0422495
      7100.00    0.0426862
      7110.00    0.0431229
      7120.00    0.0435596
      7130.00    0.0439964
      7140.00    0.0444331
      7170.00    0.0457432
      7180.00    0.0461799
      7190.00    0.0466167
      7200.00    0.0470534
      7210.00    0.0474901
      7220.00    0.0479899
      7230.00    0.0486439
      7240.00    0.0492980
      7250.00    0.0499521
      7260.00    0.0506061
      7270.00    0.0512602
      7280.00    0.0519142
      7290.00    0.0525683
      7300.00    0.0532223
      7310.00    0.0538764
      7320.00    0.0545304
      7330.00    0.0551845
      7340.00    0.0558385
      7350.00    0.0564926
      7360.00    0.0571466
      7370.00    0.0578007
      7380.00    0.0584547
      7390.00    0.0591088
      7400.00    0.0597629
      7410.00    0.0604169
      7430.00    0.0617250
      7460.00    0.0636872
      7470.00    0.0643412
      7480.00    0.0649953
      7490.00    0.0656493
      7500.00    0.0663034
      7510.00    0.0669574
      7520.00    0.0676115
      7530.00    0.0682655
      7540.00    0.0689196
      7550.00    0.0695736
      7560.00    0.0702277
      7570.00    0.0708818
      7580.00    0.0715358
      7590.00    0.0721899
      7600.00    0.0728439
      7610.00    0.0734980
      7620.00    0.0741520
      7630.00    0.0748061
      7640.00    0.0754601
      7650.00    0.0761142
      7660.00    0.0767682
      7670.00    0.0774223
      7680.00    0.0780763
      7690.00    0.0787304
      7700.00    0.0793844
      7710.00    0.0800385
      7720.00    0.0806926
      7730.00    0.0813466
      7740.00    0.0820007
      7750.00    0.0826547
      7760.00    0.0833088
      7770.00    0.0839628
      7780.00    0.0846169
      7790.00    0.0852709
      7800.00    0.0859250
      7810.00    0.0865790
      7820.00    0.0872331
      7830.00    0.0878871
      7840.00    0.0886090
      7850.00    0.0895770
      7860.00    0.0905450
      7870.00    0.0915131
      7880.00    0.0924811
      7890.00    0.0934491
      7900.00    0.0944172
      7910.00    0.0953852
      7920.00    0.0963532
      7930.00    0.0973213
      7940.00    0.0982893
      7950.00    0.0992573
      7960.00     0.100225
      7970.00     0.101193
      7980.00     0.102161
      7990.00     0.103129
      8000.00     0.104097
      8010.00     0.105066
      8020.00     0.106034
      8030.00     0.107002
      8040.00     0.107970
      8050.00     0.108938
      8060.00     0.109906
      8070.00     0.110874
      8080.00     0.111842
      8090.00     0.112810
      8100.00     0.113778
      8110.00     0.114746
      8120.00     0.115714
      8130.00     0.116682
      8170.00     0.120554
      8180.00     0.121522
      8290.00     0.132170
      8300.00     0.133138
      8310.00     0.134106
      8320.00     0.135075
      8330.00     0.136043
      8340.00     0.137011
      8350.00     0.137979
      8360.00     0.138947
      8370.00     0.139915
      8380.00     0.140883
      8390.00     0.141851
      8400.00     0.142819
      8410.00     0.143787
      8420.00     0.144755
      8430.00     0.145723
      8440.00     0.146691
      8450.00     0.147659
      8460.00     0.148627
      8470.00     0.149595
      8480.00     0.150563
      8490.00     0.151531
      8500.00     0.152499
      8510.00     0.153467
      8520.00     0.154435
      8530.00     0.155403
      8540.00     0.156371
      8550.00     0.157339
      8560.00     0.158307
      8570.00     0.159275
      8580.00     0.160458
      8590.00     0.161895
      8600.00     0.163332
      8610.00     0.164769
      8620.00     0.166206
      8630.00     0.167643
      8640.00     0.169079
      8650.00     0.170516
      8660.00     0.171953
      8670.00     0.173390
      8680.00     0.174827
      8690.00     0.176264
      8700.00     0.177701
      8710.00     0.179138
      8720.00     0.180575
      8730.00     0.182011
      8740.00     0.183448
      8750.00     0.184885
      8760.00     0.186322
      8770.00     0.187759
      8780.00     0.189196
      8790.00     0.190633
      8800.00     0.192070
      8810.00     0.193507
      8820.00     0.194943
      8830.00     0.196380
      8840.00     0.197817
      8850.00     0.199254
      8860.00     0.200691
      8870.00     0.202128
      8880.00     0.203565
      8890.00     0.205002
      8900.00     0.206439
      8910.00     0.207875
      8920.00     0.209312
      8930.00     0.210749
      8940.00     0.212186
      8950.00     0.213623
      8960.00     0.215060
      8970.00     0.216497
      8980.00     0.217934
      8990.00     0.219371
      9000.00     0.220807
      9010.00     0.222244
      9020.00     0.223681
      9030.00     0.225118
      9040.00     0.226555
      9050.00     0.227992
      9060.00     0.229429
      9070.00     0.230866
      9080.00     0.232303
      9090.00     0.233739
      9100.00     0.235176
      9110.00     0.236613
      9120.00     0.238050
      9130.00     0.239487
      9140.00     0.240924
      9150.00     0.242361
      9160.00     0.243798
      9170.00     0.245235
      9180.00     0.246671
      9190.00     0.248108
      9200.00     0.249545
      9210.00     0.250982
      9220.00     0.252419
      9230.00     0.253856
      9240.00     0.255293
      9250.00     0.256730
      9260.00     0.258167
      9270.00     0.259603
      9280.00     0.261040
      9290.00     0.262477
      9300.00     0.263914
      9310.00     0.265351
      9320.00     0.266788
      9330.00     0.268225
      9340.00     0.269662
      9350.00     0.271099
      9360.00     0.272535
      9370.00     0.273972
      9380.00     0.275409
      9390.00     0.276846
      9400.00     0.278283
      9410.00     0.279720
      9420.00     0.281157
      9430.00     0.282594
      9440.00     0.284031
      9450.00     0.285467
      9460.00     0.286904
      9470.00     0.288612
      9480.00     0.290768
      9490.00     0.292924
      9500.00     0.295080
      9510.00     0.297237
      9520.00     0.299393
      9530.00     0.301549
      9540.00     0.303705
      9550.00     0.305861
      9560.00     0.308017
      9570.00     0.310173
      9580.00     0.312329
      9590.00     0.314486
      9600.00     0.316642
      9610.00     0.318798
      9620.00     0.320954
      9630.00     0.323110
      9640.00     0.325266
      9650.00     0.327422
      9660.00     0.329578
      9670.00     0.331734
      9680.00     0.333891
      9690.00     0.336047
      9700.00     0.338203
      9710.00     0.340359
      9720.00     0.342515
      9730.00     0.344671
      9740.00     0.346827
      9750.00     0.348983
      9760.00     0.351140
      9770.00     0.353296
      9780.00     0.355452
      9790.00     0.357608
      9800.00     0.359764
      9810.00     0.361920
      9820.00     0.364076
      9830.00     0.366232
      9840.00     0.368388
      9850.00     0.370545
      9860.00     0.372701
      9870.00     0.374857
      9880.00     0.377013
      9890.00     0.379169
      9900.00     0.381325
      9910.00     0.383481
      9920.00     0.385637
      9930.00     0.387794
      9940.00     0.389950
      9950.00     0.392106
      9960.00     0.394262
      9970.00     0.396418
      9980.00     0.398574
      9990.00     0.400730
      10000.0     0.402886
      10010.0     0.405042
      10020.0     0.407199
      10030.0     0.409355
      10040.0     0.411511
      10050.0     0.413667
      10060.0     0.415823
      10070.0     0.417979
      10080.0     0.420135
      10090.0     0.422291
      10100.0     0.424448
      10110.0     0.426604
      10120.0     0.428760
      10130.0     0.430916
      10140.0     0.433072
      10150.0     0.435228
      10160.0     0.437384
      10170.0     0.439540
      10180.0     0.441696
      10190.0     0.443853
      10200.0     0.446009
      10210.0     0.448165
      10220.0     0.450321
      10230.0     0.452477
      10240.0     0.454633
      10250.0     0.456789
      10260.0     0.458945
      10270.0     0.461102
      10280.0     0.463258
      10290.0     0.465414
      10300.0     0.467570
      10310.0     0.469726
      10320.0     0.471882
      10330.0     0.474038
      10340.0     0.476194
      10350.0     0.478350
      10360.0     0.480507
      10370.0     0.482663
      10380.0     0.484819
      10390.0     0.486975
      10400.0     0.489131
      10410.0     0.491287
      10420.0     0.493443
      10430.0     0.495599
      10440.0     0.497756
      10450.0     0.499912
      10460.0     0.502068
      10470.0     0.504224
      10480.0     0.506380
      10490.0     0.508536
      10500.0     0.510692
      10510.0     0.512848
      10520.0     0.515004
      10530.0     0.517161
      10540.0     0.519317
      10550.0     0.521473
      10560.0     0.523629
      10570.0     0.526529
      10580.0     0.529844
      10590.0     0.533158
      10600.0     0.536473
      10610.0     0.539787
      10620.0     0.543102
      10630.0     0.546416
      10640.0     0.549731
      10650.0     0.553045
      10660.0     0.556360
      10670.0     0.559674
      10680.0     0.562989
      10690.0     0.566303
      10700.0     0.569618
      10710.0     0.572933
      10720.0     0.576247
      10730.0     0.579562
      10740.0     0.582876
      10750.0     0.586191
      10760.0     0.589505
      10770.0     0.592820
      10780.0     0.596134
      10790.0     0.599449
      10800.0     0.602763
      10810.0     0.606078
      10820.0     0.609392
      10830.0     0.612707
      10840.0     0.616021
      10850.0     0.619336
      10860.0     0.622650
      10870.0     0.625965
      10880.0     0.629279
      10890.0     0.632594
      10900.0     0.635909
      10910.0     0.639223
      10920.0     0.642538
      10930.0     0.645852
      10940.0     0.649167
      10950.0     0.652481
      10960.0     0.655796
      10970.0     0.659110
      10980.0     0.662425
      10990.0     0.665739
      11000.0     0.669054
      11010.0     0.672368
      11020.0     0.675683
      11030.0     0.678997
      11040.0     0.682312
      11050.0     0.685626
      11060.0     0.688941
      11070.0     0.692255
      11080.0     0.695570
      11090.0     0.698885
      11100.0     0.702199
      11110.0     0.705514
      11120.0     0.708828
      11130.0     0.712143
      11140.0     0.715457
      11150.0     0.718772
      11160.0     0.722086
      11170.0     0.725401
      11180.0     0.728715
      11190.0     0.732030
      11200.0     0.735344
      11210.0     0.738659
      11220.0     0.741973
      11230.0     0.745288
      11240.0     0.748602
      11250.0     0.751917
      11260.0     0.755231
      11270.0     0.758546
      11280.0     0.761860
      11290.0     0.765175
      11300.0     0.768490
      11310.0     0.771804
      11320.0     0.775119
      11330.0     0.778433
      11340.0     0.781748
      11350.0     0.785062
      11360.0     0.788377
      11370.0     0.791691
      11380.0     0.795006
      11390.0     0.798320
      11400.0     0.801635
      11410.0     0.804949
      11420.0     0.808264
      11430.0     0.811578
      11440.0     0.814893
      11450.0     0.818207
      11460.0     0.821522
      11470.0     0.824836
      11480.0     0.828151
      11490.0     0.831466
      11500.0     0.834780
      11510.0     0.838095
      11520.0     0.841409
      11530.0     0.844724
      11540.0     0.848038
      11550.0     0.851353
      11560.0     0.854667
      11570.0     0.857982
      11580.0     0.861296
      11590.0     0.864611
      11600.0     0.867925
      11610.0     0.871240
      11620.0     0.874554
      11630.0     0.877869
      11640.0     0.881183
      11650.0     0.884498
      11660.0     0.887812
      11670.0     0.891127
      11680.0     0.894442
      11690.0     0.897756
      11700.0     0.901071
      11710.0     0.904385
      11720.0     0.907700
      11730.0     0.911014
      11740.0     0.914329
      11750.0     0.917643
      11760.0     0.920958
      11770.0     0.924272
      11780.0     0.927587
      11790.0     0.930901
      11800.0     0.934216
      11810.0     0.937530
      11820.0     0.940845
      11830.0     0.944159
      11840.0     0.947474
      11850.0     0.950788
      11860.0     0.954103
      11870.0     0.957417
      11880.0     0.960732
      11890.0     0.964047
      11900.0     0.967361
      11910.0     0.970676
      11920.0     0.973990
      11930.0     0.977305
      11940.0     0.980619
      11950.0     0.984194
      11960.0     0.989499
      11970.0     0.994803
      11980.0      1.00011
      11990.0      1.00541
      12000.0      1.01072
      12010.0      1.01602
      12020.0      1.02133
      12030.0      1.02663
      12040.0      1.03194
      12050.0      1.03724
      12060.0      1.04254
      12070.0      1.04785
      12080.0      1.05315
      12090.0      1.05846
      12100.0      1.06376
      12110.0      1.06907
      12120.0      1.07437
      12130.0      1.07968
      12140.0      1.08498
      12150.0      1.09029
      12160.0      1.09559
      12170.0      1.10089
      12180.0      1.10620
      12190.0      1.11150
      12200.0      1.11681
      12210.0      1.12211
      12220.0      1.12742
      12230.0      1.13272
      12240.0      1.13803
      12250.0      1.14333
      12260.0      1.14864
      12270.0      1.15394
      12280.0      1.15924
      12290.0      1.16455
      12300.0      1.16985
      12310.0      1.17516
      12320.0      1.18046
      12330.0      1.18577
      12340.0      1.19107
      12350.0      1.19638
      12360.0      1.20168
      12370.0      1.20699
      12380.0      1.21229
      12390.0      1.21759
      12400.0      1.22290
      12410.0      1.22820
      12420.0      1.23351
      12430.0      1.23881
      12440.0      1.24412
      12450.0      1.24942
      12460.0      1.25473
      12470.0      1.26003
      12480.0      1.26534
      12490.0      1.27064
      12500.0      1.27594
      12510.0      1.28125
      12520.0      1.28655
      12530.0      1.29186
      12540.0      1.29716
      12550.0      1.30247
      12560.0      1.30777
      12570.0      1.31308
      12580.0      1.31838
      12590.0      1.32369
      12600.0      1.32899
      12610.0      1.33430
      12620.0      1.33960
      12630.0      1.34490
      12640.0      1.35021
      12650.0      1.35551
      12660.0      1.36082
      12670.0      1.36612
      12680.0      1.37143
      12690.0      1.37673
      12700.0      1.38204
      12710.0      1.38734
      12720.0      1.39265
      12730.0      1.39795
      12740.0      1.40325
      12750.0      1.40856
      12760.0      1.41386
      12770.0      1.41917
      12780.0      1.42447
      12790.0      1.42978
      12800.0      1.43508
      12810.0      1.44039
      12820.0      1.44569
      12830.0      1.45100
      12840.0      1.45630
      12850.0      1.46160
      12860.0      1.46691
      12870.0      1.47221
      12880.0      1.47752
      12890.0      1.48282
      12900.0      1.48813
      12910.0      1.49343
      12920.0      1.49874
      12930.0      1.50404
      12940.0      1.50935
      12950.0      1.51465
      12960.0      1.51995
      12970.0      1.52526
      12980.0      1.53056
      12990.0      1.53587
      13000.0      1.54117
      13010.0      1.54648
      13020.0      1.55178
      13030.0      1.55709
      13040.0      1.56239
      13050.0      1.56770
      13060.0      1.57300
      13070.0      1.57830
      13080.0      1.58361
      13090.0      1.58891
      13100.0      1.59422
      13110.0      1.59952
      13120.0      1.60483
      13130.0      1.61013
      13140.0      1.61544
      13150.0      1.62074
      13160.0      1.62605
      13170.0      1.63135
      13180.0      1.63665
      13190.0      1.64196
      13200.0      1.64726
      13210.0      1.65257
      13220.0      1.65787
      13230.0      1.66318
      13240.0      1.66848
      13250.0      1.67379
      13260.0      1.67909
      13270.0      1.68440
      13280.0      1.68970
      13290.0      1.69501
      13300.0      1.70031
      13310.0      1.70561
      13320.0      1.71092
      13330.0      1.71622
      13340.0      1.72153
      13350.0      1.72683
      13360.0      1.73214
      13370.0      1.73744
      13380.0      1.74275
      13390.0      1.74805
      13400.0      1.75336
      13410.0      1.75866
      13420.0      1.76396
      13430.0      1.76927
      13440.0      1.77457
      13450.0      1.77988
      13460.0      1.78518
      13470.0      1.79049
      13480.0      1.79579
      13490.0      1.80110
      13500.0      1.80640
      13510.0      1.81171
      13520.0      1.81701
      13530.0      1.82231
      13540.0      1.82762
      13550.0      1.83292
      13560.0      1.83823
      13570.0      1.84353
      13580.0      1.84884
      13590.0      1.85414
      13600.0      1.85945
      13610.0      1.86475
      13620.0      1.87006
      13630.0      1.87536
      13640.0      1.88066
      13650.0      1.88597
      13660.0      1.89127
      13670.0      1.89658
      13680.0      1.90188
      13690.0      1.90719
      13700.0      1.91249
      13710.0      1.91780
      13720.0      1.92310
      13730.0      1.92841
      13740.0      1.93371
      13750.0      1.93901
      13760.0      1.94736
      13770.0      1.95639
      13780.0      1.96542
      13790.0      1.97446
      13800.0      1.98349
      13810.0      1.99253
      13820.0      2.00156
      13830.0      2.01059
      13840.0      2.01963
      13850.0      2.02866
      13860.0      2.03770
      13870.0      2.04673
      13880.0      2.05576
      13890.0      2.06480
      13900.0      2.07383
      13910.0      2.08286
      13920.0      2.09190
      13930.0      2.10093
      13940.0      2.10997
      13950.0      2.11900
      13960.0      2.12803
      13970.0      2.13707
      13980.0      2.14610
      13990.0      2.15514
      14000.0      2.16417
      14010.0      2.17320
      14020.0      2.18224
      14030.0      2.19127
      14040.0      2.20031
      14050.0      2.20934
      14060.0      2.21837
      14070.0      2.22741
      14080.0      2.23644
      14090.0      2.24548
      14100.0      2.25451
      14110.0      2.26354
      14120.0      2.27258
      14130.0      2.28161
      14140.0      2.29064
      14150.0      2.29968
      14160.0      2.30871
      14170.0      2.31775
      14180.0      2.32678
      14190.0      2.33581
      14200.0      2.34485
      14210.0      2.35388
      14220.0      2.36292
      14230.0      2.37195
      14240.0      2.38098
      14250.0      2.39002
      14260.0      2.39905
      14270.0      2.40809
      14280.0      2.41712
      14290.0      2.42615
      14300.0      2.43519
      14310.0      2.44422
      14320.0      2.45326
      14330.0      2.46229
      14340.0      2.47132
      14350.0      2.48036
      14360.0      2.48939
      14370.0      2.49843
      14380.0      2.50746
      14390.0      2.51649
      14400.0      2.52553
      14410.0      2.53456
      14420.0      2.54359
      14430.0      2.55263
      14440.0      2.56166
      14450.0      2.57070
      14460.0      2.57973
      14470.0      2.58876
      14480.0      2.59780
      14490.0      2.60683
      14500.0      2.61587
      14510.0      2.62490
      14520.0      2.63393
      14530.0      2.64297
      14540.0      2.65200
      14550.0      2.66104
      14560.0      2.67007
      14570.0      2.67910
      14580.0      2.68814
      14590.0      2.69717
      14600.0      2.70621
      14610.0      2.71524
      14620.0      2.72427
      14630.0      2.73331
      14640.0      2.74234
      14650.0      2.75137
      14660.0      2.76041
      14670.0      2.76944
      14680.0      2.77848
      14690.0      2.78751
      14700.0      2.79654
      14710.0      2.80558
      14720.0      2.81461
      14730.0      2.82365
      14740.0      2.83268
      14750.0      2.84171
      14760.0      2.85075
      14770.0      2.85978
      14780.0      2.86882
      14790.0      2.87785
      14800.0      2.88688
      14810.0      2.89592
      14820.0      2.90495
      14830.0      2.91399
      14840.0      2.92302
      14850.0      2.93205
      14860.0      2.94109
      14870.0      2.95012
      14880.0      2.95915
      14890.0      2.96819
      14900.0      2.97722
      14910.0      2.98626
      14920.0      2.99529
      14930.0      3.00432
      14940.0      3.01336
      14950.0      3.02239
      14960.0      3.03143
      14970.0      3.04046
      14980.0      3.04949
      14990.0      3.05853
      15000.0      3.06756
      15010.0      3.07660
      15020.0      3.08563
      15030.0      3.09466
      15040.0      3.10370
      15050.0      3.11273
      15060.0      3.12177
      15070.0      3.13080
      15080.0      3.13983
      15090.0      3.14887
      15100.0      3.15790
      15110.0      3.16693
      15120.0      3.17597
      15130.0      3.18500
      15140.0      3.19404
      15150.0      3.20307
      15160.0      3.21210
      15170.0      3.22114
      15180.0      3.23017
      15190.0      3.23921
      15200.0      3.24824
      15210.0      3.25727
      15220.0      3.26631
      15230.0      3.27534
      15240.0      3.28438
      15250.0      3.29341
      15260.0      3.30244
      15270.0      3.31148
      15280.0      3.32051
      15290.0      3.32955
      15300.0      3.33858
      15310.0      3.34761
      15320.0      3.35665
      15330.0      3.36568
      15340.0      3.37471
      15350.0      3.38375
      15360.0      3.39278
      15370.0      3.40182
      15380.0      3.41085
      15390.0      3.41988
      15400.0      3.42892
      15410.0      3.43795
      15420.0      3.44699
      15430.0      3.45602
      15440.0      3.46505
      15450.0      3.47409
      15460.0      3.48312
      15470.0      3.49216
      15480.0      3.50119
      15490.0      3.51022
      15500.0      3.51926
      15510.0      3.52829
      15520.0      3.53733
      15530.0      3.54636
      15540.0      3.55539
      15550.0      3.56443
      15560.0      3.57346
      15570.0      3.58250
      15580.0      3.59153
      15590.0      3.60056
      15600.0      3.60960
      15610.0      3.61863
      15620.0      3.62766
      15630.0      3.63670
      15640.0      3.64573
      15650.0      3.65477
      15660.0      3.66380
      15670.0      3.67283
      15680.0      3.68187
      15690.0      3.69090
      15700.0      3.69994
      15710.0      3.70897
      15720.0      3.71800
      15730.0      3.72704
      15740.0      3.73607
      15750.0      3.74511
      15760.0      3.75414
      15770.0      3.76317
      15780.0      3.77221
      15790.0      3.78124
      15800.0      3.79028
      15810.0      3.79931
      15820.0      3.80834
      15830.0      3.81738
      15840.0      3.82641
      15850.0      3.83544
      15860.0      3.84448
      15870.0      3.85351
      15880.0      3.86255
      15890.0      3.87158
      15900.0      3.88061
      15910.0      3.88965
      15920.0      3.89868
      15930.0      3.90772
      15940.0      3.91675
      15950.0      3.92578
      15960.0      3.93482
      15970.0      3.94385
      15980.0      3.95289
      15990.0      3.96192
      16000.0      3.97095
      16010.0      3.97999
      16020.0      3.98902
      16030.0      3.99806
      16040.0      4.00709
      16050.0      4.01612
      16060.0      4.02516
      16070.0      4.03419
      16080.0      4.04322
      16090.0      4.05226
      16100.0      4.06129
      16110.0      4.07033
      16120.0      4.07936
      16130.0      4.08839
      16140.0      4.09743
      16150.0      4.10646
      16160.0      4.11550
      16170.0      4.12453
      16180.0      4.13356
      16190.0      4.14260
      16200.0      4.15304
      16210.0      4.16557
      16220.0      4.17810
      16230.0      4.19063
      16240.0      4.20316
      16250.0      4.21569
      16260.0      4.22822
      16270.0      4.24075
      16280.0      4.25329
      16290.0      4.26582
      16300.0      4.27835
      16310.0      4.29088
      16320.0      4.30341
      16330.0      4.31594
      16340.0      4.32847
      16350.0      4.34100
      16360.0      4.35353
      16370.0      4.36606
      16380.0      4.37860
      16390.0      4.39113
      16400.0      4.40366
      16410.0      4.41619
      16420.0      4.42872
      16430.0      4.44125
      16440.0      4.45378
      16450.0      4.46631
      16460.0      4.47884
      16470.0      4.49137
      16480.0      4.50391
      16490.0      4.51644
      16500.0      4.52897
      16510.0      4.54150
      16520.0      4.55403
      16530.0      4.56656
      16540.0      4.57909
      16550.0      4.59162
      16560.0      4.60415
      16570.0      4.61668
      16580.0      4.62921
      16590.0      4.64175
      16600.0      4.65428
      16610.0      4.66681
      16620.0      4.67934
      16630.0      4.69187
      16640.0      4.70440
      16650.0      4.71693
      16660.0      4.72946
      16670.0      4.74199
      16680.0      4.75452
      16690.0      4.76706
      16700.0      4.77959
      16710.0      4.79212
      16720.0      4.80465
      16730.0      4.81718
      16740.0      4.82971
      16750.0      4.84224
      16760.0      4.85477
      16770.0      4.86730
      16780.0      4.87983
      16790.0      4.89237
      16800.0      4.90611
      16810.0      4.92035
      16820.0      4.93459
      16830.0      4.94883
      16840.0      4.96306
      16850.0      4.97730
      16860.0      4.99154
      16870.0      5.00578
      16880.0      5.02002
      16890.0      5.03426
      16900.0      5.04850
      16910.0      5.06274
      16920.0      5.07698
      16930.0      5.09121
      16940.0      5.10545
      16950.0      5.11969
      16960.0      5.13393
      16970.0      5.14817
      16980.0      5.16241
      16990.0      5.17665
      17000.0      5.19089
      17010.0      5.20513
      17020.0      5.21937
      17030.0      5.23360
      17040.0      5.24784
      17050.0      5.26208
      17060.0      5.27632
      17070.0      5.29056
      17080.0      5.30480
      17090.0      5.31904
      17100.0      5.33328
      17110.0      5.34752
      17120.0      5.36175
      17130.0      5.37599
      17140.0      5.39023
      17150.0      5.40447
      17160.0      5.41871
      17170.0      5.43295
      17180.0      5.44719
      17190.0      5.46143
      17200.0      5.47567
      17210.0      5.48990
      17220.0      5.50414
      17230.0      5.51838
      17240.0      5.53262
      17250.0      5.54686
      17260.0      5.56110
      17270.0      5.57534
      17280.0      5.58958
      17290.0      5.60382
      17300.0      5.61805
      17310.0      5.63229
      17320.0      5.64653
      17330.0      5.66077
      17340.0      5.67501
      17350.0      5.68925
      17360.0      5.70349
      17370.0      5.71773
      17380.0      5.73197
      17390.0      5.74620
      17400.0      5.76044
      17410.0      5.77468
      17420.0      5.78892
      17430.0      5.80316
      17440.0      5.81831
      17450.0      5.83459
      17460.0      5.85086
      17470.0      5.86714
      17480.0      5.88341
      17490.0      5.89968
      17500.0      5.91596
      17510.0      5.93223
      17520.0      5.94851
      17530.0      5.96478
      17540.0      5.98105
      17550.0      5.99733
      17560.0      6.01360
      17570.0      6.02988
      17580.0      6.04615
      17590.0      6.06242
      17600.0      6.07870
      17610.0      6.09497
      17620.0      6.11125
      17630.0      6.12752
      17640.0      6.14379
      17650.0      6.16007
      17660.0      6.17634
      17670.0      6.19262
      17680.0      6.20889
      17690.0      6.22516
      17700.0      6.24144
      17710.0      6.25771
      17720.0      6.27399
      17730.0      6.29026
      17740.0      6.30653
      17750.0      6.32281
      17760.0      6.33908
      17770.0      6.35536
      17780.0      6.37163
      17790.0      6.38790
      17800.0      6.40418
      17810.0      6.42045
      17820.0      6.43673
      17830.0      6.45300
      17840.0      6.46927
      17850.0      6.48555
      17860.0      6.50182
      17870.0      6.51810
      17880.0      6.53437
      17890.0      6.55064
      17900.0      6.56692
      17910.0      6.58319
      17920.0      6.59947
      17930.0      6.61574
      17940.0      6.63201
      17950.0      6.64829
      17960.0      6.66456
      17970.0      6.68084
      17980.0      6.69711
      17990.0      6.71338
      18000.0      6.72966
      18010.0      6.74593
      18020.0      6.76221
      18030.0      6.77848
      18040.0      6.79475
      18050.0      6.81103
      18060.0      6.82730
      18070.0      6.84358
      18080.0      6.85985
      18090.0      6.87612
      18100.0      6.89240
      18110.0      6.90867
      18120.0      6.92495
      18130.0      6.94141
      18140.0      6.96015
      18150.0      6.97889
      18160.0      6.99763
      18170.0      7.01638
      18180.0      7.03512
      18190.0      7.05386
      18200.0      7.07260
      18210.0      7.09134
      18220.0      7.11009
      18230.0      7.12883
      18240.0      7.14757
      18250.0      7.16631
      18260.0      7.18506
      18270.0      7.20380
      18280.0      7.22254
      18290.0      7.24128
      18300.0      7.26003
      18310.0      7.27877
      18320.0      7.29751
      18330.0      7.31625
      18340.0      7.33500
      18350.0      7.35374
      18360.0      7.37248
      18370.0      7.39122
      18380.0      7.40997
      18390.0      7.42871
      18400.0      7.44745
      18410.0      7.46619
      18420.0      7.48493
      18430.0      7.50368
      18440.0      7.52242
      18450.0      7.54116
      18460.0      7.55990
      18470.0      7.57865
      18480.0      7.59739
      18490.0      7.61613
      18500.0      7.63487
      18510.0      7.65362
      18520.0      7.67236
      18530.0      7.69110
      18540.0      7.70984
      18550.0      7.72859
      18560.0      7.74733
      18570.0      7.76607
      18580.0      7.78481
      18590.0      7.80356
      18600.0      7.82230
      18610.0      7.84104
      18620.0      7.85978
      18630.0      7.87852
      18640.0      7.89727
      18650.0      7.91601
      18660.0      7.93475
      18670.0      7.95349
      18680.0      7.97224
      18690.0      7.99098
      18700.0      8.00972
      18710.0      8.02846
      18720.0      8.04721
      18730.0      8.06595
      18740.0      8.08469
      18750.0      8.10343
      18760.0      8.12218
      18770.0      8.14092
      18780.0      8.15966
      18790.0      8.17840
      18800.0      8.19715
      18810.0      8.21589
      18820.0      8.23463
      18830.0      8.25337
      18840.0      8.27211
      18850.0      8.29086
      18860.0      8.30960
      18870.0      8.32834
      18880.0      8.34708
      18890.0      8.36865
      18900.0      8.39036
      18910.0      8.41207
      18920.0      8.43378
      18930.0      8.45549
      18940.0      8.47720
      18950.0      8.49891
      18960.0      8.52063
      18970.0      8.54234
      18980.0      8.56405
      18990.0      8.58576
      19000.0      8.60747
      19010.0      8.62918
      19020.0      8.65089
      19030.0      8.67260
      19040.0      8.69431
      19050.0      8.71602
      19060.0      8.73773
      19070.0      8.75945
      19080.0      8.78116
      19090.0      8.80287
      19100.0      8.82458
      19110.0      8.84629
      19120.0      8.86800
      19130.0      8.88971
      19140.0      8.91142
      19150.0      8.93313
      19160.0      8.95484
      19170.0      8.97655
      19180.0      8.99826
      19190.0      9.01997
      19200.0      9.04169
      19210.0      9.06340
      19220.0      9.08511
      19230.0      9.10682
      19240.0      9.12853
      19250.0      9.15024
      19260.0      9.17195
      19270.0      9.19366
      19280.0      9.21537
      19290.0      9.23708
      19300.0      9.25879
      19310.0      9.28050
      19320.0      9.30221
      19330.0      9.32393
      19340.0      9.34564
      19350.0      9.36735
      19360.0      9.38906
      19370.0      9.41077
      19380.0      9.43248
      19390.0      9.45419
      19400.0      9.47590
      19410.0      9.49761
      19420.0      9.51932
      19430.0      9.54103
      19440.0      9.56274
      19450.0      9.58446
      19460.0      9.60617
      19470.0      9.62788
      19480.0      9.64959
      19490.0      9.67130
      19500.0      9.69301
      19510.0      9.71472
      19520.0      9.73643
      19530.0      9.75814
      19540.0      9.77985
      19550.0      9.80156
      19560.0      9.82327
      19570.0      9.84499
      19580.0      9.86670
      19590.0      9.88841
      19600.0      9.91012
      19610.0      9.93183
      19620.0      9.95354
      19630.0      9.97525
      19640.0      9.99696
      19650.0      10.0187
      19660.0      10.0404
      19670.0      10.0621
      19680.0      10.0838
      19690.0      10.1055
     19696.67      10.1200
      19700.0     0.000000
      19710.0     0.000000
      19720.0     0.000000
      19730.0     0.000000
      19740.0     0.000000
      19750.0     0.000000
      19760.0     0.000000
      19770.0     0.000000
      19780.0     0.000000
      19790.0     0.000000
      19800.0     0.000000
      19810.0     0.000000
      19820.0     0.000000
      19830.0     0.000000
      19840.0     0.000000
      19850.0     0.000000
      19860.0     0.000000
      19870.0     0.000000
      19880.0     0.000000
      19890.0     0.000000
      19900.0     0.000000
      19910.0     0.000000
      19920.0     0.000000
      19930.0     0.000000
      19940.0     0.000000
      19950.0     0.000000
      19960.0     0.000000
      19970.0     0.000000
      19980.0     0.000000
      19990.0     0.000000
      20000.0     0.000000
      30000.0     0.000000
