          28          29           1  0.000000000000000E+000
   403.607534106928      -9.065063318876884E-005 -8.795233201783598E-005
 -9.170259664575297E-005 -8.393669673687118E-005 -8.413305588537302E-005
          28          29           2   8259.70771420155     
  0.000000000000000E+000  3.074269226224197E-010 -1.882470124360958E-009
  1.326196138606115E-009 -2.998394320014862E-010 -3.521901053280117E-010
          28          29           3  3.715170413717897E-010
 -9.722510994745491E-011 -2.804117278852531E-010 -8.512068336587665E-011
  1.466404961347141E-011 -3.158621614733608E-011 -3.432583903463399E-011
          28          29           4  3.097952780647477E-009
 -1.245576318819674E-009  4.245723379012148E-010 -1.607338705657243E-009
  1.085484172095716E-009 -2.238976996785871E-010 -2.612411953533322E-010
          28          29           5  4.422829158770031E-010
 -4.503932821826057E-011 -6.671127130972329E-011 -4.801911012654151E-011
 -7.789212752357364E-011 -4.141313781326273E-011 -4.242422604513869E-011
          28          29           6  1.710039138372098E-010
  4.917580900730548E-011  8.081135659419408E-011  4.405011804523694E-011
  9.512809932653944E-011 -5.475880252064016E-011 -3.587447407461706E-011
          28          29           7  4.376284351247853E-011
  1.172926513304618E-011  2.016932828061242E-011  1.040630474289529E-011
  2.400722688953765E-011 -9.989262406150610E-012 -2.786809194921932E-011
