    COL. MASS               T                   Ne                 pho
  0.0000000E+00       1.9995000E+05       4.5142723E+09       8.8410376E-15
  2.3862898E-13       1.7496473E+05       5.1689528E+09       1.0127394E-14
  4.4807430E-13       1.5210050E+05       5.9561180E+09       1.1673805E-14
  6.2584679E-13       1.3222328E+05       6.8584658E+09       1.3458426E-14
  7.7983882E-13       1.1494288E+05       7.8878280E+09       1.5529640E-14
  9.1638844E-13       9.9920000E+04       9.0495007E+09       1.7960810E-14
  9.5691486E-13       9.5520000E+04       9.4477824E+09       1.8841360E-14
  1.0017941E-12       9.0740000E+04       9.9163269E+09       1.9911727E-14
  1.0690184E-12       8.3810000E+04       1.0673750E+10       2.1716626E-14
  1.1503277E-12       7.5850000E+04       1.1699710E+10       2.4229835E-14
  1.1994700E-12       7.1260000E+04       1.2401510E+10       2.5922639E-14
  1.2577537E-12       6.6070000E+04       1.3329480E+10       2.8085598E-14
  1.3293176E-12       6.0090000E+04       1.4624900E+10       3.0985536E-14
  1.4194509E-12       5.3200000E+04       1.6508690E+10       3.5076195E-14
  1.4747347E-12       4.9310000E+04       1.7813250E+10       3.7875646E-14
  1.5357783E-12       4.5340000E+04       1.9378801E+10       4.1224247E-14
  1.6078063E-12       4.1100000E+04       2.1386781E+10       4.5516338E-14
  1.6969151E-12       3.6510000E+04       2.4085570E+10       5.1297938E-14
  1.7994124E-12       3.2070000E+04       2.7417301E+10       5.8511499E-14
  1.9193681E-12       2.7890000E+04       3.1449201E+10       6.7585950E-14
  2.0678293E-12       2.3980000E+04       3.6186272E+10       7.9635220E-14
  2.2688643E-12       2.0340000E+04       4.1223709E+10       9.7248773E-14
  2.4774546E-12       1.7850000E+04       4.5301338E+10       1.1473133E-13
  2.6760842E-12       1.6200000E+04       4.8412750E+10       1.2999322E-13
  2.9828539E-12       1.4440000E+04       5.1894120E+10       1.5164503E-13
  3.3621686E-12       1.3000000E+04       5.4528319E+10       1.7597854E-13
  3.9201208E-12       1.1590000E+04       5.6417350E+10       2.0899106E-13
  4.5050062E-12       1.0550000E+04       5.7426940E+10       2.4103066E-13
  5.1261005E-12       9.7000000E+03       5.8130129E+10       2.7340288E-13
  5.6026158E-12       9.1600000E+03       5.8565820E+10       2.9755116E-13
  6.0363770E-12       8.7200000E+03       5.9032011E+10       3.1946074E-13
  6.4602531E-12       8.3200000E+03       5.9677389E+10       3.4112962E-13
  6.8014473E-12       8.0200000E+03       6.0302860E+10       3.5868589E-13
  7.2945592E-12       7.6500000E+03       6.1058138E+10       3.8272415E-13
  7.9306701E-12       7.2500000E+03       6.2190170E+10       4.1145720E-13
  8.6219381E-12       6.8500000E+03       6.3811789E+10       4.4305721E-13
  9.1733071E-12       6.8000000E+03       6.2864462E+10       4.5198185E-13
  1.0365383E-11       6.7500000E+03       6.0996092E+10       4.6608613E-13
  1.1989564E-11       6.6300000E+03       6.0255068E+10       4.8650287E-13
  2.2978025E-11       6.4800000E+03       5.8582729E+10       5.6012064E-13
  5.0988702E-11       6.3800000E+03       5.7025741E+10       7.1823092E-13
  1.8343512E-10       6.3500000E+03       6.6367062E+10       1.3664895E-12
  4.1764153E-10       6.3400000E+03       7.6370436E+10       2.5282502E-12
  8.7177690E-10       6.3100000E+03       8.4000776E+10       4.8081126E-12
  1.6770524E-09       6.2800000E+03       9.3055377E+10       8.8669369E-12
  2.8772904E-09       6.1800000E+03       1.0032540E+11       1.5137824E-11
  4.6476063E-09       6.1600000E+03       1.1861830E+11       2.4202530E-11
  7.3022753E-09       6.0600000E+03       1.2743110E+11       3.8260271E-11
  1.0335367E-08       5.9300000E+03       1.2209700E+11       5.5065618E-11
  1.2861009E-08       5.7000000E+03       9.4166131E+10       7.1216478E-11
  1.5306259E-08       5.2600000E+03       6.2331359E+10       9.1800246E-11
  1.7340199E-08       4.9000000E+03       5.2036149E+10       1.1159370E-10
  2.0549188E-08       4.4600000E+03       4.6708908E+10       1.4512545E-10
  2.2941703E-08       4.1600000E+03       4.5053821E+10       1.7387648E-10
  2.4783002E-08       4.0300000E+03       4.4058841E+10       1.9438339E-10
  2.6836199E-08       3.9400000E+03       4.3412570E+10       2.1625606E-10
  3.1647150E-08       3.8400000E+03       4.2253791E+10       2.6483901E-10
  4.0966420E-08       3.7900000E+03       4.1360962E+10       3.5644566E-10
  5.3448506E-08       3.8250000E+03       4.1654968E+10       4.7569342E-10
  7.3415824E-08       3.9050000E+03       4.4103852E+10       6.6529616E-10
  1.2287502E-07       4.0300000E+03       5.6402178E+10       1.1332200E-09
  2.0658976E-07       4.1500000E+03       8.5912404E+10       1.9109522E-09
  3.4710114E-07       4.2500000E+03       1.3962279E+11       3.1985526E-09
  5.5892473E-07       4.3400000E+03       2.1928129E+11       5.1082550E-09
  7.6378023E-07       4.4000000E+03       2.9512899E+11       6.9420681E-09
  1.0759354E-06       4.4600000E+03       4.0849349E+11       9.7062083E-09
  1.6885016E-06       4.5300000E+03       6.2520708E+11       1.5043942E-08
  2.6693185E-06       4.6100000E+03       9.6339637E+11       2.3419466E-08
  4.0404070E-06       4.6900000E+03       1.4257601E+12       3.4924723E-08
  6.2359706E-06       4.7850000E+03       2.1505510E+12       5.2897823E-08
  9.5302685E-06       4.9100000E+03       3.2362710E+12       7.8874093E-08
  1.1711981E-05       4.9850000E+03       3.9735371E+12       9.5662868E-08
  1.4347143E-05       5.0800000E+03       4.9092090E+12       1.1515009E-07
  1.7505133E-05       5.1950000E+03       6.1446260E+12       1.3748914E-07
  2.1258280E-05       5.3300000E+03       7.8769029E+12       1.6276261E-07
  2.5673790E-05       5.5000000E+03       1.0648060E+13       1.9047818E-07
  3.0795583E-05       5.7300000E+03       1.6160470E+13       2.1926533E-07
  3.4213839E-05       5.9000000E+03       2.2411070E+13       2.3650205E-07
  3.7886022E-05       6.1000000E+03       3.3274471E+13       2.5312244E-07
  4.0601641E-05       6.2600000E+03       4.5671000E+13       2.6413831E-07
  4.3345383E-05       6.4400000E+03       6.4744778E+13       2.7385052E-07
  4.5925923E-05       6.6400000E+03       9.4011600E+13       2.8110397E-07
  4.8763257E-05       6.9100000E+03       1.5132990E+14       2.8636299E-07
  5.1643366E-05       7.2200000E+03       2.5214610E+14       2.8965875E-07
  5.4550659E-05       7.5500000E+03       4.1709390E+14       2.9179990E-07
  5.7475425E-05       7.8900000E+03       6.7272932E+14       2.9315324E-07
  6.0411479E-05       8.2300000E+03       1.0453000E+15       2.9405756E-07
  6.3354000E-05       8.5700000E+03       1.5697310E+15       2.9444668E-07
  6.6301418E-05       8.8900000E+03       2.2398330E+15       2.9503690E-07
  6.9259629E-05       9.1700000E+03       3.0017800E+15       2.9660527E-07
  7.2238846E-05       9.4100000E+03       3.8136180E+15       2.9923814E-07
