   2.516717E+03   6.306110E+04   6.159000E+09   5.613611E+09   1.609600E+01
   2.314120E+03   5.246480E+04   8.435000E+09   7.688255E+09   1.450500E+01
   2.142955E+03   4.186820E+04   1.155000E+10   1.052909E+10   1.291300E+01
   2.012447E+03   3.127220E+04   1.582000E+10   1.442371E+10   1.132200E+01
   1.934286E+03   2.322660E+04   2.041000E+10   1.959385E+10   9.971000E+00
   1.898579E+03   2.128250E+04   2.280000E+10   2.260154E+10   9.193000E+00
   1.866828E+03   1.933850E+04   2.548000E+10   2.535675E+10   8.415000E+00
   1.839074E+03   1.739440E+04   2.847000E+10   2.833150E+10   7.637000E+00
   1.815298E+03   1.545040E+04   3.181000E+10   3.166850E+10   6.859000E+00
   1.795358E+03   1.350630E+04   3.555000E+10   3.541167E+10   6.081000E+00
   1.779122E+03   1.156230E+04   3.972000E+10   4.011021E+10   5.303000E+00
   1.766333E+03   9.618200E+03   4.439000E+10   4.853069E+10   4.525000E+00
   1.743771E+03   8.608900E+03   4.796000E+10   5.268760E+10   4.045000E+00
   1.717102E+03   8.192200E+03   5.074000E+10   5.598474E+10   3.753000E+00
   1.692799E+03   7.775400E+03   5.369000E+10   6.008562E+10   3.462000E+00
   1.656769E+03   7.578500E+03   5.675000E+10   6.464325E+10   3.270000E+00
   1.620336E+03   7.342000E+03   6.025000E+10   7.166959E+10   3.072000E+00
   1.582150E+03   7.030000E+03   6.448000E+10   8.854006E+10   2.859000E+00
   1.538699E+03   6.877600E+03   7.027000E+10   1.130735E+11   2.745000E+00
   1.488345E+03   6.799700E+03   8.192000E+10   1.545774E+11   2.674000E+00
   1.430903E+03   6.748400E+03   9.612000E+10   2.129528E+11   2.626000E+00
   1.368819E+03   6.689500E+03   9.825000E+10   2.475741E+11   2.602000E+00
   1.301520E+03   6.623800E+03   9.513000E+10   2.724479E+11   2.600000E+00
   1.232953E+03   6.560800E+03   1.061000E+11   3.829857E+11   2.600000E+00
   1.163779E+03   6.517400E+03   1.165000E+11   5.085620E+11   2.616000E+00
   1.092594E+03   6.478800E+03   1.238000E+11   6.363337E+11   2.626000E+00
   1.018911E+03   6.401700E+03   1.204000E+11   7.787047E+11   2.601000E+00
   9.476768E+02   6.125700E+03   1.067000E+11   1.753677E+12   2.537000E+00
   9.033311E+02   5.648500E+03   8.836000E+10   1.081327E+13   2.460000E+00
   8.829272E+02   5.304500E+03   7.569000E+10   4.728228E+13   2.408000E+00
   8.679328E+02   5.060900E+03   6.661000E+10   1.304554E+14   2.367000E+00
   8.554736E+02   4.865100E+03   5.937000E+10   2.476681E+14   2.332000E+00
   8.442945E+02   4.714300E+03   5.310000E+10   3.250414E+14   2.298000E+00
   8.337175E+02   4.577900E+03   4.755000E+10   3.560982E+14   2.265000E+00
   8.226846E+02   4.439800E+03   4.182000E+10   3.497278E+14   2.230000E+00
   8.115883E+02   4.300600E+03   3.642000E+10   3.259063E+14   2.195000E+00
   7.997014E+02   4.145800E+03   3.065000E+10   2.938531E+14   2.157000E+00
   7.875677E+02   3.974400E+03   2.479000E+10   2.648738E+14   2.118000E+00
   7.733876E+02   3.708800E+03   1.590000E+10   2.254665E+14   2.074000E+00
   7.575828E+02   3.413000E+03   9.119000E+09   2.369923E+14   2.024000E+00
   7.405275E+02   3.140700E+03   5.347000E+09   3.437980E+14   1.965000E+00
   7.226847E+02   2.941000E+03   3.686000E+09   4.171241E+14   1.899000E+00
   7.077853E+02   2.931900E+03   4.139000E+09   4.936333E+14   1.844000E+00
   6.932175E+02   2.931900E+03   4.762000E+09   5.869374E+14   1.789000E+00
   6.762184E+02   2.931900E+03   5.621000E+09   7.189901E+14   1.721000E+00
   6.563014E+02   2.931900E+03   6.847000E+09   9.130626E+14   1.638000E+00
   6.335402E+02   2.921700E+03   8.553000E+09   1.215148E+15   1.523000E+00
   6.091654E+02   2.911900E+03   1.092000E+10   1.645444E+15   1.392000E+00
   5.845460E+02   2.913100E+03   1.419000E+10   2.216246E+15   1.262000E+00
   5.620981E+02   2.924300E+03   1.824000E+10   2.893523E+15   1.148000E+00
   5.412170E+02   2.954500E+03   2.353000E+10   3.690450E+15   1.041000E+00
   5.211075E+02   2.994500E+03   3.043000E+10   4.660812E+15   9.410000E-01
   5.031915E+02   3.029800E+03   3.827000E+10   5.743139E+15   8.580000E-01
   4.871616E+02   3.061100E+03   4.696000E+10   6.926454E+15   7.870000E-01
   4.713406E+02   3.091800E+03   5.749000E+10   8.338090E+15   7.200000E-01
   4.550616E+02   3.123100E+03   7.077000E+10   1.009550E+16   6.540000E-01
   4.380721E+02   3.155600E+03   8.899000E+10   1.250274E+16   5.850000E-01
   4.210351E+02   3.187900E+03   1.165000E+11   1.621295E+16   5.120000E-01
   4.048382E+02   3.218300E+03   1.485000E+11   2.043908E+16   4.480000E-01
   3.887168E+02   3.248300E+03   1.865000E+11   2.537870E+16   3.900000E-01
   3.723050E+02   3.278700E+03   2.322000E+11   3.119649E+16   3.360000E-01
   3.552528E+02   3.309900E+03   2.882000E+11   3.817783E+16   2.840000E-01
   3.371415E+02   3.342900E+03   3.581000E+11   4.667398E+16   2.340000E-01
   3.176958E+02   3.377900E+03   4.456000E+11   5.702525E+16   1.850000E-01
   2.969075E+02   3.415000E+03   5.555000E+11   6.968167E+16   1.370000E-01
   2.744275E+02   3.454000E+03   6.875000E+11   8.427003E+16   8.400000E-02
   2.495525E+02   3.495800E+03   8.443000E+11   1.007025E+17   2.400000E-02
   2.241219E+02   3.542300E+03   1.101000E+12   1.279912E+17   2.000000E-03
   2.004253E+02   3.601600E+03   1.491000E+12   1.670692E+17   0.000000E+00
   1.782822E+02   3.682800E+03   2.055000E+12   2.161361E+17   0.000000E+00
   1.564976E+02   3.788500E+03   2.921000E+12   2.783754E+17   0.000000E+00
   1.349081E+02   3.928200E+03   4.369000E+12   3.555434E+17   0.000000E+00
   1.145976E+02   4.151800E+03   7.460000E+12   4.425905E+17   0.000000E+00
   9.654744E+01   4.466100E+03   1.418000E+13   5.164654E+17   0.000000E+00
   8.083559E+01   4.835600E+03   2.612000E+13   5.736554E+17   0.000000E+00
   6.482579E+01   5.249800E+03   4.296000E+13   6.136126E+17   0.000000E+00
   4.789698E+01   5.675100E+03   6.915000E+13   6.977037E+17   0.000000E+00
   2.989166E+01   6.101200E+03   1.123000E+14   7.147525E+17   0.000000E+00
   1.533320E+01   6.549700E+03   2.215000E+14   7.492180E+17   0.000000E+00
   0.000000E+00   6.999300E+03   4.413000E+14   7.326579E+17   0.000000E+00
