      200.000     0.000000
      250.000     0.000000
      303.000     0.000000
      350.000     0.000000
      400.000     0.000000
      450.000     0.000000
      500.000     0.000000
      550.000     0.000000
      600.000     0.000000
      650.000     0.000000
      700.000     0.000000
      750.000     0.000000
      800.000     0.000000
      810.000     0.000000
      820.000     0.000000
      830.000     0.000000
      840.000     0.000000
      850.000     0.000000
      860.000     0.000000
      870.000     0.000000
      880.000     0.000000
      890.000     0.000000
      900.000     0.000000
      920.000     0.000000
      930.000     0.000000
      940.000     0.000000
      950.000     0.000000
      960.000     0.000000
      970.000     0.000000
      980.000     0.000000
      990.000     0.000000
      1000.00     0.000000
      1020.00     0.000000
      1030.00     0.000000
      1040.00     0.000000
      1050.00     0.000000
      1060.00     0.000000
      1070.00     0.000000
      1080.00     0.000000
      1090.00     0.000000
      1110.00     0.000000
      1120.00     0.000000
      1130.00     0.000000
      1140.00     0.000000
      1150.00     0.000000
      1160.00     0.000000
      1170.00     0.000000
      1180.00     0.000000
      1190.00     0.000000
      1210.00     0.000000
      1220.00     0.000000
      1230.00     0.000000
      1250.00     0.000000
      1260.00     0.000000
      1270.00     0.000000
      1280.00     0.000000
      1290.00     0.000000
      1300.00     0.000000
      1310.00     0.000000
      1327.15     0.000000
      1329.81     0.000000
      1340.00     0.000000
      1350.00     0.000000
      1360.00     0.000000
      1370.00     0.000000
      1380.00     0.000000
      1390.00     0.000000
      1400.00     0.000000
      1410.00     0.000000
      1420.00     0.000000
      1430.00     0.000000
      1440.00     0.000000
      1450.00     0.000000
      1460.00     0.000000
      1470.00     0.000000
      1480.00     0.000000
      1490.00     0.000000
      1500.00     0.000000
      1510.00     0.000000
      1540.00     0.000000
      1550.00     0.000000
      1560.00     0.000000
      1580.00     0.000000
      1600.00     0.000000
      1610.00     0.000000
      1650.00     0.000000
      1660.00     0.000000
      1670.00     0.000000
      1690.00     0.000000
      1700.00     0.000000
      1710.00     0.000000
      1720.00     0.000000
      1730.00     0.000000
      1740.00     0.000000
      1750.00     0.000000
      1760.00     0.000000
      1770.00     0.000000
      1780.00     0.000000
      1800.00     0.000000
      1810.00     0.000000
      1820.00     0.000000
      1830.00     0.000000
      1840.00     0.000000
      1850.00     0.000000
      1860.00     0.000000
      1871.61     0.000000
      1875.35     0.000000
      1880.00     0.000000
      1890.00     0.000000
      1900.00     0.000000
      1910.00     0.000000
      1920.00     0.000000
      1930.00     0.000000
      1940.00     0.000000
      1970.00     0.000000
      1980.00     0.000000
      2000.00     0.000000
      2010.00     0.000000
      2020.00     0.000000
      2040.00     0.000000
      2060.00     0.000000
      2090.00     0.000000
      2100.00     0.000000
      2110.00     0.000000
      2120.00     0.000000
      2130.00     0.000000
      2140.00     0.000000
      2150.00     0.000000
      2160.00  0.000321449
      2170.00  0.000327274
      2180.00  0.000333099
      2200.00  0.000344748
      2210.00  0.000350573
      2220.00  0.000356398
      2230.00  0.000362222
      2240.00  0.000368047
      2280.00  0.000391346
      2290.00  0.000397171
      2300.00  0.000402996
      2310.00  0.000408820
      2320.00  0.000414645
      2330.00  0.000420470
      2340.00  0.000426295
      2350.00  0.000432119
      2360.00  0.000437944
      2370.00  0.000443769
      2380.00  0.000449594
      2390.00  0.000455418
      2400.00  0.000461243
      2420.00  0.000472893
      2430.00  0.000478717
      2440.00  0.000484542
      2450.00  0.000491432
      2460.00  0.000499995
      2470.00  0.000508558
      2480.00  0.000517121
      2490.00  0.000525684
      2500.00  0.000534246
      2530.00  0.000559935
      2540.00  0.000568498
      2550.00  0.000577061
      2560.00  0.000585623
      2570.00  0.000594186
      2580.00  0.000602749
      2590.00  0.000611312
      2610.00  0.000628437
      2620.00  0.000637000
      2630.00  0.000645563
      2640.00  0.000654126
      2650.00  0.000662689
      2660.00  0.000671252
      2670.00  0.000679814
      2680.00  0.000688377
      2690.00  0.000696940
      2700.00  0.000705503
      2710.00  0.000714066
      2720.00  0.000722628
      2730.00  0.000731191
      2740.00  0.000739754
      2750.00  0.000748317
      2760.00  0.000756880
      2770.00  0.000765443
      2780.00  0.000774005
      2790.00  0.000782568
      2800.00  0.000791131
      2810.00  0.000799694
      2820.00  0.000808257
      2830.00  0.000819195
      2840.00  0.000832820
      2850.00  0.000846444
      2880.00  0.000887318
      2890.00  0.000900942
      2900.00  0.000914567
      2910.00  0.000928191
      2950.00  0.000982689
      2960.00  0.000996313
      2970.00   0.00100994
      2980.00   0.00102356
      2990.00   0.00103719
      3000.00   0.00105081
      3010.00   0.00106444
      3020.00   0.00107806
      3030.00   0.00109168
      3040.00   0.00110531
      3050.00   0.00111893
      3060.00   0.00113256
      3070.00   0.00114618
      3080.00   0.00115981
      3090.00   0.00117343
      3120.00   0.00121430
      3140.00   0.00124155
      3150.00   0.00125518
      3160.00   0.00126880
      3170.00   0.00128243
      3180.00   0.00129605
      3190.00   0.00130968
      3200.00   0.00132330
      3210.00   0.00133692
      3220.00   0.00135055
      3230.00   0.00136417
      3240.00   0.00137780
      3250.00   0.00139142
      3260.00   0.00140505
      3270.00   0.00141867
      3280.00   0.00143230
      3290.00   0.00144592
      3300.00   0.00145954
      3310.00   0.00147317
      3320.00   0.00148679
      3330.00   0.00150042
      3340.00   0.00151404
      3350.00   0.00153424
      3360.00   0.00155820
      3370.00   0.00158216
      3380.00   0.00160612
      3420.00   0.00170196
      3450.00   0.00177384
      3460.00   0.00179780
      3470.00   0.00182176
      3480.00   0.00184572
      3490.00   0.00186968
      3500.00   0.00189364
      3510.00   0.00191760
      3520.00   0.00194156
      3530.00   0.00196552
      3540.00   0.00198948
      3550.00   0.00201344
      3560.00   0.00203740
      3570.00   0.00206136
      3580.00   0.00208532
      3590.00   0.00210928
      3600.00   0.00213324
      3610.00   0.00215720
      3620.00   0.00218116
      3630.00   0.00220512
      3660.00   0.00227700
      3670.00   0.00230096
      3690.00   0.00234888
      3700.00   0.00237284
      3710.00   0.00239680
      3720.00   0.00242076
      3730.00   0.00244472
      3740.00   0.00246868
      3770.00   0.00254056
      3780.00   0.00256452
      3790.00   0.00258848
      3800.00   0.00261244
      3810.00   0.00263640
      3820.00   0.00266036
      3830.00   0.00268432
      3840.00   0.00270828
      3860.00   0.00275620
      3870.00   0.00278016
      3890.00   0.00282808
      3900.00   0.00285204
      3910.00   0.00287600
      3920.00   0.00289996
      3930.00   0.00292392
      3940.00   0.00294788
      3950.00   0.00297184
      3960.00   0.00299580
      3970.00   0.00301976
      3980.00   0.00304372
      3990.00   0.00306768
      4000.00   0.00309164
      4010.00   0.00311560
      4020.00   0.00313956
      4030.00   0.00316352
      4050.00   0.00321144
      4110.00   0.00339208
      4120.00   0.00344045
      4130.00   0.00348882
      4140.00   0.00353719
      4150.00   0.00358556
      4160.00   0.00363393
      4170.00   0.00368230
      4180.00   0.00373067
      4190.00   0.00377904
      4200.00   0.00382741
      4210.00   0.00387578
      4220.00   0.00392416
      4230.00   0.00397253
      4240.00   0.00402090
      4250.00   0.00406927
      4260.00   0.00411764
      4270.00   0.00416601
      4280.00   0.00421438
      4290.00   0.00426275
      4300.00   0.00431112
      4310.00   0.00435949
      4320.00   0.00440786
      4330.00   0.00445623
      4340.00   0.00450460
      4350.00   0.00455298
      4360.00   0.00460135
      4370.00   0.00464972
      4380.00   0.00469809
      4390.00   0.00474646
      4400.00   0.00479483
      4410.00   0.00484320
      4420.00   0.00489157
      4430.00   0.00493994
      4440.00   0.00498831
      4450.00   0.00503668
      4460.00   0.00508505
      4470.00   0.00513342
      4480.00   0.00518179
      4490.00   0.00523017
      4500.00   0.00527854
      4510.00   0.00532691
      4520.00   0.00537528
      4530.00   0.00542365
      4540.00   0.00547202
      4560.00   0.00556876
      4570.00   0.00561713
      4580.00   0.00566550
      4590.00   0.00571387
      4600.00   0.00576224
      4610.00   0.00581061
      4620.00   0.00585899
      4630.00   0.00590736
      4640.00   0.00595573
      4650.00   0.00600410
      4660.00   0.00605247
      4670.00   0.00610084
      4680.00   0.00614921
      4690.00   0.00619758
      4700.00   0.00624595
      4710.00   0.00629432
      4720.00   0.00634269
      4730.00   0.00639106
      4740.00   0.00643944
      4750.00   0.00648781
      4760.00   0.00653618
      4770.00   0.00658455
      4780.00   0.00663292
      4790.00   0.00668129
      4800.00   0.00672966
      4810.00   0.00677803
      4820.00   0.00682640
      4830.00   0.00687477
      4840.00   0.00692314
      4850.00   0.00697151
      4860.00   0.00701988
      4870.00   0.00706825
      4880.00   0.00711663
      4890.00   0.00716500
      4900.00   0.00721337
      4910.00   0.00726174
      4920.00   0.00731011
      4930.00   0.00735848
      4940.00   0.00740685
      4950.00   0.00745522
      4960.00   0.00750359
      4970.00   0.00755196
      4980.00   0.00760033
      4990.00   0.00764870
      5000.00   0.00769707
      5010.00   0.00774545
      5020.00   0.00779382
      5030.00   0.00784219
      5040.00   0.00789056
      5050.00   0.00793893
      5060.00   0.00798730
      5070.00   0.00803567
      5080.00   0.00808404
      5090.00   0.00813241
      5100.00   0.00818078
      5110.00   0.00822915
      5120.00   0.00827752
      5130.00   0.00832589
      5140.00   0.00837427
      5150.00   0.00842264
      5160.00   0.00847101
      5170.00   0.00851938
      5180.00   0.00856775
      5190.00   0.00861612
      5200.00   0.00866449
      5210.00   0.00871286
      5220.00   0.00876123
      5230.00   0.00880960
      5240.00   0.00885797
      5250.00   0.00890634
      5260.00   0.00895471
      5270.00   0.00900309
      5280.00   0.00905146
      5290.00   0.00912189
      5300.00   0.00919639
      5310.00   0.00927090
      5320.00   0.00934540
      5330.00   0.00941991
      5340.00   0.00949441
      5350.00   0.00956892
      5360.00   0.00964342
      5370.00   0.00971793
      5380.00   0.00979243
      5390.00   0.00986694
      5400.00   0.00994144
      5410.00    0.0100159
      5420.00    0.0100905
      5430.00    0.0101650
      5440.00    0.0102395
      5450.00    0.0103140
      5460.00    0.0103885
      5470.00    0.0104630
      5480.00    0.0105375
      5490.00    0.0106120
      5500.00    0.0106865
      5510.00    0.0107610
      5520.00    0.0108355
      5530.00    0.0109100
      5540.00    0.0109845
      5550.00    0.0110590
      5560.00    0.0111335
      5570.00    0.0112080
      5580.00    0.0112825
      5590.00    0.0113570
      5600.00    0.0114315
      5610.00    0.0115112
      5620.00    0.0116004
      5630.00    0.0116897
      5640.00    0.0117789
      5650.00    0.0118682
      5660.00    0.0119574
      5670.00    0.0120466
      5680.00    0.0121359
      5690.00    0.0122251
      5700.00    0.0123144
      5710.00    0.0124036
      5720.00    0.0124928
      5730.00    0.0125821
      5740.00    0.0126713
      5750.00    0.0127606
      5760.00    0.0128498
      5770.00    0.0129390
      5780.00    0.0130283
      5790.00    0.0131175
      5800.00    0.0132068
      5810.00    0.0132960
      5820.00    0.0133852
      5830.00    0.0134745
      5840.00    0.0135637
      5850.00    0.0136530
      5860.00    0.0137422
      5870.00    0.0138314
      5880.00    0.0139207
      5890.00    0.0140099
      5900.00    0.0140992
      5910.00    0.0141884
      5920.00    0.0142776
      5930.00    0.0143669
      5940.00    0.0144561
      5950.00    0.0145454
      5960.00    0.0146346
      5970.00    0.0147238
      5980.00    0.0148246
      5990.00    0.0149331
      6000.00    0.0150417
      6010.00    0.0151502
      6020.00    0.0152588
      6030.00    0.0153674
      6040.00    0.0154759
      6050.00    0.0155845
      6060.00    0.0156930
      6070.00    0.0158016
      6080.00    0.0159102
      6090.00    0.0160187
      6100.00    0.0161273
      6110.00    0.0162358
      6120.00    0.0163444
      6130.00    0.0164530
      6140.00    0.0165615
      6150.00    0.0166701
      6160.00    0.0167786
      6170.00    0.0168872
      6180.00    0.0169958
      6190.00    0.0171043
      6200.00    0.0172129
      6210.00    0.0173215
      6220.00    0.0174300
      6230.00    0.0175386
      6240.00    0.0176471
      6250.00    0.0177557
      6260.00    0.0178643
      6270.00    0.0179728
      6280.00    0.0180814
      6290.00    0.0181899
      6300.00    0.0182985
      6310.00    0.0184071
      6320.00    0.0185156
      6330.00    0.0186242
      6340.00    0.0187327
      6350.00    0.0188413
      6360.00    0.0189499
      6370.00    0.0190584
      6380.00    0.0191670
      6390.00    0.0192755
      6400.00    0.0194008
      6410.00    0.0195339
      6420.00    0.0196670
      6430.00    0.0198001
      6440.00    0.0199332
      6450.00    0.0200663
      6460.00    0.0201994
      6470.00    0.0203325
      6480.00    0.0204656
      6490.00    0.0205987
      6500.00    0.0207318
      6510.00    0.0208649
      6520.00    0.0209980
      6530.00    0.0211311
      6540.00    0.0212642
      6550.00    0.0213972
      6560.00    0.0215303
      6570.00    0.0216634
      6580.00    0.0217965
      6590.00    0.0219296
      6600.00    0.0220627
      6610.00    0.0221958
      6620.00    0.0223289
      6630.00    0.0224620
      6640.00    0.0225951
      6650.00    0.0227282
      6660.00    0.0228613
      6670.00    0.0229944
      6680.00    0.0231275
      6690.00    0.0232606
      6700.00    0.0233936
      6710.00    0.0235267
      6720.00    0.0236598
      6730.00    0.0237929
      6740.00    0.0239260
      6750.00    0.0240591
      6760.00    0.0241922
      6770.00    0.0243253
      6780.00    0.0244584
      6790.00    0.0245915
      6800.00    0.0247246
      6810.00    0.0248577
      6820.00    0.0249908
      6830.00    0.0251239
      6840.00    0.0252570
      6850.00    0.0253901
      6860.00    0.0255231
      6870.00    0.0256562
      6880.00    0.0258040
      6890.00    0.0259699
      6900.00    0.0261358
      6910.00    0.0263017
      6920.00    0.0264677
      6930.00    0.0266336
      6940.00    0.0267995
      6950.00    0.0269654
      6960.00    0.0271314
      6970.00    0.0272973
      6980.00    0.0274632
      6990.00    0.0276291
      7000.00    0.0277951
      7010.00    0.0279610
      7020.00    0.0281269
      7030.00    0.0282928
      7040.00    0.0284588
      7050.00    0.0286247
      7060.00    0.0287906
      7070.00    0.0289565
      7080.00    0.0291225
      7090.00    0.0292884
      7100.00    0.0294543
      7110.00    0.0296202
      7120.00    0.0297862
      7130.00    0.0299521
      7140.00    0.0301180
      7170.00    0.0306158
      7180.00    0.0307817
      7190.00    0.0309476
      7200.00    0.0311136
      7210.00    0.0312795
      7220.00    0.0314454
      7230.00    0.0316113
      7240.00    0.0317773
      7250.00    0.0319432
      7260.00    0.0321091
      7270.00    0.0322750
      7280.00    0.0324410
      7290.00    0.0326069
      7300.00    0.0327728
      7310.00    0.0329387
      7320.00    0.0331047
      7330.00    0.0332706
      7340.00    0.0334365
      7350.00    0.0336024
      7360.00    0.0337684
      7370.00    0.0339343
      7380.00    0.0341002
      7390.00    0.0342661
      7400.00    0.0344321
      7410.00    0.0345980
      7430.00    0.0349298
      7460.00    0.0355296
      7470.00    0.0357392
      7480.00    0.0359488
      7490.00    0.0361584
      7500.00    0.0363680
      7510.00    0.0365776
      7520.00    0.0367872
      7530.00    0.0369968
      7540.00    0.0372063
      7550.00    0.0374159
      7560.00    0.0376255
      7570.00    0.0378351
      7580.00    0.0380447
      7590.00    0.0382543
      7600.00    0.0384639
      7610.00    0.0386735
      7620.00    0.0388831
      7630.00    0.0390927
      7640.00    0.0393022
      7650.00    0.0395118
      7660.00    0.0397214
      7670.00    0.0399310
      7680.00    0.0401406
      7690.00    0.0403502
      7700.00    0.0405598
      7710.00    0.0407694
      7720.00    0.0409790
      7730.00    0.0411886
      7740.00    0.0413981
      7750.00    0.0416077
      7760.00    0.0418173
      7770.00    0.0420269
      7780.00    0.0422365
      7790.00    0.0424461
      7800.00    0.0426557
      7810.00    0.0428653
      7820.00    0.0430749
      7830.00    0.0432845
      7840.00    0.0434940
      7850.00    0.0437036
      7860.00    0.0439132
      7870.00    0.0441228
      7880.00    0.0443324
      7890.00    0.0445420
      7900.00    0.0447516
      7910.00    0.0449612
      7920.00    0.0451708
      7930.00    0.0453804
      7940.00    0.0455899
      7950.00    0.0457995
      7960.00    0.0460091
      7970.00    0.0462187
      7980.00    0.0464283
      7990.00    0.0466379
      8000.00    0.0468475
      8010.00    0.0470571
      8020.00    0.0472667
      8030.00    0.0474763
      8040.00    0.0476858
      8050.00    0.0478954
      8060.00    0.0481050
      8070.00    0.0483146
      8080.00    0.0485242
      8090.00    0.0487338
      8100.00    0.0489588
      8110.00    0.0492291
      8120.00    0.0494993
      8130.00    0.0497695
      8170.00    0.0508504
      8180.00    0.0511207
      8290.00    0.0540932
      8300.00    0.0543634
      8310.00    0.0546336
      8320.00    0.0549038
      8330.00    0.0551741
      8340.00    0.0554443
      8350.00    0.0557145
      8360.00    0.0559848
      8370.00    0.0562550
      8380.00    0.0565252
      8390.00    0.0567954
      8400.00    0.0570657
      8410.00    0.0573359
      8420.00    0.0576061
      8430.00    0.0578763
      8440.00    0.0581466
      8450.00    0.0584168
      8460.00    0.0586870
      8470.00    0.0589573
      8480.00    0.0592275
      8490.00    0.0594977
      8500.00    0.0597679
      8510.00    0.0600382
      8520.00    0.0603084
      8530.00    0.0605786
      8540.00    0.0608489
      8550.00    0.0611191
      8560.00    0.0613893
      8570.00    0.0616595
      8580.00    0.0619298
      8590.00    0.0622000
      8600.00    0.0624702
      8610.00    0.0627404
      8620.00    0.0630107
      8630.00    0.0632809
      8640.00    0.0635511
      8650.00    0.0638214
      8660.00    0.0640916
      8670.00    0.0643618
      8680.00    0.0646320
      8690.00    0.0649023
      8700.00    0.0651725
      8710.00    0.0654427
      8720.00    0.0657130
      8730.00    0.0659832
      8740.00    0.0662534
      8750.00    0.0665236
      8760.00    0.0667939
      8770.00    0.0670641
      8780.00    0.0673343
      8790.00    0.0676045
      8800.00    0.0678748
      8810.00    0.0681450
      8820.00    0.0684152
      8830.00    0.0686855
      8840.00    0.0689557
      8850.00    0.0692259
      8860.00    0.0694961
      8870.00    0.0697664
      8880.00    0.0700366
      8890.00    0.0703311
      8900.00    0.0706869
      8910.00    0.0710427
      8920.00    0.0713985
      8930.00    0.0717543
      8940.00    0.0721101
      8950.00    0.0724659
      8960.00    0.0728217
      8970.00    0.0731775
      8980.00    0.0735333
      8990.00    0.0738891
      9000.00    0.0742449
      9010.00    0.0746007
      9020.00    0.0749565
      9030.00    0.0753123
      9040.00    0.0756681
      9050.00    0.0760239
      9060.00    0.0763797
      9070.00    0.0767355
      9080.00    0.0770913
      9090.00    0.0774470
      9100.00    0.0778028
      9110.00    0.0781586
      9120.00    0.0785144
      9130.00    0.0788702
      9140.00    0.0792260
      9150.00    0.0795818
      9160.00    0.0799376
      9170.00    0.0802934
      9180.00    0.0806492
      9190.00    0.0810050
      9200.00    0.0813608
      9210.00    0.0817166
      9220.00    0.0820724
      9230.00    0.0824282
      9240.00    0.0827840
      9250.00    0.0831398
      9260.00    0.0834956
      9270.00    0.0838514
      9280.00    0.0842072
      9290.00    0.0845630
      9300.00    0.0849188
      9310.00    0.0852745
      9320.00    0.0856303
      9330.00    0.0859861
      9340.00    0.0863419
      9350.00    0.0866977
      9360.00    0.0870535
      9370.00    0.0874093
      9380.00    0.0877651
      9390.00    0.0881209
      9400.00    0.0884767
      9410.00    0.0888325
      9420.00    0.0891883
      9430.00    0.0895441
      9440.00    0.0898999
      9450.00    0.0902557
      9460.00    0.0906115
      9470.00    0.0909673
      9480.00    0.0913231
      9490.00    0.0916789
      9500.00    0.0920347
      9510.00    0.0923904
      9520.00    0.0927462
      9530.00    0.0931020
      9540.00    0.0934578
      9550.00    0.0938136
      9560.00    0.0941694
      9570.00    0.0945252
      9580.00    0.0948810
      9590.00    0.0952368
      9600.00    0.0955926
      9610.00    0.0959484
      9620.00    0.0963042
      9630.00    0.0966600
      9640.00    0.0970158
      9650.00    0.0973716
      9660.00    0.0977274
      9670.00    0.0980832
      9680.00    0.0984390
      9690.00    0.0987948
      9700.00    0.0991506
      9710.00    0.0995064
      9720.00    0.0998622
      9730.00     0.100218
      9740.00     0.100574
      9750.00     0.100930
      9760.00     0.101285
      9770.00     0.101641
      9780.00     0.101997
      9790.00     0.102353
      9800.00     0.102709
      9810.00     0.103064
      9820.00     0.103420
      9830.00     0.103776
      9840.00     0.104132
      9850.00     0.104518
      9860.00     0.104998
      9870.00     0.105479
      9880.00     0.105959
      9890.00     0.106439
      9900.00     0.106919
      9910.00     0.107400
      9920.00     0.107880
      9930.00     0.108360
      9940.00     0.108840
      9950.00     0.109321
      9960.00     0.109801
      9970.00     0.110281
      9980.00     0.110761
      9990.00     0.111242
      10000.0     0.111722
      10010.0     0.112202
      10020.0     0.112683
      10030.0     0.113163
      10040.0     0.113643
      10050.0     0.114123
      10060.0     0.114604
      10070.0     0.115084
      10080.0     0.115564
      10090.0     0.116044
      10100.0     0.116525
      10110.0     0.117005
      10120.0     0.117485
      10130.0     0.117965
      10140.0     0.118446
      10150.0     0.118926
      10160.0     0.119406
      10170.0     0.119886
      10180.0     0.120367
      10190.0     0.120847
      10200.0     0.121327
      10210.0     0.121807
      10220.0     0.122288
      10230.0     0.122768
      10240.0     0.123248
      10250.0     0.123728
      10260.0     0.124209
      10270.0     0.124689
      10280.0     0.125169
      10290.0     0.125650
      10300.0     0.126130
      10310.0     0.126610
      10320.0     0.127090
      10330.0     0.127571
      10340.0     0.128051
      10350.0     0.128531
      10360.0     0.129011
      10370.0     0.129492
      10380.0     0.129972
      10390.0     0.130452
      10400.0     0.130932
      10410.0     0.131413
      10420.0     0.131893
      10430.0     0.132373
      10440.0     0.132853
      10450.0     0.133334
      10460.0     0.133814
      10470.0     0.134294
      10480.0     0.134774
      10490.0     0.135255
      10500.0     0.135735
      10510.0     0.136215
      10520.0     0.136695
      10530.0     0.137176
      10540.0     0.137656
      10550.0     0.138136
      10560.0     0.138617
      10570.0     0.139097
      10580.0     0.139577
      10590.0     0.140057
      10600.0     0.140538
      10610.0     0.141018
      10620.0     0.141498
      10630.0     0.141978
      10640.0     0.142459
      10650.0     0.142939
      10660.0     0.143419
      10670.0     0.143899
      10680.0     0.144380
      10690.0     0.144860
      10700.0     0.145340
      10710.0     0.145820
      10720.0     0.146301
      10730.0     0.146781
      10740.0     0.147261
      10750.0     0.147741
      10760.0     0.148222
      10770.0     0.148702
      10780.0     0.149182
      10790.0     0.149663
      10800.0     0.150143
      10810.0     0.150623
      10820.0     0.151103
      10830.0     0.151584
      10840.0     0.152064
      10850.0     0.152544
      10860.0     0.153024
      10870.0     0.153505
      10880.0     0.153985
      10890.0     0.154465
      10900.0     0.154945
      10910.0     0.155426
      10920.0     0.155906
      10930.0     0.156386
      10940.0     0.156866
      10950.0     0.157347
      10960.0     0.157827
      10970.0     0.158307
      10980.0     0.158787
      10990.0     0.159268
      11000.0     0.159748
      11010.0     0.160228
      11020.0     0.160708
      11030.0     0.161189
      11040.0     0.161669
      11050.0     0.162327
      11060.0     0.162998
      11070.0     0.163669
      11080.0     0.164340
      11090.0     0.165011
      11100.0     0.165682
      11110.0     0.166352
      11120.0     0.167023
      11130.0     0.167694
      11140.0     0.168365
      11150.0     0.169036
      11160.0     0.169706
      11170.0     0.170377
      11180.0     0.171048
      11190.0     0.171719
      11200.0     0.172390
      11210.0     0.173060
      11220.0     0.173731
      11230.0     0.174402
      11240.0     0.175073
      11250.0     0.175744
      11260.0     0.176414
      11270.0     0.177085
      11280.0     0.177756
      11290.0     0.178427
      11300.0     0.179098
      11310.0     0.179768
      11320.0     0.180439
      11330.0     0.181110
      11340.0     0.181781
      11350.0     0.182452
      11360.0     0.183122
      11370.0     0.183793
      11380.0     0.184464
      11390.0     0.185135
      11400.0     0.185806
      11410.0     0.186476
      11420.0     0.187147
      11430.0     0.187818
      11440.0     0.188489
      11450.0     0.189160
      11460.0     0.189830
      11470.0     0.190501
      11480.0     0.191172
      11490.0     0.191843
      11500.0     0.192514
      11510.0     0.193184
      11520.0     0.193855
      11530.0     0.194526
      11540.0     0.195197
      11550.0     0.195868
      11560.0     0.196538
      11570.0     0.197209
      11580.0     0.197880
      11590.0     0.198551
      11600.0     0.199222
      11610.0     0.199892
      11620.0     0.200563
      11630.0     0.201234
      11640.0     0.201905
      11650.0     0.202576
      11660.0     0.203246
      11670.0     0.203917
      11680.0     0.204588
      11690.0     0.205259
      11700.0     0.205930
      11710.0     0.206600
      11720.0     0.207271
      11730.0     0.207942
      11740.0     0.208613
      11750.0     0.209284
      11760.0     0.209954
      11770.0     0.210625
      11780.0     0.211296
      11790.0     0.211967
      11800.0     0.212638
      11810.0     0.213308
      11820.0     0.213979
      11830.0     0.214650
      11840.0     0.215321
      11850.0     0.215992
      11860.0     0.216662
      11870.0     0.217333
      11880.0     0.218004
      11890.0     0.218675
      11900.0     0.219346
      11910.0     0.220016
      11920.0     0.220687
      11930.0     0.221358
      11940.0     0.222029
      11950.0     0.222700
      11960.0     0.223370
      11970.0     0.224041
      11980.0     0.224712
      11990.0     0.225383
      12000.0     0.226054
      12010.0     0.226724
      12020.0     0.227395
      12030.0     0.228066
      12040.0     0.228737
      12050.0     0.229408
      12060.0     0.230078
      12070.0     0.230749
      12080.0     0.231420
      12090.0     0.232091
      12100.0     0.232762
      12110.0     0.233432
      12120.0     0.234103
      12130.0     0.234774
      12140.0     0.235445
      12150.0     0.236116
      12160.0     0.236786
      12170.0     0.237457
      12180.0     0.238128
      12190.0     0.238799
      12200.0     0.239470
      12210.0     0.240140
      12220.0     0.240811
      12230.0     0.241482
      12240.0     0.242153
      12250.0     0.242824
      12260.0     0.243494
      12270.0     0.244165
      12280.0     0.244836
      12290.0     0.245507
      12300.0     0.246178
      12310.0     0.246848
      12320.0     0.247519
      12330.0     0.248190
      12340.0     0.248861
      12350.0     0.249532
      12360.0     0.250203
      12370.0     0.250873
      12380.0     0.251544
      12390.0     0.252215
      12400.0     0.252886
      12410.0     0.253557
      12420.0     0.254227
      12430.0     0.254898
      12440.0     0.255569
      12450.0     0.256240
      12460.0     0.256911
      12470.0     0.257581
      12480.0     0.258252
      12490.0     0.258923
      12500.0     0.259594
      12510.0     0.260265
      12520.0     0.260935
      12530.0     0.261606
      12540.0     0.262277
      12550.0     0.262948
      12560.0     0.263619
      12570.0     0.264400
      12580.0     0.265223
      12590.0     0.266045
      12600.0     0.266868
      12610.0     0.267690
      12620.0     0.268513
      12630.0     0.269336
      12640.0     0.270158
      12650.0     0.270981
      12660.0     0.271803
      12670.0     0.272626
      12680.0     0.273448
      12690.0     0.274271
      12700.0     0.275094
      12710.0     0.275916
      12720.0     0.276739
      12730.0     0.277561
      12740.0     0.278384
      12750.0     0.279207
      12760.0     0.280029
      12770.0     0.280852
      12780.0     0.281674
      12790.0     0.282497
      12800.0     0.283319
      12810.0     0.284142
      12820.0     0.284965
      12830.0     0.285787
      12840.0     0.286610
      12850.0     0.287432
      12860.0     0.288255
      12870.0     0.289077
      12880.0     0.289900
      12890.0     0.290723
      12900.0     0.291545
      12910.0     0.292368
      12920.0     0.293197
      12930.0     0.294083
      12940.0     0.294969
      12950.0     0.295855
      12960.0     0.296741
      12970.0     0.297627
      12980.0     0.298513
      12990.0     0.299399
      13000.0     0.300285
      13010.0     0.301171
      13020.0     0.302057
      13030.0     0.302943
      13040.0     0.303829
      13050.0     0.304715
      13060.0     0.305601
      13070.0     0.306487
      13080.0     0.307373
      13090.0     0.308259
      13100.0     0.309145
      13110.0     0.310031
      13120.0     0.310917
      13130.0     0.311803
      13140.0     0.312689
      13150.0     0.313575
      13160.0     0.314461
      13170.0     0.315347
      13180.0     0.316233
      13190.0     0.317118
      13200.0     0.318004
      13210.0     0.318890
      13220.0     0.319776
      13230.0     0.320662
      13240.0     0.321548
      13250.0     0.322434
      13260.0     0.323320
      13270.0     0.324206
      13280.0     0.325092
      13290.0     0.325978
      13300.0     0.326895
      13310.0     0.327856
      13320.0     0.328817
      13330.0     0.329777
      13340.0     0.330738
      13350.0     0.331699
      13360.0     0.332660
      13370.0     0.333621
      13380.0     0.334582
      13390.0     0.335543
      13400.0     0.336503
      13410.0     0.337464
      13420.0     0.338425
      13430.0     0.339386
      13440.0     0.340347
      13450.0     0.341308
      13460.0     0.342268
      13470.0     0.343229
      13480.0     0.344190
      13490.0     0.345151
      13500.0     0.346112
      13510.0     0.347073
      13520.0     0.348033
      13530.0     0.348994
      13540.0     0.349955
      13550.0     0.350916
      13560.0     0.351877
      13570.0     0.352838
      13580.0     0.353798
      13590.0     0.354759
      13600.0     0.355720
      13610.0     0.356681
      13620.0     0.357642
      13630.0     0.358603
      13640.0     0.359563
      13650.0     0.360524
      13660.0     0.361485
      13670.0     0.362446
      13680.0     0.363407
      13690.0     0.364368
      13700.0     0.365362
      13710.0     0.366399
      13720.0     0.367436
      13730.0     0.368472
      13740.0     0.369509
      13750.0     0.370546
      13760.0     0.371583
      13770.0     0.372619
      13780.0     0.373656
      13790.0     0.374693
      13800.0     0.375729
      13810.0     0.376766
      13820.0     0.377803
      13830.0     0.378840
      13840.0     0.379876
      13850.0     0.380913
      13860.0     0.381950
      13870.0     0.382986
      13880.0     0.384023
      13890.0     0.385060
      13900.0     0.386097
      13910.0     0.387133
      13920.0     0.388170
      13930.0     0.389207
      13940.0     0.390243
      13950.0     0.391280
      13960.0     0.392317
      13970.0     0.393353
      13980.0     0.394390
      13990.0     0.395427
      14000.0     0.396464
      14010.0     0.397500
      14020.0     0.398537
      14030.0     0.399574
      14040.0     0.400610
      14050.0     0.401647
      14060.0     0.402684
      14070.0     0.403720
      14080.0     0.404757
      14090.0     0.405794
      14100.0     0.406831
      14110.0     0.407867
      14120.0     0.408904
      14130.0     0.410034
      14140.0     0.411163
      14150.0     0.412293
      14160.0     0.413422
      14170.0     0.414551
      14180.0     0.415681
      14190.0     0.416810
      14200.0     0.417940
      14210.0     0.419069
      14220.0     0.420198
      14230.0     0.421328
      14240.0     0.422457
      14250.0     0.423587
      14260.0     0.424716
      14270.0     0.425845
      14280.0     0.426975
      14290.0     0.428104
      14300.0     0.429234
      14310.0     0.430363
      14320.0     0.431493
      14330.0     0.432622
      14340.0     0.433751
      14350.0     0.434881
      14360.0     0.436010
      14370.0     0.437140
      14380.0     0.438269
      14390.0     0.439398
      14400.0     0.440528
      14410.0     0.441657
      14420.0     0.442787
      14430.0     0.443916
      14440.0     0.445045
      14450.0     0.446175
      14460.0     0.447304
      14470.0     0.448434
      14480.0     0.449563
      14490.0     0.450692
      14500.0     0.451822
      14510.0     0.452951
      14520.0     0.454081
      14530.0     0.455210
      14540.0     0.456339
      14550.0     0.457469
      14560.0     0.458598
      14570.0     0.459728
     14571.53       0.4599
      14580.0     0.000000
      14590.0     0.000000
      14600.0     0.000000
      14610.0     0.000000
      14620.0     0.000000
      14630.0     0.000000
      14640.0     0.000000
      14650.0     0.000000
      14660.0     0.000000
      14670.0     0.000000
      14680.0     0.000000
      14690.0     0.000000
      14700.0     0.000000
      14710.0     0.000000
      14720.0     0.000000
      14730.0     0.000000
      14740.0     0.000000
      14750.0     0.000000
      14760.0     0.000000
      14770.0     0.000000
      14780.0     0.000000
      14790.0     0.000000
      14800.0     0.000000
      14810.0     0.000000
      14820.0     0.000000
      14830.0     0.000000
      14840.0     0.000000
      14850.0     0.000000
      14860.0     0.000000
      14870.0     0.000000
      14880.0     0.000000
      14890.0     0.000000
      14900.0     0.000000
      14910.0     0.000000
      14920.0     0.000000
      14930.0     0.000000
      14940.0     0.000000
      14950.0     0.000000
      14960.0     0.000000
      14970.0     0.000000
      14980.0     0.000000
      14990.0     0.000000
      15000.0     0.000000
      15010.0     0.000000
      15020.0     0.000000
      15030.0     0.000000
      15040.0     0.000000
      15050.0     0.000000
      15060.0     0.000000
      15070.0     0.000000
      15080.0     0.000000
      15090.0     0.000000
      15100.0     0.000000
      15110.0     0.000000
      15120.0     0.000000
      15130.0     0.000000
      15140.0     0.000000
      15150.0     0.000000
      15160.0     0.000000
      15170.0     0.000000
      15180.0     0.000000
      15190.0     0.000000
      15200.0     0.000000
      15210.0     0.000000
      15220.0     0.000000
      15230.0     0.000000
      15240.0     0.000000
      15250.0     0.000000
      15260.0     0.000000
      15270.0     0.000000
      15280.0     0.000000
      15290.0     0.000000
      15300.0     0.000000
      15310.0     0.000000
      15320.0     0.000000
      15330.0     0.000000
      15340.0     0.000000
      15350.0     0.000000
      15360.0     0.000000
      15370.0     0.000000
      15380.0     0.000000
      15390.0     0.000000
      15400.0     0.000000
      15410.0     0.000000
      15420.0     0.000000
      15430.0     0.000000
      15440.0     0.000000
      15450.0     0.000000
      15460.0     0.000000
      15470.0     0.000000
      15480.0     0.000000
      15490.0     0.000000
      15500.0     0.000000
      15510.0     0.000000
      15520.0     0.000000
      15530.0     0.000000
      15540.0     0.000000
      15550.0     0.000000
      15560.0     0.000000
      15570.0     0.000000
      15580.0     0.000000
      15590.0     0.000000
      15600.0     0.000000
      15610.0     0.000000
      15620.0     0.000000
      15630.0     0.000000
      15640.0     0.000000
      15650.0     0.000000
      15660.0     0.000000
      15670.0     0.000000
      15680.0     0.000000
      15690.0     0.000000
      15700.0     0.000000
      15710.0     0.000000
      15720.0     0.000000
      15730.0     0.000000
      15740.0     0.000000
      15750.0     0.000000
      15760.0     0.000000
      15770.0     0.000000
      15780.0     0.000000
      15790.0     0.000000
      15800.0     0.000000
      15810.0     0.000000
      15820.0     0.000000
      15830.0     0.000000
      15840.0     0.000000
      15850.0     0.000000
      15860.0     0.000000
      15870.0     0.000000
      15880.0     0.000000
      15890.0     0.000000
      15900.0     0.000000
      15910.0     0.000000
      15920.0     0.000000
      15930.0     0.000000
      15940.0     0.000000
      15950.0     0.000000
      15960.0     0.000000
      15970.0     0.000000
      15980.0     0.000000
      15990.0     0.000000
      16000.0     0.000000
      16010.0     0.000000
      16020.0     0.000000
      16030.0     0.000000
      16040.0     0.000000
      16050.0     0.000000
      16060.0     0.000000
      16070.0     0.000000
      16080.0     0.000000
      16090.0     0.000000
      16100.0     0.000000
      16110.0     0.000000
      16120.0     0.000000
      16130.0     0.000000
      16140.0     0.000000
      16150.0     0.000000
      16160.0     0.000000
      16170.0     0.000000
      16180.0     0.000000
      16190.0     0.000000
      16200.0     0.000000
      16210.0     0.000000
      16220.0     0.000000
      16230.0     0.000000
      16240.0     0.000000
      16250.0     0.000000
      16260.0     0.000000
      16270.0     0.000000
      16280.0     0.000000
      16290.0     0.000000
      16300.0     0.000000
      16310.0     0.000000
      16320.0     0.000000
      16330.0     0.000000
      16340.0     0.000000
      16350.0     0.000000
      16360.0     0.000000
      16370.0     0.000000
      16380.0     0.000000
      16390.0     0.000000
      16400.0     0.000000
      16410.0     0.000000
      16420.0     0.000000
      16430.0     0.000000
      16440.0     0.000000
      16450.0     0.000000
      16460.0     0.000000
      16470.0     0.000000
      16480.0     0.000000
      16490.0     0.000000
      16500.0     0.000000
      16510.0     0.000000
      16520.0     0.000000
      16530.0     0.000000
      16540.0     0.000000
      16550.0     0.000000
      16560.0     0.000000
      16570.0     0.000000
      16580.0     0.000000
      16590.0     0.000000
      16600.0     0.000000
      16610.0     0.000000
      16620.0     0.000000
      16630.0     0.000000
      16640.0     0.000000
      16650.0     0.000000
      16660.0     0.000000
      16670.0     0.000000
      16680.0     0.000000
      16690.0     0.000000
      16700.0     0.000000
      16710.0     0.000000
      16720.0     0.000000
      16730.0     0.000000
      16740.0     0.000000
      16750.0     0.000000
      16760.0     0.000000
      16770.0     0.000000
      16780.0     0.000000
      16790.0     0.000000
      16800.0     0.000000
      16810.0     0.000000
      16820.0     0.000000
      16830.0     0.000000
      16840.0     0.000000
      16850.0     0.000000
      16860.0     0.000000
      16870.0     0.000000
      16880.0     0.000000
      16890.0     0.000000
      16900.0     0.000000
      16910.0     0.000000
      16920.0     0.000000
      16930.0     0.000000
      16940.0     0.000000
      16950.0     0.000000
      16960.0     0.000000
      16970.0     0.000000
      16980.0     0.000000
      16990.0     0.000000
      17000.0     0.000000
      17010.0     0.000000
      17020.0     0.000000
      17030.0     0.000000
      17040.0     0.000000
      17050.0     0.000000
      17060.0     0.000000
      17070.0     0.000000
      17080.0     0.000000
      17090.0     0.000000
      17100.0     0.000000
      17110.0     0.000000
      17120.0     0.000000
      17130.0     0.000000
      17140.0     0.000000
      17150.0     0.000000
      17160.0     0.000000
      17170.0     0.000000
      17180.0     0.000000
      17190.0     0.000000
      17200.0     0.000000
      17210.0     0.000000
      17220.0     0.000000
      17230.0     0.000000
      17240.0     0.000000
      17250.0     0.000000
      17260.0     0.000000
      17270.0     0.000000
      17280.0     0.000000
      17290.0     0.000000
      17300.0     0.000000
      17310.0     0.000000
      17320.0     0.000000
      17330.0     0.000000
      17340.0     0.000000
      17350.0     0.000000
      17360.0     0.000000
      17370.0     0.000000
      17380.0     0.000000
      17390.0     0.000000
      17400.0     0.000000
      17410.0     0.000000
      17420.0     0.000000
      17430.0     0.000000
      17440.0     0.000000
      17450.0     0.000000
      17460.0     0.000000
      17470.0     0.000000
      17480.0     0.000000
      17490.0     0.000000
      17500.0     0.000000
      17510.0     0.000000
      17520.0     0.000000
      17530.0     0.000000
      17540.0     0.000000
      17550.0     0.000000
      17560.0     0.000000
      17570.0     0.000000
      17580.0     0.000000
      17590.0     0.000000
      17600.0     0.000000
      17610.0     0.000000
      17620.0     0.000000
      17630.0     0.000000
      17640.0     0.000000
      17650.0     0.000000
      17660.0     0.000000
      17670.0     0.000000
      17680.0     0.000000
      17690.0     0.000000
      17700.0     0.000000
      17710.0     0.000000
      17720.0     0.000000
      17730.0     0.000000
      17740.0     0.000000
      17750.0     0.000000
      17760.0     0.000000
      17770.0     0.000000
      17780.0     0.000000
      17790.0     0.000000
      17800.0     0.000000
      17810.0     0.000000
      17820.0     0.000000
      17830.0     0.000000
      17840.0     0.000000
      17850.0     0.000000
      17860.0     0.000000
      17870.0     0.000000
      17880.0     0.000000
      17890.0     0.000000
      17900.0     0.000000
      17910.0     0.000000
      17920.0     0.000000
      17930.0     0.000000
      17940.0     0.000000
      17950.0     0.000000
      17960.0     0.000000
      17970.0     0.000000
      17980.0     0.000000
      17990.0     0.000000
      18000.0     0.000000
      18010.0     0.000000
      18020.0     0.000000
      18030.0     0.000000
      18040.0     0.000000
      18050.0     0.000000
      18060.0     0.000000
      18070.0     0.000000
      18080.0     0.000000
      18090.0     0.000000
      18100.0     0.000000
      18110.0     0.000000
      18120.0     0.000000
      18130.0     0.000000
      18140.0     0.000000
      18150.0     0.000000
      18160.0     0.000000
      18170.0     0.000000
      18180.0     0.000000
      18190.0     0.000000
      18200.0     0.000000
      18210.0     0.000000
      18220.0     0.000000
      18230.0     0.000000
      18240.0     0.000000
      18250.0     0.000000
      18260.0     0.000000
      18270.0     0.000000
      18280.0     0.000000
      18290.0     0.000000
      18300.0     0.000000
      18310.0     0.000000
      18320.0     0.000000
      18330.0     0.000000
      18340.0     0.000000
      18350.0     0.000000
      18360.0     0.000000
      18370.0     0.000000
      18380.0     0.000000
      18390.0     0.000000
      18400.0     0.000000
      18410.0     0.000000
      18420.0     0.000000
      18430.0     0.000000
      18440.0     0.000000
      18450.0     0.000000
      18460.0     0.000000
      18470.0     0.000000
      18480.0     0.000000
      18490.0     0.000000
      18500.0     0.000000
      18510.0     0.000000
      18520.0     0.000000
      18530.0     0.000000
      18540.0     0.000000
      18550.0     0.000000
      18560.0     0.000000
      18570.0     0.000000
      18580.0     0.000000
      18590.0     0.000000
      18600.0     0.000000
      18610.0     0.000000
      18620.0     0.000000
      18630.0     0.000000
      18640.0     0.000000
      18650.0     0.000000
      18660.0     0.000000
      18670.0     0.000000
      18680.0     0.000000
      18690.0     0.000000
      18700.0     0.000000
      18710.0     0.000000
      18720.0     0.000000
      18730.0     0.000000
      18740.0     0.000000
      18750.0     0.000000
      18760.0     0.000000
      18770.0     0.000000
      18780.0     0.000000
      18790.0     0.000000
      18800.0     0.000000
      18810.0     0.000000
      18820.0     0.000000
      18830.0     0.000000
      18840.0     0.000000
      18850.0     0.000000
      18860.0     0.000000
      18870.0     0.000000
      18880.0     0.000000
      18890.0     0.000000
      18900.0     0.000000
      18910.0     0.000000
      18920.0     0.000000
      18930.0     0.000000
      18940.0     0.000000
      18950.0     0.000000
      18960.0     0.000000
      18970.0     0.000000
      18980.0     0.000000
      18990.0     0.000000
      19000.0     0.000000
      19010.0     0.000000
      19020.0     0.000000
      19030.0     0.000000
      19040.0     0.000000
      19050.0     0.000000
      19060.0     0.000000
      19070.0     0.000000
      19080.0     0.000000
      19090.0     0.000000
      19100.0     0.000000
      19110.0     0.000000
      19120.0     0.000000
      19130.0     0.000000
      19140.0     0.000000
      19150.0     0.000000
      19160.0     0.000000
      19170.0     0.000000
      19180.0     0.000000
      19190.0     0.000000
      19200.0     0.000000
      19210.0     0.000000
      19220.0     0.000000
      19230.0     0.000000
      19240.0     0.000000
      19250.0     0.000000
      19260.0     0.000000
      19270.0     0.000000
      19280.0     0.000000
      19290.0     0.000000
      19300.0     0.000000
      19310.0     0.000000
      19320.0     0.000000
      19330.0     0.000000
      19340.0     0.000000
      19350.0     0.000000
      19360.0     0.000000
      19370.0     0.000000
      19380.0     0.000000
      19390.0     0.000000
      19400.0     0.000000
      19410.0     0.000000
      19420.0     0.000000
      19430.0     0.000000
      19440.0     0.000000
      19450.0     0.000000
      19460.0     0.000000
      19470.0     0.000000
      19480.0     0.000000
      19490.0     0.000000
      19500.0     0.000000
      19510.0     0.000000
      19520.0     0.000000
      19530.0     0.000000
      19540.0     0.000000
      19550.0     0.000000
      19560.0     0.000000
      19570.0     0.000000
      19580.0     0.000000
      19590.0     0.000000
      19600.0     0.000000
      19610.0     0.000000
      19620.0     0.000000
      19630.0     0.000000
      19640.0     0.000000
      19650.0     0.000000
      19660.0     0.000000
      19670.0     0.000000
      19680.0     0.000000
      19690.0     0.000000
      19700.0     0.000000
      19710.0     0.000000
      19720.0     0.000000
      19730.0     0.000000
      19740.0     0.000000
      19750.0     0.000000
      19760.0     0.000000
      19770.0     0.000000
      19780.0     0.000000
      19790.0     0.000000
      19800.0     0.000000
      19810.0     0.000000
      19820.0     0.000000
      19830.0     0.000000
      19840.0     0.000000
      19850.0     0.000000
      19860.0     0.000000
      19870.0     0.000000
      19880.0     0.000000
      19890.0     0.000000
      19900.0     0.000000
      19910.0     0.000000
      19920.0     0.000000
      19930.0     0.000000
      19940.0     0.000000
      19950.0     0.000000
      19960.0     0.000000
      19970.0     0.000000
      19980.0     0.000000
      19990.0     0.000000
      20000.0     0.000000
      30000.0     0.000000
