         0.0     3258.12     86.0866 4.11547e-10
       30.09     3451.77     118.058 5.32698e-10
       60.18     3624.32     170.256 7.31714e-10
       90.27     3871.31     246.511 9.92089e-10
      120.36     4029.43     367.738 1.42251e-09
      150.45     4143.09     517.108 1.94635e-09
      180.54     4191.46      702.01 2.61278e-09
      210.63      4221.9     922.867 3.41077e-09
      240.72      4278.7      1227.1 4.47491e-09
      270.81      4321.2     1595.73 5.76302e-09
       300.9     4401.85     2136.62 7.57746e-09
      330.99     4420.77     2861.36 1.01059e-08
      361.08     4406.79     3809.55 1.34999e-08
      391.17     4459.96     5197.11 1.81989e-08
      421.26     4590.94     6927.67 2.35663e-08
      451.35     4632.36     9050.45 3.05169e-08
      481.44     4623.24     11714.9 3.95852e-08
      511.53     4655.88     15253.8   5.119e-08
      541.62     4725.64     19763.5 6.53429e-08
      571.71     4771.23     24207.1 7.92638e-08
       601.8     4884.28     26782.9 8.56763e-08
      631.89     5142.71     28346.6 8.60905e-08
      661.98      5357.9     31572.3 9.20234e-08
      692.07      5480.8     35908.3  1.0231e-07
      722.16     5735.56     43422.6 1.18205e-07
      752.25     5904.69     56557.4 1.49537e-07
      782.34     6229.59     87273.5 2.18673e-07
      812.43     6845.06 1.25415e+05 2.85762e-07
      842.52     9816.88 1.53401e+05 2.33517e-07
      872.61     10408.9 1.76794e+05 2.47738e-07
       902.7     10540.2 2.02154e+05 2.78942e-07
      932.79     10727.3 2.28372e+05 3.07616e-07
      962.88     11002.8 2.51391e+05 3.25807e-07
      992.97     11223.4 2.78101e+05 3.49717e-07
     1023.06     11402.2 3.06295e+05 3.76094e-07
     1053.15     11533.6 3.34735e+05 4.04266e-07
     1083.24     11748.6 3.73492e+05 4.38366e-07
     1113.33     11951.2 4.18636e+05 4.78612e-07
     1143.42     12060.0 4.66046e+05 5.26816e-07
     1173.51     12118.1 5.14647e+05 5.79881e-07
      1203.6     12144.8 5.67303e+05  6.4023e-07
     1233.69     12227.7 6.22175e+05 6.96761e-07
     1263.78     12334.7 6.79154e+05 7.51905e-07
     1293.87     12378.1 7.43592e+05 8.22245e-07
     1323.96     12478.9 8.17974e+05 8.95587e-07
     1354.05     12608.1 9.01622e+05 9.73511e-07
     1384.14     12764.3 9.81497e+05 1.04037e-06
     1414.23     12911.5 1.06592e+06 1.11063e-06
     1444.32     13085.1 1.15521e+06 1.17835e-06
     1474.41     13203.3 1.24566e+06 1.25422e-06
      1504.5     13308.1 1.32244e+06 1.31592e-06
     1534.59     13414.8 1.44283e+06 1.42168e-06
     1564.68     13489.6 1.55226e+06 1.52027e-06
     1594.77     13651.6 1.72244e+06 1.65868e-06
     1624.86     13769.3 1.84791e+06  1.7576e-06
     1654.95     13859.7 1.94702e+06 1.83447e-06
     1685.04     14016.0 2.05345e+06 1.89799e-06
     1715.13     14123.3 2.22673e+06 2.03851e-06
     1745.22     14181.9 2.40066e+06 2.19156e-06
     1775.31     14393.2 2.58705e+06 2.30316e-06
      1805.4     14665.0 2.79256e+06 2.40424e-06
     1835.49     14850.4 2.97708e+06 2.50832e-06
     1865.58     14864.8 3.17259e+06 2.68255e-06
     1895.67     14962.9  3.3484e+06  2.8043e-06
     1925.76     15077.9 3.57392e+06 2.96076e-06
     1955.85     15180.8 3.85196e+06 3.16575e-06
     1985.94     15341.8 4.19112e+06 3.39266e-06
     2016.03     15516.9 4.39855e+06  3.4888e-06
     2046.12     15609.3 4.63272e+06 3.64447e-06
     2076.21     15718.6 4.94811e+06  3.8568e-06
      2106.3     15872.2 5.31439e+06 4.08209e-06
     2136.39     16031.9 5.60996e+06 4.23742e-06
     2166.48     16098.5 6.00015e+06 4.52104e-06
     2196.57     16252.0 6.37596e+06 4.73248e-06
     2226.66     16401.4 6.78307e+06  4.9636e-06
     2256.75     16489.6 7.13829e+06 5.18784e-06
     2286.84     16573.5 7.54125e+06 5.44931e-06
     2316.93     16677.6 8.04105e+06  5.7685e-06
     2347.02     16832.7 8.51825e+06 6.02235e-06
     2377.11     17019.0 8.97331e+06 6.22429e-06
      2407.2     17254.7 9.57029e+06 6.48136e-06
     2437.29     17406.8 1.00939e+07 6.74087e-06
     2467.38     17489.1 1.06022e+07 7.04242e-06
     2497.47     17597.2 1.11157e+07 7.31987e-06
     2527.56     17637.7 1.15721e+07 7.61504e-06
     2557.65     17491.2 1.20446e+07  8.1078e-06
     2587.74     17718.4 1.28968e+07 8.49857e-06
     2617.83     17949.9 1.38766e+07 8.95471e-06
     2647.92     18116.8 1.47486e+07 9.38582e-06
     2678.01     18401.0 1.55852e+07 9.64125e-06
      2708.1     18644.2  1.6349e+07 9.87742e-06
     2738.19     18684.4 1.71289e+07 1.03538e-05
     2768.28     18779.4 1.80469e+07 1.08501e-05
     2798.37     18955.8 1.90195e+07 1.12676e-05
     2828.46     19122.1 1.99615e+07 1.16635e-05
     2858.55     19228.1  2.0909e+07 1.21318e-05
     2888.64     19217.3 2.19645e+07 1.28284e-05
     2918.73     19422.0  2.3046e+07 1.32243e-05
     2948.82     19671.8 2.41595e+07 1.35569e-05
     2978.91     19750.9 2.51895e+07 1.40787e-05
