         0.0     3230.97     85.8933 4.14087e-10
       10.03     3290.15     93.8767 4.44503e-10
       20.06     3382.94      109.76 5.05307e-10
       30.09     3419.66     117.896 5.36936e-10
       40.12     3478.96      135.76 6.08031e-10
       50.15     3532.06     147.414  6.5033e-10
       60.18     3573.62     167.789 7.31668e-10
       70.21     3633.46     181.953 7.80174e-10
       80.24     3698.69     210.612 8.87508e-10
       90.27     3761.61     229.991 9.52965e-10
       100.3     3854.76     271.395 1.09711e-09
      110.33     3931.57     302.914 1.20096e-09
      120.36     4000.86     352.565  1.3737e-09
      130.39     4060.08     393.539 1.51065e-09
      140.42      4103.0     449.889 1.70944e-09
      150.45     4162.18     502.946 1.88427e-09
      160.48     4187.88     567.084 2.11181e-09
      170.51     4212.56     621.106 2.29957e-09
      180.54     4221.68     686.992 2.53827e-09
      190.57      4245.7     751.692 2.76162e-09
       200.6     4261.31     829.116   3.035e-09
      210.63     4283.64      907.02 3.30272e-09
      220.66     4297.32     996.507 3.61721e-09
      230.69     4322.02     1091.99 3.94185e-09
      240.72     4348.45     1205.21 4.32476e-09
      250.75      4372.4     1322.59 4.72048e-09
      260.78     4390.05     1450.97  5.1583e-09
      270.81     4406.56     1589.69 5.63059e-09
      280.84     4417.77     1735.08 6.13031e-09
      290.87     4437.51     1907.47 6.70959e-09
       300.9     4463.16     2095.31 7.32787e-09
      310.93     4495.39     2315.55  8.0394e-09
      320.96     4532.95     2575.01 8.86598e-09
      330.99     4564.63     2838.72 9.70761e-09
      341.02     4579.17     3133.39 1.06822e-08
      351.05     4597.17     3444.89  1.1699e-08
      361.08     4606.55     3786.34 1.28331e-08
      371.11     4599.47     4152.18 1.40952e-08
      381.14     4641.12     4592.51 1.54508e-08
      391.17      4675.5     5051.31 1.68691e-08
       401.2     4715.02     5601.22 1.85472e-08
      411.23     4740.34     6187.48 2.03775e-08
      421.26     4743.35      6856.6 2.25675e-08
      431.29     4734.14     7533.42 2.48458e-08
      441.32     4759.54     8329.57 2.73248e-08
      451.35     4789.07     9129.33 2.97672e-08
      461.38     4829.14     10045.7 3.24863e-08
      471.41      4845.2     10967.3 3.53504e-08
      481.44     4858.43     11991.7 3.85482e-08
      491.47      4855.2     12985.5 4.17722e-08
       501.5     4851.94     14132.3 4.54939e-08
      511.53     4850.39     15298.2 4.92647e-08
      521.56     4862.83     16637.7  5.3443e-08
      531.59     4884.06     18069.0 5.77891e-08
      541.62     4901.94     19560.2   6.233e-08
      551.65     4943.28     21271.8 6.72105e-08
      561.68     4957.25     22728.0 7.16074e-08
      571.71     5004.99     24621.1 7.68309e-08
      581.74      5021.0     26030.0 8.09737e-08
      591.77     5075.14     28004.1  8.6192e-08
       601.8     5095.95     29384.4 9.00716e-08
      611.83     5156.61     31036.5 9.40064e-08
      621.86     5204.37     32657.0 9.79941e-08
      631.89     5272.79     34048.3 1.00856e-07
      641.92     5310.92     35555.2 1.04564e-07
      651.95     5399.29     37194.7 1.07572e-07
      661.98     5432.95     38830.2 1.11607e-07
      672.01     5525.97     40996.6 1.15856e-07
      682.04     5569.02     43114.2 1.20891e-07
      692.07     5699.75     47134.2 1.29121e-07
       702.1     5835.45     52262.6  1.3981e-07
      712.13     5960.81     59065.0 1.54695e-07
      722.16      6008.3     64225.8 1.66873e-07
      732.19     5986.78     69571.4 1.81426e-07
      742.22     5977.31     73519.6 1.92034e-07
      752.25     6001.25     80543.4 2.09539e-07
      762.28     6084.64     87687.1 2.24975e-07
      772.31      6152.6     98617.0 2.50236e-07
      782.34     6289.96 1.08423e+05 2.69057e-07
      792.37     6345.65 1.19064e+05 2.92881e-07
       802.4     6537.71 1.28015e+05 3.05571e-07
      812.43     6852.62 1.38649e+05 3.15582e-07
      822.46      6816.4 1.47061e+05 3.36559e-07
      832.49     8192.89 1.54826e+05 2.92868e-07
      842.52     9849.23 1.60291e+05 2.43124e-07
      852.55     10341.9 1.67322e+05  2.3642e-07
      862.58     10437.9 1.73331e+05 2.41655e-07
      872.61     10453.3  1.8031e+05 2.51138e-07
      882.64     10464.2 1.87548e+05 2.61131e-07
      892.67     10510.6  1.9514e+05 2.70156e-07
       902.7     10542.2 2.02011e+05 2.78653e-07
      912.73     10564.4 2.09083e+05 2.87773e-07
      922.76     10620.7 2.17413e+05 2.97101e-07
      932.79     10717.8 2.25148e+05 3.03552e-07
      942.82     10830.2 2.33443e+05  3.0979e-07
      952.85     10925.9 2.41904e+05 3.16764e-07
      962.88     11007.4 2.49116e+05 3.22499e-07
      972.91     11083.7 2.56617e+05 3.28687e-07
      982.94     11144.6 2.65633e+05 3.37512e-07
      992.97     11191.0 2.75769e+05 3.48432e-07
      1003.0     11208.2 2.86815e+05 3.62055e-07
     1013.03     11189.8  2.9708e+05 3.76676e-07
     1023.06     11150.0 3.08106e+05 3.93682e-07
     1033.09     11104.8 3.18554e+05 4.10427e-07
     1043.12     11096.4 3.29327e+05  4.2544e-07
     1053.15     11117.1 3.40861e+05 4.39592e-07
     1063.18     11141.8 3.51632e+05 4.52379e-07
     1073.21     11203.4 3.63975e+05 4.64599e-07
     1083.24     11290.9 3.75578e+05 4.73741e-07
     1093.27     11390.4 3.87705e+05 4.82352e-07
      1103.3     11461.1 4.01918e+05 4.95458e-07
     1113.33     11506.3  4.1408e+05 5.07614e-07
     1123.36     11568.8 4.28694e+05 5.21353e-07
     1133.39     11623.2 4.44148e+05 5.36551e-07
     1143.42     11635.2 4.58905e+05 5.54248e-07
     1153.45     11667.6 4.74307e+05 5.70966e-07
     1163.48     11726.7 4.91933e+05 5.87925e-07
     1173.51     11764.1  5.0896e+05 6.05842e-07
     1183.54     11812.4 5.29868e+05 6.27348e-07
     1193.57     11855.3 5.52935e+05  6.5177e-07
      1203.6     11918.5 5.72779e+05 6.69865e-07
     1213.63     11984.0 5.95314e+05 6.90649e-07
     1223.66     12038.5  6.1515e+05 7.08951e-07
     1233.69     12088.3 6.34781e+05 7.27249e-07
     1243.72     12135.7 6.53206e+05 7.44129e-07
     1253.75     12193.6 6.76547e+05  7.6544e-07
     1263.78     12233.7 6.98949e+05 7.87407e-07
     1273.81     12293.0 7.20711e+05 8.05985e-07
     1283.84     12322.8 7.42748e+05 8.28283e-07
     1293.87     12350.2 7.60389e+05 8.45531e-07
      1303.9     12369.1 7.76275e+05 8.61722e-07
     1313.93     12378.1 7.89832e+05 8.76431e-07
     1323.96     12386.5 8.07096e+05 8.95532e-07
     1333.99     12367.1 8.19925e+05 9.13256e-07
     1344.02     12397.6 8.29724e+05 9.20533e-07
     1354.05     12452.8 8.43926e+05 9.29368e-07
     1364.08     12513.2 8.73918e+05 9.55559e-07
     1374.11     12599.1 9.11399e+05 9.86087e-07
     1384.14     12695.1 9.49605e+05 1.01511e-06
     1394.17     12741.8 9.79802e+05 1.04204e-06
      1404.2     12788.8 1.01041e+06 1.06903e-06
     1414.23     12848.1  1.0401e+06 1.09255e-06
     1424.26     12890.9 1.07044e+06 1.11917e-06
     1434.29     12917.5 1.09913e+06 1.14646e-06
     1444.32     12938.4 1.12877e+06 1.17565e-06
     1454.35     12954.9 1.15408e+06  1.2007e-06
     1464.38     13018.9  1.1813e+06 1.21899e-06
     1474.41     13100.9 1.20677e+06 1.23156e-06
     1484.44     13178.5 1.24296e+06 1.25607e-06
     1494.47     13254.5 1.28715e+06 1.28884e-06
      1504.5     13314.5 1.33255e+06 1.32543e-06
     1514.53     13341.4 1.37011e+06    1.36e-06
     1524.56     13360.3   1.411e+06 1.39959e-06
     1534.59     13393.9 1.44966e+06 1.43343e-06
     1544.62     13451.2 1.48755e+06  1.4609e-06
     1554.65     13495.2  1.5288e+06 1.49437e-06
     1564.68     13477.3  1.5738e+06 1.54572e-06
     1574.71     13430.8 1.62739e+06 1.61323e-06
     1584.74     13440.3 1.67573e+06 1.66212e-06
     1594.77     13567.5  1.7265e+06 1.68394e-06
      1604.8     13691.3 1.77252e+06 1.70035e-06
     1614.83     13762.0 1.82148e+06 1.73242e-06
     1624.86     13760.3 1.86501e+06 1.77754e-06
     1634.89     13737.1 1.90788e+06 1.82794e-06
     1644.92     13771.5 1.95185e+06 1.86374e-06
     1654.95     13901.6 1.99642e+06 1.87295e-06
     1664.98     14085.8 2.04576e+06 1.87058e-06
     1675.01     14195.7 2.08029e+06 1.87348e-06
     1685.04     14223.4 2.11648e+06 1.90088e-06
     1695.07     14222.4  2.1552e+06 1.93889e-06
      1705.1     14222.3 2.19167e+06 1.97446e-06
     1715.13     14229.4 2.23739e+06 2.01689e-06
     1725.16     14230.6 2.28686e+06 2.06475e-06
     1735.19     14247.5 2.34868e+06 2.11979e-06
     1745.22     14290.6 2.41201e+06 2.16766e-06
     1755.25     14364.7 2.48853e+06 2.21764e-06
     1765.28     14452.0 2.55617e+06 2.25368e-06
     1775.31     14560.0 2.62699e+06 2.28468e-06
     1785.34     14649.4 2.68763e+06 2.31124e-06
     1795.37     14722.2 2.74944e+06 2.34373e-06
      1805.4     14728.5 2.79615e+06 2.38503e-06
     1815.43     14673.1 2.85188e+06 2.45699e-06
     1825.46     14669.6  2.9198e+06 2.52205e-06
     1835.49     14745.3 2.98927e+06 2.55876e-06
     1845.52     14807.6 3.05666e+06 2.59774e-06
     1855.55     14827.3 3.11649e+06 2.64544e-06
     1865.58     14862.4    3.18e+06  2.6903e-06
     1875.61     14911.1 3.24605e+06 2.73167e-06
     1885.64     14936.2 3.30828e+06 2.77851e-06
     1895.67     14969.9 3.37472e+06 2.82537e-06
      1905.7     15004.1 3.44497e+06 2.87515e-06
     1915.73     15040.8 3.52774e+06 2.93479e-06
     1925.76     15082.4 3.61172e+06 2.99293e-06
     1935.79     15128.2 3.70098e+06 3.05348e-06
     1945.82     15164.7 3.78874e+06  3.1162e-06
     1955.85     15204.6 3.88245e+06 3.18228e-06
     1965.88     15245.7 3.97413e+06  3.2454e-06
     1975.91     15288.6 4.06822e+06 3.30912e-06
     1985.94     15326.1 4.14655e+06  3.3608e-06
     1995.97     15374.1 4.23952e+06 3.41973e-06
      2006.0     15423.2 4.32284e+06 3.46897e-06
     2016.03     15479.9 4.43415e+06 3.53814e-06
     2026.06     15555.6 4.55818e+06 3.60764e-06
     2036.09     15623.2 4.67517e+06 3.67377e-06
     2046.12     15659.4 4.73038e+06 3.70231e-06
     2056.15     15662.9 4.74601e+06 3.71384e-06
     2066.18     15645.7 4.77813e+06 3.75037e-06
     2076.21     15633.4 4.85176e+06 3.82016e-06
     2086.24     15674.3 4.99468e+06 3.92072e-06
     2096.27     15761.6 5.16268e+06 4.01597e-06
      2106.3     15834.3 5.29680e+06 4.08881e-06
     2116.33     15913.8 5.39183e+06 4.12354e-06
     2126.36     16010.3 5.49807e+06 4.15687e-06
     2136.39     16033.5 5.59576e+06 4.22463e-06
     2146.42     16045.0 5.73361e+06 4.33254e-06
     2156.45     16094.4 5.84776e+06 4.39745e-06
     2166.48     16145.7 5.95796e+06  4.4571e-06
     2176.51     16192.4 6.07675e+06 4.52577e-06
     2186.54     16235.4 6.21633e+06 4.61293e-06
     2196.57     16284.9  6.3587e+06 4.69731e-06
      2206.6     16317.6 6.49247e+06 4.78457e-06
     2216.63     16360.9 6.63534e+06 4.87164e-06
     2226.66     16389.3 6.76036e+06 4.95341e-06
     2236.69     16425.4 6.89557e+06 5.03768e-06
     2246.72     16446.3 7.00607e+06 5.11203e-06
     2256.75     16458.3  7.1186e+06 5.19385e-06
     2266.78     16472.0 7.22818e+06 5.27204e-06
     2276.81     16512.9 7.35955e+06 5.34809e-06
     2286.84     16561.7 7.49654e+06 5.42227e-06
     2296.87     16615.1 7.65411e+06 5.50855e-06
      2306.9     16659.4 7.82017e+06 5.60731e-06
     2316.93     16702.8 7.99345e+06 5.71162e-06
     2326.96     16754.7  8.1553e+06 5.79933e-06
     2336.99     16790.9 8.33328e+06 5.91081e-06
     2347.02     16801.4 8.46989e+06 6.00942e-06
     2357.05     16830.9 8.64061e+06 6.11915e-06
     2367.08     16906.0 8.81543e+06 6.19442e-06
     2377.11     16999.6  9.0025e+06 6.26242e-06
     2387.14     17085.1 9.13704e+06 6.29522e-06
     2397.17     17189.2 9.34132e+06 6.36419e-06
      2407.2     17255.6 9.54184e+06 6.45938e-06
     2417.23     17290.5 9.69568e+06 6.54483e-06
     2427.26     17290.4 9.86114e+06 6.66826e-06
     2437.29     17258.0 1.00197e+07 6.81487e-06
     2447.32     17254.9 1.01988e+07 6.95205e-06
     2457.35     17273.0 1.03652e+07 7.06077e-06
     2467.38     17288.9 1.05424e+07 7.17948e-06
     2477.41     17303.2 1.07145e+07  7.2956e-06
     2487.44     17323.5 1.08902e+07 7.40879e-06
     2497.47     17355.3 1.10577e+07  7.5045e-06
      2507.5     17397.6 1.12209e+07 7.58626e-06
     2517.53     17443.6 1.13702e+07  7.6533e-06
     2527.56     17477.3 1.15045e+07 7.72041e-06
     2537.59     17473.0 1.16575e+07 7.83835e-06
     2547.62     17473.6 1.18183e+07 7.95729e-06
     2557.65     17495.6 1.19994e+07 8.06974e-06
     2567.68     17547.2 1.22021e+07 8.16733e-06
     2577.71     17628.4 1.24971e+07  8.3009e-06
     2587.74     17725.6 1.28903e+07 8.48626e-06
     2597.77     17841.5 1.33563e+07 8.69995e-06
      2607.8     17924.4 1.37902e+07 8.92102e-06
     2617.83     17950.2 1.41302e+07 9.13527e-06
     2627.86     17943.3 1.43845e+07 9.32476e-06
     2637.89     17954.2 1.45984e+07 9.46546e-06
     2647.92     17984.2 1.47238e+07 9.52053e-06
     2657.95     18049.8 1.49798e+07 9.62656e-06
     2667.98     18117.7 1.52844e+07 9.76274e-06
     2678.01     18184.2 1.55911e+07 9.90015e-06
     2688.04     18277.1 1.58587e+07 9.97647e-06
     2698.07     18403.6 1.61355e+07 1.00168e-05
      2708.1     18541.8 1.64069e+07 1.00376e-05
     2718.13     18645.0  1.6656e+07 1.00831e-05
     2728.16     18700.4 1.69296e+07 1.02007e-05
     2738.19     18716.0 1.71709e+07 1.03435e-05
     2748.22     18727.1 1.74446e+07  1.0513e-05
     2758.25     18753.4 1.77228e+07 1.06665e-05
     2768.28     18790.2 1.80281e+07  1.0824e-05
     2778.31     18840.5 1.83564e+07 1.09784e-05
     2788.34     18905.5 1.86911e+07 1.11164e-05
     2798.37     18965.0 1.90344e+07 1.12655e-05
      2808.4     19013.4 1.93698e+07 1.14219e-05
     2818.43     19074.0 1.97018e+07 1.15587e-05
     2828.46     19148.8 2.00142e+07 1.16621e-05
     2838.49     19207.7 2.03143e+07 1.17771e-05
     2848.52     19237.4 2.06221e+07 1.19349e-05
     2858.55     19253.0 2.09312e+07  1.2112e-05
     2868.58     19261.9  2.1257e+07 1.23087e-05
     2878.61     19271.8 2.15937e+07  1.2511e-05
     2888.64     19287.2 2.19435e+07  1.2714e-05
     2898.67     19324.9 2.23036e+07 1.28911e-05
      2908.7     19379.6 2.26631e+07 1.30419e-05
     2918.73     19450.0 2.30232e+07 1.31685e-05
     2928.76     19538.4 2.33999e+07 1.32773e-05
     2938.79     19616.3 2.37516e+07 1.33838e-05
     2948.82     19675.2 2.41366e+07 1.35374e-05
     2958.85     19707.0 2.44739e+07 1.37002e-05
     2968.88     19732.6 2.48706e+07 1.39084e-05
     2978.91     19751.9 2.51873e+07 1.40758e-05
     2988.94     19778.6 2.56189e+07 1.43024e-05
     2998.97     19798.8 2.58969e+07  1.4443e-05
