         0.0     3244.52     86.0629 4.13171e-10
       30.09     3435.28     118.039 5.35162e-10
       60.18     3598.34     169.001 7.31729e-10
       90.27     3817.97       238.0 9.71267e-10
      120.36     4016.33     360.358 1.39859e-09
      150.45     4153.95     509.891 1.91412e-09
      180.54     4210.15     695.393  2.5765e-09
      210.63     4247.25     912.969 3.35364e-09
      240.72     4311.03     1215.21 4.39805e-09
      270.81     4365.08     1592.12 5.69276e-09
       300.9     4420.79     2110.66 7.45313e-09
      330.99      4473.4     2837.93 9.90379e-09
      361.08     4499.21     3786.14 1.31377e-08
      391.17     4549.14     5119.83 1.75722e-08
      421.26     4618.41     6927.29 2.34253e-08
      451.35     4724.69     8990.82 2.97159e-08
      481.44     4729.13     11750.7 3.88064e-08
      511.53     4747.04     15213.6 5.00566e-08
      541.62     4808.44     19538.3 6.34764e-08
      571.71      4886.4     24223.7 7.74499e-08
       601.8     4949.11     27606.1 8.71348e-08
      631.89     5163.59     30501.9 9.22588e-08
      661.98     5406.42     34364.6 9.92497e-08
      692.07     5667.43     41157.5 1.13383e-07
      722.16     5969.89     53378.2 1.39582e-07
      752.25      6038.1     68602.4 1.77354e-07
      782.34     6267.16     97112.9 2.41852e-07
      812.43     6809.94 1.29979e+05 2.97728e-07
      842.52     9637.15 1.55873e+05 2.43422e-07
      872.61     10428.4 1.78036e+05   2.488e-07
       902.7     10529.3 2.01383e+05 2.78302e-07
      932.79     10713.6 2.25831e+05 3.04703e-07
      962.88     11005.7 2.49127e+05   3.226e-07
      992.97     11201.8 2.76376e+05 3.48638e-07
     1023.06     11281.3   3.084e+05 3.86123e-07
     1053.15     11359.7 3.40217e+05 4.22712e-07
     1083.24     11613.3 3.75835e+05 4.50954e-07
     1113.33     11811.6 4.15768e+05 4.85978e-07
     1143.42     11933.6 4.63379e+05 5.34378e-07
     1173.51     11991.5 5.14722e+05 5.91775e-07
      1203.6     12124.5 5.72938e+05 6.49019e-07
     1233.69     12245.6 6.31602e+05 7.05966e-07
     1263.78     12315.7 6.92365e+05 7.69734e-07
     1293.87     12373.1 7.55579e+05 8.36936e-07
     1323.96     12437.4  8.1553e+05 8.98445e-07
     1354.05     12528.3 8.82891e+05 9.63737e-07
     1384.14     12695.4 9.59466e+05 1.02629e-06
     1414.23     12840.9 1.04439e+06 1.09855e-06
     1444.32     13006.6 1.14029e+06 1.17615e-06
     1474.41     13135.1 1.21897e+06 1.23837e-06
      1504.5     13308.9 1.32269e+06 1.31603e-06
     1534.59     13403.8 1.43811e+06 1.41905e-06
     1564.68     13449.0 1.57283e+06 1.55128e-06
     1594.77     13611.6 1.73105e+06 1.67761e-06
     1624.86     13746.5 1.85598e+06 1.77192e-06
     1654.95     13872.1 1.98664e+06 1.87127e-06
     1685.04     14164.4 2.08834e+06 1.89026e-06
     1715.13     14225.7 2.21674e+06 1.99787e-06
     1745.22     14227.8 2.40079e+06 2.17692e-06
     1775.31     14444.1 2.59854e+06 2.29689e-06
      1805.4     14724.2 2.81113e+06 2.40052e-06
     1835.49     14829.6 2.99387e+06  2.5315e-06
     1865.58     14863.8 3.17979e+06 2.68958e-06
     1895.67     14965.1 3.36468e+06 2.81819e-06
     1925.76     15079.6 3.57646e+06 2.96233e-06
     1955.85     15182.8 3.84187e+06  3.1558e-06
     1985.94     15289.1 4.15172e+06 3.38312e-06
     2016.03     15497.3 4.46262e+06 3.55421e-06
     2046.12     15637.9 4.67469e+06 3.66575e-06
     2076.21     15640.3 4.89258e+06 3.85154e-06
      2106.3     15863.7 5.28965e+06 4.06606e-06
     2136.39     16041.2 5.60441e+06 4.22734e-06
     2166.48     16114.6 5.97453e+06 4.48985e-06
     2196.57     16302.1 6.37073e+06 4.69601e-06
     2226.66     16414.1 6.78244e+06 4.95454e-06
     2256.75     16486.1 7.12523e+06 5.17982e-06
     2286.84     16593.4  7.5281e+06 5.42439e-06
     2316.93     16704.1 8.00566e+06 5.72029e-06
     2347.02     16817.2 8.49674e+06 6.01783e-06
     2377.11     17019.9 9.01926e+06 6.25871e-06
      2407.2     17247.3 9.56498e+06  6.4836e-06
     2437.29     17352.2 1.00541e+07 6.75856e-06
     2467.38     17391.5 1.05557e+07 7.09584e-06
     2497.47     17450.3 1.10816e+07 7.43206e-06
     2527.56     17534.1 1.15147e+07 7.67277e-06
     2557.65     17454.9 1.19181e+07 8.05049e-06
     2587.74     17734.2 1.29213e+07 8.49976e-06
     2617.83     17900.2 1.39131e+07 9.03561e-06
     2647.92     18044.9 1.47253e+07 9.45152e-06
     2678.01     18247.4 1.55784e+07 9.81602e-06
      2708.1     18621.2 1.63894e+07 9.93165e-06
     2738.19     18695.2 1.71537e+07 1.03572e-05
     2768.28     18773.3 1.80417e+07 1.08543e-05
     2798.37     18949.4 1.90277e+07 1.12813e-05
     2828.46     19138.5 1.99906e+07 1.16605e-05
     2858.55     19242.1 2.09213e+07 1.21205e-05
     2888.64     19256.6 2.19482e+07 1.27611e-05
     2918.73     19417.0 2.30346e+07 1.32245e-05
     2948.82     19675.1 2.41512e+07 1.35467e-05
     2978.91     19754.2 2.51897e+07 1.40737e-05
