         0.0     3230.97     85.8933 4.14087e-10
       30.09     3419.66     117.896 5.36936e-10
       60.18     3573.62     167.789 7.31668e-10
       90.27     3761.61     229.991 9.52965e-10
      120.36     4000.86     352.565  1.3737e-09
      150.45     4162.18     502.946 1.88427e-09
      180.54     4221.68     686.992 2.53827e-09
      210.63     4283.64      907.02 3.30272e-09
      240.72     4348.45     1205.21 4.32476e-09
      270.81     4406.56     1589.69 5.63059e-09
       300.9     4463.16     2095.31 7.32787e-09
      330.99     4564.63     2838.72 9.70761e-09
      361.08     4606.55     3786.34 1.28331e-08
      391.17      4675.5     5051.31 1.68691e-08
      421.26     4743.35      6856.6 2.25675e-08
      451.35     4789.07     9129.33 2.97672e-08
      481.44     4858.43     11991.7 3.85482e-08
      511.53     4850.39     15298.2 4.92647e-08
      541.62     4901.94     19560.2   6.233e-08
      571.71     5004.99     24621.1 7.68309e-08
       601.8     5095.95     29384.4 9.00716e-08
      631.89     5272.79     34048.3 1.00856e-07
      661.98     5432.95     38830.2 1.11607e-07
      692.07     5699.75     47134.2 1.29121e-07
      722.16      6008.3     64225.8 1.66873e-07
      752.25     6001.25     80543.4 2.09539e-07
      782.34     6289.96 1.08423e+05 2.69057e-07
      812.43     6852.62 1.38649e+05 3.15582e-07
      842.52     9849.23 1.60291e+05 2.43124e-07
      872.61     10453.3  1.8031e+05 2.51138e-07
       902.7     10542.2 2.02011e+05 2.78653e-07
      932.79     10717.8 2.25148e+05 3.03552e-07
      962.88     11007.4 2.49116e+05 3.22499e-07
      992.97     11191.0 2.75769e+05 3.48432e-07
     1023.06     11150.0 3.08106e+05 3.93682e-07
     1053.15     11117.1 3.40861e+05 4.39592e-07
     1083.24     11290.9 3.75578e+05 4.73741e-07
     1113.33     11506.3  4.1408e+05 5.07614e-07
     1143.42     11635.2 4.58905e+05 5.54248e-07
     1173.51     11764.1  5.0896e+05 6.05842e-07
      1203.6     11918.5 5.72779e+05 6.69865e-07
     1233.69     12088.3 6.34781e+05 7.27249e-07
     1263.78     12233.7 6.98949e+05 7.87407e-07
     1293.87     12350.2 7.60389e+05 8.45531e-07
     1323.96     12386.5 8.07096e+05 8.95532e-07
     1354.05     12452.8 8.43926e+05 9.29368e-07
     1384.14     12695.1 9.49605e+05 1.01511e-06
     1414.23     12848.1  1.0401e+06 1.09255e-06
     1444.32     12938.4 1.12877e+06 1.17565e-06
     1474.41     13100.9 1.20677e+06 1.23156e-06
      1504.5     13314.5 1.33255e+06 1.32543e-06
     1534.59     13393.9 1.44966e+06 1.43343e-06
     1564.68     13477.3  1.5738e+06 1.54572e-06
     1594.77     13567.5  1.7265e+06 1.68394e-06
     1624.86     13760.3 1.86501e+06 1.77754e-06
     1654.95     13901.6 1.99642e+06 1.87295e-06
     1685.04     14223.4 2.11648e+06 1.90088e-06
     1715.13     14229.4 2.23739e+06 2.01689e-06
     1745.22     14290.6 2.41201e+06 2.16766e-06
     1775.31     14560.0 2.62699e+06 2.28468e-06
      1805.4     14728.5 2.79615e+06 2.38503e-06
     1835.49     14745.3 2.98927e+06 2.55876e-06
     1865.58     14862.4    3.18e+06  2.6903e-06
     1895.67     14969.9 3.37472e+06 2.82537e-06
     1925.76     15082.4 3.61172e+06 2.99293e-06
     1955.85     15204.6 3.88245e+06 3.18228e-06
     1985.94     15326.1 4.14655e+06  3.3608e-06
     2016.03     15479.9 4.43415e+06 3.53814e-06
     2046.12     15659.4 4.73038e+06 3.70231e-06
     2076.21     15633.4 4.85176e+06 3.82016e-06
      2106.3     15834.3 5.29680e+06 4.08881e-06
     2136.39     16033.5 5.59576e+06 4.22463e-06
     2166.48     16145.7 5.95796e+06  4.4571e-06
     2196.57     16284.9  6.3587e+06 4.69731e-06
     2226.66     16389.3 6.76036e+06 4.95341e-06
     2256.75     16458.3  7.1186e+06 5.19385e-06
     2286.84     16561.7 7.49654e+06 5.42227e-06
     2316.93     16702.8 7.99345e+06 5.71162e-06
     2347.02     16801.4 8.46989e+06 6.00942e-06
     2377.11     16999.6  9.0025e+06 6.26242e-06
      2407.2     17255.6 9.54184e+06 6.45938e-06
     2437.29     17258.0 1.00197e+07 6.81487e-06
     2467.38     17288.9 1.05424e+07 7.17948e-06
     2497.47     17355.3 1.10577e+07  7.5045e-06
     2527.56     17477.3 1.15045e+07 7.72041e-06
     2557.65     17495.6 1.19994e+07 8.06974e-06
     2587.74     17725.6 1.28903e+07 8.48626e-06
     2617.83     17950.2 1.41302e+07 9.13527e-06
     2647.92     17984.2 1.47238e+07 9.52053e-06
     2678.01     18184.2 1.55911e+07 9.90015e-06
      2708.1     18541.8 1.64069e+07 1.00376e-05
     2738.19     18716.0 1.71709e+07 1.03435e-05
     2768.28     18790.2 1.80281e+07  1.0824e-05
     2798.37     18965.0 1.90344e+07 1.12655e-05
     2828.46     19148.8 2.00142e+07 1.16621e-05
     2858.55     19253.0 2.09312e+07  1.2112e-05
     2888.64     19287.2 2.19435e+07  1.2714e-05
     2918.73     19450.0 2.30232e+07 1.31685e-05
     2948.82     19675.2 2.41366e+07 1.35374e-05
     2978.91     19751.9 2.51873e+07 1.40758e-05
