         0.0     3218.34     85.6251 4.14407e-10
       30.09     3402.41     117.475 5.37715e-10
       60.18     3558.25      167.48  7.3356e-10
       90.27     3718.18      224.46 9.41017e-10
      120.36     3959.24      339.93 1.33853e-09
      150.45     4146.59     490.552 1.84469e-09
      180.54     4242.24     683.723  2.5137e-09
      210.63     4314.94     902.051 3.26088e-09
      240.72     4386.45      1196.5 4.25644e-09
      270.81     4462.01     1589.97 5.56087e-09
       300.9      4546.0      2096.6 7.19752e-09
      330.99     4622.74      2839.3 9.58813e-09
      361.08     4689.18     3818.73 1.27134e-08
      391.17     4785.53      5044.5 1.64562e-08
      421.26     4923.03     6837.72 2.16835e-08
      451.35     4915.04     9264.58 2.94317e-08
      481.44     4931.27     12134.5 3.84241e-08
      511.53     4940.52     15471.2 4.89022e-08
      541.62     4980.89     19729.0 6.18524e-08
      571.71     5114.43     25472.4 7.77902e-08
       601.8     5231.81     31384.1  9.3685e-08
      631.89      5352.7     37133.5 1.08347e-07
      661.98     5463.04     43057.8 1.23086e-07
      692.07     5763.18     55764.6 1.51084e-07
      722.16     5918.46     73442.0 1.93747e-07
      752.25     5989.19     91750.3 2.39194e-07
      782.34     6278.05 1.17366e+05 2.91808e-07
      812.43      6823.5 1.46926e+05 3.35893e-07
      842.52     10179.7 1.65533e+05 2.39552e-07
      872.61     10466.3 1.83705e+05 2.55522e-07
       902.7     10578.6 2.05251e+05 2.81721e-07
      932.79     10730.4 2.26165e+05  3.0439e-07
      962.88     11010.2 2.49842e+05 3.23335e-07
      992.97     11229.8 2.76962e+05 3.47864e-07
     1023.06     11212.3  3.0812e+05 3.89927e-07
     1053.15     11097.0 3.41198e+05 4.41381e-07
     1083.24     11221.2 3.72134e+05 4.74172e-07
     1113.33     11397.4 4.09376e+05 5.09982e-07
     1143.42     11513.5 4.53298e+05 5.57407e-07
     1173.51     11680.1 5.01346e+05 6.04028e-07
      1203.6     11862.2  5.6398e+05 6.64746e-07
     1233.69     12008.6 6.27762e+05  7.2759e-07
     1263.78     12265.3 6.95596e+05 7.79604e-07
     1293.87     12443.4 7.55606e+05 8.27932e-07
     1323.96     12370.3 7.91612e+05 8.79565e-07
     1354.05     12476.6 8.26059e+05 9.05286e-07
     1384.14     12666.0 9.34233e+05 1.00208e-06
     1414.23     12881.9 1.02798e+06  1.0734e-06
     1444.32     12938.1 1.12774e+06 1.17456e-06
     1474.41     13133.9 1.21978e+06 1.23948e-06
      1504.5     13329.8 1.35513e+06 1.34643e-06
     1534.59     13387.6 1.45497e+06 1.44045e-06
     1564.68     13473.6 1.56969e+06 1.54227e-06
     1594.77     13521.7 1.71206e+06 1.68026e-06
     1624.86     13829.4 1.85765e+06 1.75167e-06
     1654.95     13898.3 1.98711e+06 1.86444e-06
     1685.04     14179.9 2.11244e+06 1.90943e-06
     1715.13     14211.2 2.25203e+06 2.03669e-06
     1745.22     14250.1 2.42691e+06 2.19524e-06
     1775.31     14387.9 2.64067e+06  2.3568e-06
      1805.4     14632.8  2.7935e+06 2.41661e-06
     1835.49     14584.7  3.0017e+06 2.63129e-06
     1865.58     14885.9 3.18714e+06 2.68766e-06
     1895.67     14990.7 3.38323e+06 2.82463e-06
     1925.76     15098.0 3.62549e+06 2.99864e-06
     1955.85     15302.8  3.8915e+06 3.14558e-06
     1985.94     15429.0  4.1626e+06 3.32581e-06
     2016.03     15521.8 4.43332e+06 3.51653e-06
     2046.12     15651.8 4.71240e+06 3.69087e-06
     2076.21     15688.0 4.88681e+06 3.82094e-06
      2106.3     15776.6 5.27059e+06 4.09946e-06
     2136.39     15991.3  5.5896e+06 4.24432e-06
     2166.48     16124.9 5.88229e+06 4.40747e-06
     2196.57     16266.7 6.33287e+06 4.68796e-06
     2226.66     16382.5 6.76214e+06 4.95943e-06
     2256.75     16452.5 7.13611e+06 5.21194e-06
     2286.84     16547.3 7.52108e+06 5.45232e-06
     2316.93     16702.9 8.00685e+06 5.72209e-06
     2347.02     16816.1 8.47989e+06 6.00557e-06
     2377.11     17023.6 8.98482e+06 6.22937e-06
      2407.2     17283.8 9.51177e+06 6.41359e-06
     2437.29     17259.3 1.00228e+07 6.81602e-06
     2467.38     17242.7 1.05517e+07 7.22903e-06
     2497.47     17334.9 1.11205e+07 7.57136e-06
     2527.56     17438.7 1.16355e+07 7.85598e-06
     2557.65     17565.4 1.22502e+07 8.18419e-06
     2587.74     17804.7 1.30257e+07 8.50105e-06
     2617.83     18004.0  1.3962e+07 8.95629e-06
     2647.92     17959.0 1.47353e+07 9.55808e-06
     2678.01     18145.6 1.55473e+07 9.91551e-06
      2708.1     18501.9  1.6438e+07 1.01065e-05
     2738.19     18727.5 1.71917e+07 1.03434e-05
     2768.28     18822.1 1.80413e+07 1.07925e-05
     2798.37     18985.5 1.90377e+07  1.1241e-05
     2828.46     19167.8   2.003e+07 1.16472e-05
     2858.55     19259.9 2.09334e+07 1.21039e-05
     2888.64     19341.8 2.19423e+07 1.26355e-05
     2918.73     19508.7   2.301e+07 1.30744e-05
     2948.82     19660.1 2.41213e+07 1.35505e-05
     2978.91     19744.0 2.51897e+07 1.40894e-05
