         0.0     3258.12     86.0866 4.11547e-10
       10.03     3319.16     94.0331 4.41266e-10
       20.06     3415.15     109.987 5.01463e-10
       30.09     3451.77     118.058 5.32698e-10
       40.12     3518.88     136.595 6.04759e-10
       50.15     3572.59      148.35 6.46851e-10
       60.18     3624.32     170.256 7.31714e-10
       70.21     3711.61     188.333 7.90618e-10
       80.24     3767.02     218.571 9.04201e-10
       90.27     3871.31     246.511 9.92089e-10
       100.3     3926.25     286.598 1.13769e-09
      110.33     4001.76     322.202 1.25487e-09
      120.36     4029.43     367.738 1.42251e-09
      130.39     4095.16     414.081 1.57615e-09
      140.42     4117.69      468.31 1.77325e-09
      150.45     4143.09     517.108 1.94635e-09
      160.48     4162.08     577.522 2.16416e-09
      170.51     4171.56     631.847 2.36262e-09
      180.54     4191.46      702.01 2.61278e-09
      190.57     4193.56     764.899  2.8457e-09
       200.6     4214.12     847.594 3.13815e-09
      210.63      4221.9     922.867 3.41077e-09
      220.66     4245.71     1021.14 3.75281e-09
      230.69     4264.26     1117.34 4.08846e-09
      240.72      4278.7      1227.1 4.47491e-09
      250.75     4295.81     1338.35 4.86094e-09
      260.78     4311.17     1467.07 5.31015e-09
      270.81      4321.2     1595.73 5.76302e-09
      280.84     4348.14     1757.29 6.30807e-09
      290.87     4369.66     1925.53 6.87861e-09
       300.9     4401.85     2136.62 7.57746e-09
      310.93     4413.11     2355.04  8.3312e-09
      320.96     4418.12     2599.64 9.18658e-09
      330.99     4420.77     2861.36 1.01059e-08
      341.02     4427.58     3147.28 1.10992e-08
      351.05     4419.79     3455.18 1.22073e-08
      361.08     4406.79     3809.55 1.34999e-08
      371.11     4405.53     4201.79  1.4895e-08
      381.14     4422.53     4668.14 1.64853e-08
      391.17     4459.96     5197.11 1.81989e-08
       401.2     4490.49     5746.46 1.99845e-08
      411.23      4536.9     6326.05 2.17719e-08
      421.26     4590.94     6927.67 2.35663e-08
      431.29     4638.91     7614.75 2.56372e-08
      441.32     4644.98      8324.5 2.79913e-08
      451.35     4632.36     9050.45 3.05169e-08
      461.38     4625.95     9875.34 3.33463e-08
      471.41     4618.77     10722.5 3.62649e-08
      481.44     4623.24     11714.9 3.95852e-08
      491.47     4629.52     12760.0 4.30607e-08
       501.5     4641.45     13958.0 4.69847e-08
      511.53     4655.88     15253.8   5.119e-08
      521.56     4670.33     16640.1 5.56713e-08
      531.59     4692.59     18097.1  6.0259e-08
      541.62     4725.64     19763.5 6.53429e-08
      551.65     4736.92     21246.2 7.00784e-08
      561.68     4762.08     22852.3 7.49711e-08
      571.71     4771.23     24207.1 7.92638e-08
      581.74     4785.72     25264.4 8.24807e-08
      591.77     4823.65     26191.9 8.48423e-08
       601.8     4884.28     26782.9 8.56763e-08
      611.83     4955.52     27279.2  8.5988e-08
      621.86     5043.95     27650.4 8.56282e-08
      631.89     5142.71     28346.6 8.60905e-08
      641.92     5213.94     28935.7 8.66663e-08
      651.95     5305.02     30266.4 8.91032e-08
      661.98      5357.9     31572.3 9.20234e-08
      672.01     5415.79     33300.6 9.60078e-08
      682.04     5432.56     34426.2 9.89514e-08
      692.07      5480.8     35908.3  1.0231e-07
       702.1     5548.22     37593.4 1.05805e-07
      712.13     5646.48     40455.9  1.1186e-07
      722.16     5735.56     43422.6 1.18205e-07
      732.19      5752.4     46073.2 1.25054e-07
      742.22     5856.57     50619.9 1.34927e-07
      752.25     5904.69     56557.4 1.49537e-07
      762.28     6055.13     64366.3 1.65923e-07
      772.31     6144.04     75897.5 1.92836e-07
      782.34     6229.59     87273.5 2.18673e-07
      792.37     6298.09     99850.2 2.47456e-07
       802.4     6512.46 1.11418e+05 2.66972e-07
      812.43     6845.06 1.25415e+05 2.85762e-07
      822.46     6849.09  1.3659e+05 3.11057e-07
      832.49     8273.56 1.46148e+05 2.73473e-07
      842.52     9816.88 1.53401e+05 2.33517e-07
      852.55     10247.5 1.60877e+05 2.30279e-07
      862.58     10377.0 1.68219e+05 2.36469e-07
      872.61     10408.9 1.76794e+05 2.47738e-07
      882.64     10436.5 1.85378e+05 2.59088e-07
      892.67     10500.2 1.94321e+05 2.69406e-07
       902.7     10540.2 2.02154e+05 2.78942e-07
      912.73     10556.6 2.10577e+05 2.90238e-07
      922.76     10615.7  2.1985e+05 3.00771e-07
      932.79     10727.3 2.28372e+05 3.07616e-07
      942.82     10846.1 2.36821e+05 3.13684e-07
      952.85     10936.3 2.44912e+05 3.20353e-07
      962.88     11002.8 2.51391e+05 3.25807e-07
      972.91     11073.2 2.60073e+05 3.33867e-07
      982.94     11142.3 2.68844e+05 3.41905e-07
      992.97     11223.4 2.78101e+05 3.49717e-07
      1003.0     11293.3 2.87985e+05 3.58738e-07
     1013.03     11354.0 2.96829e+05 3.66732e-07
     1023.06     11402.2 3.06295e+05 3.76094e-07
     1033.09     11447.0 3.15136e+05 3.84733e-07
     1043.12     11486.3 3.24616e+05 3.94405e-07
     1053.15     11533.6 3.34735e+05 4.04266e-07
     1063.18     11597.3 3.46844e+05 4.15412e-07
     1073.21     11676.2 3.60119e+05 4.26758e-07
     1083.24     11748.6 3.73492e+05 4.38366e-07
     1093.27     11819.9 3.87771e+05 4.50866e-07
      1103.3     11890.8 4.03009e+05  4.6425e-07
     1113.33     11951.2 4.18636e+05 4.78612e-07
     1123.36     11998.3 4.34559e+05 4.94107e-07
     1133.39     12031.0 4.50642e+05  5.1078e-07
     1143.42     12060.0 4.66046e+05 5.26816e-07
     1153.45     12073.0 4.82277e+05 5.45149e-07
     1163.48     12085.8 4.97588e+05 5.62394e-07
     1173.51     12118.1 5.14647e+05 5.79881e-07
     1183.54     12144.3 5.32438e+05 5.98666e-07
     1193.57     12152.7  5.5104e+05 6.20038e-07
      1203.6     12144.8 5.67303e+05  6.4023e-07
     1213.63     12148.8 5.85242e+05 6.61234e-07
     1223.66     12177.6  6.0287e+05 6.79229e-07
     1233.69     12227.7 6.22175e+05 6.96761e-07
     1243.72     12276.2 6.39027e+05 7.11331e-07
     1253.75     12307.3  6.6004e+05 7.32579e-07
     1263.78     12334.7 6.79154e+05 7.51905e-07
     1273.81     12351.5 7.02313e+05  7.7713e-07
     1283.84     12356.2 7.22046e+05 7.99732e-07
     1293.87     12378.1 7.43592e+05 8.22245e-07
      1303.9     12398.6 7.62817e+05 8.42117e-07
     1313.93     12436.8 7.90086e+05 8.68898e-07
     1323.96     12478.9 8.17974e+05 8.95587e-07
     1333.99     12516.0 8.45749e+05 9.22568e-07
     1344.02     12565.0 8.75835e+05 9.50236e-07
     1354.05     12608.1 9.01622e+05 9.73511e-07
     1364.08     12651.6 9.29661e+05  9.9906e-07
     1374.11     12699.0 9.52996e+05 1.01837e-06
     1384.14     12764.3 9.81497e+05 1.04037e-06
     1394.17     12808.9 1.00901e+06 1.06416e-06
      1404.2     12862.5 1.03718e+06 1.08689e-06
     1414.23     12911.5 1.06592e+06 1.11063e-06
     1424.26     12967.3 1.09525e+06  1.1335e-06
     1434.29     13029.6 1.12655e+06 1.15698e-06
     1444.32     13085.1 1.15521e+06 1.17835e-06
     1454.35     13137.6 1.18773e+06 1.20406e-06
     1464.38     13182.6 1.22036e+06  1.2309e-06
     1474.41     13203.3 1.24566e+06 1.25422e-06
     1484.44     13227.0 1.27084e+06 1.27673e-06
     1494.47     13260.8 1.29354e+06 1.29444e-06
      1504.5     13308.1 1.32244e+06 1.31592e-06
     1514.53     13336.0 1.35533e+06 1.34536e-06
     1524.56     13363.3 1.39795e+06 1.38507e-06
     1534.59     13414.8 1.44283e+06 1.42168e-06
     1544.62     13449.1 1.47944e+06 1.45282e-06
     1554.65     13465.5 1.51542e+06 1.48702e-06
     1564.68     13489.6 1.55226e+06 1.52027e-06
     1574.71     13549.8 1.60957e+06 1.56621e-06
     1584.74     13617.8 1.67401e+06 1.61689e-06
     1594.77     13651.6 1.72244e+06 1.65868e-06
      1604.8     13697.0 1.77091e+06 1.69723e-06
     1614.83     13734.8 1.80991e+06 1.72762e-06
     1624.86     13769.3 1.84791e+06  1.7576e-06
     1634.89     13803.7 1.87888e+06 1.78017e-06
     1644.92     13844.2 1.91849e+06 1.80969e-06
     1654.95     13859.7 1.94702e+06 1.83447e-06
     1664.98     13862.7 1.96482e+06 1.85174e-06
     1675.01     13923.7  1.9991e+06 1.86946e-06
     1685.04     14016.0 2.05345e+06 1.89799e-06
     1695.07     14058.2 2.10994e+06 1.94214e-06
      1705.1     14082.1 2.16897e+06 1.99373e-06
     1715.13     14123.3 2.22673e+06 2.03851e-06
     1725.16     14150.1 2.28031e+06 2.08316e-06
     1735.19     14159.7 2.34061e+06 2.13953e-06
     1745.22     14181.9 2.40066e+06 2.19156e-06
     1755.25     14253.2 2.45997e+06 2.22652e-06
     1765.28     14324.9 2.52187e+06 2.26309e-06
     1775.31     14393.2 2.58705e+06 2.30316e-06
     1785.34     14491.4 2.65442e+06 2.33421e-06
     1795.37     14589.4 2.72968e+06 2.37168e-06
      1805.4     14665.0 2.79256e+06 2.40424e-06
     1815.43     14747.8 2.85717e+06 2.43493e-06
     1825.46     14820.5 2.92436e+06 2.47076e-06
     1835.49     14850.4 2.97708e+06 2.50832e-06
     1845.52     14858.2 3.04172e+06 2.56482e-06
     1855.55     14852.7 3.10530e+06 2.62536e-06
     1865.58     14864.8 3.17259e+06 2.68255e-06
     1875.61     14889.7 3.23001e+06 2.72546e-06
     1885.64     14929.9 3.29238e+06 2.76653e-06
     1895.67     14962.9  3.3484e+06  2.8043e-06
      1905.7     15001.9 3.42159e+06 2.85485e-06
     1915.73     15037.0 3.48852e+06 2.90089e-06
     1925.76     15077.9 3.57392e+06 2.96076e-06
     1935.79     15114.3 3.65656e+06 3.01954e-06
     1945.82     15145.2 3.75343e+06 3.09312e-06
     1955.85     15180.8 3.85196e+06 3.16575e-06
     1965.88     15242.8  3.9617e+06 3.23563e-06
     1975.91     15290.8 4.07314e+06 3.31245e-06
     1985.94     15341.8 4.19112e+06 3.39266e-06
     1995.97     15416.0  4.2695e+06  3.4257e-06
      2006.0     15475.5 4.33352e+06 3.45263e-06
     2016.03     15516.9 4.39855e+06  3.4888e-06
     2026.06     15548.3 4.48574e+06 3.54867e-06
     2036.09     15586.3 4.56972e+06 3.60198e-06
     2046.12     15609.3 4.63272e+06 3.64447e-06
     2056.15     15614.2 4.69873e+06 3.69867e-06
     2066.18     15624.5 4.80064e+06 3.78092e-06
     2076.21     15718.6 4.94811e+06  3.8568e-06
     2086.24     15806.9 5.08139e+06  3.9219e-06
     2096.27     15846.2 5.20597e+06 4.00536e-06
      2106.3     15872.2 5.31439e+06 4.08209e-06
     2116.33     15947.0 5.40371e+06 4.11448e-06
     2126.36     16017.7  5.5114e+06 4.16368e-06
     2136.39     16031.9 5.60996e+06 4.23742e-06
     2146.42     16047.4 5.75658e+06 4.35019e-06
     2156.45     16070.8 5.87962e+06 4.43823e-06
     2166.48     16098.5 6.00015e+06 4.52104e-06
     2176.51     16125.5 6.11411e+06 4.59832e-06
     2186.54     16184.0 6.24412e+06 4.66824e-06
     2196.57     16252.0 6.37596e+06 4.73248e-06
      2206.6     16308.2 6.50805e+06 4.80333e-06
     2216.63     16355.5 6.64558e+06 4.88345e-06
     2226.66     16401.4 6.78307e+06  4.9636e-06
     2236.69     16438.3 6.91887e+06 5.04763e-06
     2246.72     16465.7 7.03336e+06  5.1205e-06
     2256.75     16489.6 7.13829e+06 5.18784e-06
     2266.78     16515.0 7.25555e+06 5.26361e-06
     2276.81     16544.5 7.38869e+06 5.34878e-06
     2286.84     16573.5 7.54125e+06 5.44931e-06
     2296.87     16607.3 7.69799e+06 5.54916e-06
      2306.9     16645.0 7.86464e+06  5.6534e-06
     2316.93     16677.6 8.04105e+06  5.7685e-06
     2326.96     16743.0 8.21747e+06 5.85721e-06
     2336.99     16818.7 8.36946e+06 5.91734e-06
     2347.02     16832.7 8.51825e+06 6.02235e-06
     2357.05     16850.5 8.70235e+06  6.1515e-06
     2367.08     16924.7 8.87146e+06 6.22251e-06
     2377.11     17019.0 8.97331e+06 6.22429e-06
     2387.14     17141.5 9.20442e+06 6.30017e-06
     2397.17     17196.7 9.39291e+06 6.39676e-06
      2407.2     17254.7 9.57029e+06 6.48136e-06
     2417.23     17321.6 9.74488e+06 6.55523e-06
     2427.26     17372.5 9.92568e+06  6.6461e-06
     2437.29     17406.8 1.00939e+07 6.74087e-06
     2447.32     17439.7 1.02628e+07 6.83667e-06
     2457.35     17468.5 1.04281e+07 6.93301e-06
     2467.38     17489.1 1.06022e+07 7.04242e-06
     2477.41     17503.3 1.07703e+07 7.15313e-06
     2487.44     17532.7 1.09442e+07 7.25391e-06
     2497.47     17597.2 1.11157e+07 7.31987e-06
      2507.5     17656.7 1.12798e+07 7.38408e-06
     2517.53     17700.5 1.14274e+07 7.45019e-06
     2527.56     17637.7 1.15721e+07 7.61504e-06
     2537.59     17457.4 1.17221e+07 7.90188e-06
     2547.62     17409.1 1.18715e+07 8.06206e-06
     2557.65     17491.2 1.20446e+07  8.1078e-06
     2567.68     17576.5 1.22531e+07 8.17494e-06
     2577.71     17645.4 1.25438e+07 8.31748e-06
     2587.74     17718.4 1.28968e+07 8.49857e-06
     2597.77     17800.7 1.32723e+07  8.6832e-06
      2607.8     17881.1  1.3603e+07 8.83432e-06
     2617.83     17949.9 1.38766e+07 8.95471e-06
     2627.86     18006.0 1.41569e+07 9.09223e-06
     2637.89     18057.1 1.44406e+07   9.236e-06
     2647.92     18116.8 1.47486e+07 9.38582e-06
     2657.95     18171.5 1.50058e+07 9.50379e-06
     2667.98     18268.6    1.53e+07 9.59718e-06
     2678.01     18401.0 1.55852e+07 9.64125e-06
     2688.04     18523.0 1.58357e+07 9.67146e-06
     2698.07     18606.8 1.60985e+07 9.75242e-06
      2708.1     18644.2  1.6349e+07 9.87742e-06
     2718.13     18661.5 1.66058e+07 1.00298e-05
     2728.16     18673.0 1.68625e+07 1.01885e-05
     2738.19     18684.4 1.71289e+07 1.03538e-05
     2748.22     18706.5 1.74134e+07 1.05176e-05
     2758.25     18739.2 1.77231e+07 1.06844e-05
     2768.28     18779.4 1.80469e+07 1.08501e-05
     2778.31     18833.5 1.83663e+07 1.09938e-05
     2788.34     18895.2 1.86913e+07 1.11298e-05
     2798.37     18955.8 1.90195e+07 1.12676e-05
      2808.4     19014.2 1.93377e+07    1.14e-05
     2818.43     19070.7 1.96555e+07 1.15329e-05
     2828.46     19122.1 1.99615e+07 1.16635e-05
     2838.49     19172.8 2.02698e+07 1.17951e-05
     2848.52     19215.9 2.05863e+07 1.19409e-05
     2858.55     19228.1  2.0909e+07 1.21318e-05
     2868.58     19208.9  2.1252e+07 1.23793e-05
     2878.61     19202.4 2.16034e+07 1.26158e-05
     2888.64     19217.3 2.19645e+07 1.28284e-05
     2898.67     19260.9  2.2324e+07 1.29975e-05
      2908.7     19345.5  2.2686e+07 1.31065e-05
     2918.73     19422.0  2.3046e+07 1.32243e-05
     2928.76     19483.9 2.34282e+07 1.33761e-05
     2938.79     19579.3 2.37772e+07 1.34549e-05
     2948.82     19671.8 2.41595e+07 1.35569e-05
     2958.85     19712.5 2.44874e+07 1.37003e-05
     2968.88     19735.8 2.48859e+07 1.39131e-05
     2978.91     19750.9 2.51895e+07 1.40787e-05
     2988.94     19777.3 2.56269e+07 1.43093e-05
     2998.97     19797.1 2.58838e+07 1.44376e-05
