         0.0     3272.03     85.9593 4.09168e-10
       30.09     3466.66     117.726 5.28905e-10
       60.18     3656.88     171.929   7.324e-10
       90.27     3916.28     254.153 1.01119e-09
      120.36      4047.6     375.998  1.4478e-09
      150.45     4136.03     524.143 1.97624e-09
      180.54     4170.89     706.954 2.64427e-09
      210.63      4205.2     935.683  3.4721e-09
      240.72      4253.8      1241.2 4.55352e-09
      270.81     4301.49     1611.33 5.84557e-09
       300.9     4381.98     2160.61 7.69735e-09
      330.99     4381.01     2867.34 1.02191e-08
      361.08     4316.35     3849.53 1.39253e-08
      391.17     4419.29     5244.85 1.85369e-08
      421.26     4552.26     7041.46 2.41549e-08
      451.35      4558.7     9158.21 3.13768e-08
      481.44     4568.64     11890.8  4.0658e-08
      511.53     4581.43     15484.8 5.28105e-08
      541.62     4642.26     20111.4 6.77071e-08
      571.71     4692.65     24681.8 8.22081e-08
       601.8     4879.33     27362.8 8.76226e-08
      631.89     5038.41     28543.8 8.84934e-08
      661.98     5199.99     31592.8  9.4878e-08
      692.07      5357.9     32333.7 9.42435e-08
      722.16     5681.77     39170.9 1.07638e-07
      752.25     5804.26     51981.4 1.39819e-07
      782.34     6189.01     82097.4 2.07067e-07
      812.43     6644.66 1.24496e+05 2.92326e-07
      842.52     10009.8 1.53008e+05 2.26531e-07
      872.61     10415.7 1.78129e+05 2.49416e-07
       902.7     10565.5 2.04607e+05 2.81364e-07
      932.79     10755.2 2.30241e+05 3.08909e-07
      962.88     11007.3 2.54459e+05 3.29727e-07
      992.97     11216.9 2.80395e+05 3.53101e-07
     1023.06     11351.8  3.0572e+05 3.78383e-07
     1053.15     11491.4 3.35615e+05 4.08131e-07
     1083.24     11655.8 3.73834e+05 4.45402e-07
     1113.33     11859.2 4.20242e+05 4.87758e-07
     1143.42     12056.5 4.70129e+05 5.32012e-07
     1173.51     12123.7  5.1562e+05 5.80522e-07
      1203.6     12042.7 5.59045e+05 6.40559e-07
     1233.69     12198.6 6.13956e+05 6.90171e-07
     1263.78     12286.6 6.70864e+05 7.47757e-07
     1293.87     12367.3 7.37706e+05 8.16724e-07
     1323.96     12543.1 8.14918e+05 8.83274e-07
     1354.05     12711.9 9.03433e+05 9.60127e-07
     1384.14     12857.8 9.92222e+05 1.03746e-06
     1414.23     12955.4 1.06785e+06 1.10531e-06
     1444.32     13081.0 1.15677e+06 1.18079e-06
     1474.41     13182.0 1.23874e+06 1.25084e-06
      1504.5     13283.3 1.32369e+06 1.32228e-06
     1534.59     13390.3 1.42491e+06 1.40797e-06
     1564.68     13526.0 1.53442e+06  1.4933e-06
     1594.77     13651.0 1.69957e+06 1.63519e-06
     1624.86     13760.7 1.83042e+06 1.74192e-06
     1654.95     13904.8 1.92373e+06 1.79854e-06
     1685.04     13918.7 2.04775e+06 1.91999e-06
     1715.13     14043.4 2.25364e+06  2.0896e-06
     1745.22     14236.0  2.4112e+06 2.18447e-06
     1775.31     14447.5 2.57802e+06 2.27609e-06
      1805.4     14641.8 2.78571e+06 2.40607e-06
     1835.49     14836.0 2.97829e+06 2.51475e-06
     1865.58     14909.8 3.17993e+06 2.67168e-06
     1895.67     14981.4  3.3773e+06 2.82304e-06
     1925.76     15056.1 3.59228e+06 2.98671e-06
     1955.85     15154.3 3.83098e+06 3.15893e-06
     1985.94     15367.6 4.19305e+06 3.38191e-06
     2016.03     15514.4 4.39493e+06 3.48686e-06
     2046.12     15599.8  4.6362e+06 3.65231e-06
     2076.21     15778.5 4.99511e+06 3.86436e-06
      2106.3     15869.8 5.30028e+06 4.07155e-06
     2136.39     16052.0 5.63499e+06 4.24639e-06
     2166.48     16082.4 6.01011e+06 4.53926e-06
     2196.57     16174.7 6.36547e+06 4.77388e-06
     2226.66     16337.8 6.79112e+06 5.01291e-06
     2256.75     16466.0 7.17881e+06 5.23671e-06
     2286.84     16540.2 7.56434e+06 5.49208e-06
     2316.93     16647.3 8.09578e+06 5.83521e-06
     2347.02     16813.9 8.50489e+06 6.02684e-06
     2377.11     16989.5 8.94162e+06 6.22392e-06
      2407.2     17243.1 9.55586e+06 6.48031e-06
     2437.29     17421.8 1.01155e+07 6.74384e-06
     2467.38     17509.2 1.06307e+07 7.04543e-06
     2497.47     17625.3 1.11389e+07 7.31088e-06
     2527.56     17724.5 1.16257e+07   7.571e-06
     2557.65     17513.4 1.22193e+07 8.21476e-06
     2587.74     17720.7 1.29875e+07 8.56214e-06
     2617.83     17986.6 1.38472e+07 8.89384e-06
     2647.92     18210.9 1.46926e+07 9.24047e-06
     2678.01     18512.0 1.55363e+07 9.48121e-06
      2708.1     18626.8 1.63144e+07 9.87447e-06
     2738.19     18668.0 1.71215e+07 1.03688e-05
     2768.28     18797.2 1.80613e+07 1.08372e-05
     2798.37     18967.8 1.89947e+07 1.12358e-05
     2828.46     19120.8 1.99481e+07 1.16566e-05
     2858.55     19186.1 2.09249e+07 1.21998e-05
     2888.64     19201.4 2.19745e+07 1.28579e-05
     2918.73     19438.9 2.30443e+07 1.31983e-05
     2948.82     19671.0 2.41612e+07  1.3559e-05
     2978.91     19740.2 2.51872e+07 1.40937e-05
