         0.0     3244.52     86.0629 4.13171e-10
       10.03     3304.62     94.0331 4.43257e-10
       20.06     3398.12     109.921 5.03681e-10
       30.09     3435.28     118.039 5.35162e-10
       40.12     3498.75     136.265 6.06817e-10
       50.15     3550.27     147.749  6.4839e-10
       60.18     3598.34     169.001 7.31729e-10
       70.21     3670.69     184.723 7.84102e-10
       80.24     3729.72     213.994 8.94227e-10
       90.27     3817.97       238.0 9.71267e-10
       100.3     3892.76     279.221 1.11789e-09
      110.33     3974.36     313.446 1.22928e-09
      120.36     4016.33     360.358 1.39859e-09
      130.39     4076.12     402.916 1.54065e-09
      140.42     4117.99     461.149 1.74596e-09
      150.45     4153.95     509.891 1.91412e-09
      160.48     4175.98     572.587 2.13847e-09
      170.51     4187.42     624.536 2.32633e-09
      180.54     4210.15     695.393  2.5765e-09
      190.57     4220.11     758.339 2.80329e-09
       200.6     4236.85     838.284 3.08672e-09
      210.63     4247.25     912.969 3.35364e-09
      220.66     4263.79     1005.56 3.67946e-09
      230.69     4286.28      1102.0 4.01097e-09
      240.72     4311.03     1215.21 4.39805e-09
      250.75     4326.77     1326.97 4.78566e-09
      260.78     4348.12     1457.41 5.23094e-09
      270.81     4365.08     1592.12 5.69276e-09
      280.84     4378.11     1741.69 6.20952e-09
      290.87     4397.71     1917.15 6.80507e-09
       300.9     4420.79     2110.66 7.45313e-09
      310.93     4440.06     2337.45 8.21835e-09
      320.96     4461.79      2580.3 9.02801e-09
      330.99      4473.4     2837.93 9.90379e-09
      341.02      4487.2     3127.26 1.08799e-08
      351.05     4502.44     3439.85 1.19266e-08
      361.08     4499.21     3786.14 1.31377e-08
      371.11     4508.92     4181.66 1.44789e-08
      381.14     4534.91     4631.02 1.59427e-08
      391.17     4549.14     5119.83 1.75722e-08
       401.2     4583.59      5696.3 1.94064e-08
      411.23     4585.96     6263.65 2.13294e-08
      421.26     4618.41     6927.29 2.34253e-08
      431.29      4650.2     7547.36 2.53483e-08
      441.32     4699.83     8264.04   2.746e-08
      451.35     4724.69     8990.82 2.97159e-08
      461.38     4733.46     9856.29 3.25162e-08
      471.41     4730.53     10727.2 3.54138e-08
      481.44     4729.13     11750.7 3.88064e-08
      491.47     4726.35     12797.1 4.22897e-08
       501.5      4735.5     13989.3  4.6141e-08
      511.53     4747.04     15213.6 5.00566e-08
      521.56     4766.78     16605.2 5.44087e-08
      531.59     4778.74     17956.4 5.86935e-08
      541.62     4808.44     19538.3 6.34764e-08
      551.65     4837.08     21092.7 6.81246e-08
      561.68     4853.17     22591.8 7.27271e-08
      571.71      4886.4     24223.7 7.74499e-08
      581.74     4893.85     25372.7 8.10015e-08
      591.77     4930.91     26788.1 8.48701e-08
       601.8     4949.11     27606.1 8.71348e-08
      611.83     5021.01     28811.3 8.96305e-08
      621.86     5069.05     29481.7 9.08513e-08
      631.89     5163.59     30501.9 9.22588e-08
      641.92     5224.81     31468.4 9.40613e-08
      651.95     5342.51     32933.9 9.62739e-08
      661.98     5406.42     34364.6 9.92497e-08
      672.01     5505.91     36382.7 1.03189e-07
      682.04     5567.26     38246.4 1.07271e-07
      692.07     5667.43     41157.5 1.13383e-07
       702.1     5779.09     44424.8 1.20015e-07
      712.13     5882.04     48980.8 1.29995e-07
      722.16     5969.89     53378.2 1.39582e-07
      732.19     5970.98     58319.9 1.52481e-07
      742.22     6017.57     62486.7 1.62098e-07
      752.25      6038.1     68602.4 1.77354e-07
      762.28     6114.42     75334.0 1.92332e-07
      772.31     6157.95     85374.3 2.16431e-07
      782.34     6267.16     97112.9 2.41852e-07
      792.37     6360.84 1.08603e+05 2.66494e-07
       802.4     6456.46 1.19015e+05 2.87668e-07
      812.43     6809.94 1.29979e+05 2.97728e-07
      822.46      6868.8 1.40252e+05 3.18471e-07
      832.49     7973.91 1.48928e+05 2.89956e-07
      842.52     9637.15 1.55873e+05 2.43422e-07
      852.55     10247.4 1.63398e+05 2.34004e-07
      862.58     10386.8 1.70293e+05 2.39129e-07
      872.61     10428.4 1.78036e+05   2.488e-07
      882.64     10452.3 1.85665e+05 2.58889e-07
      892.67     10499.8 1.93782e+05 2.68654e-07
       902.7     10529.3 2.01383e+05 2.78302e-07
      912.73     10547.7 2.09017e+05 2.88403e-07
      922.76     10607.1  2.1785e+05 2.98328e-07
      932.79     10713.6 2.25831e+05 3.04703e-07
      942.82     10835.2 2.34408e+05  3.1088e-07
      952.85     10933.1 2.42918e+05 3.17792e-07
      962.88     11005.7 2.49127e+05   3.226e-07
      972.91     11081.6 2.57382e+05 3.29822e-07
      982.94     11142.6 2.65852e+05  3.3791e-07
      992.97     11201.8 2.76376e+05 3.48638e-07
      1003.0     11235.4   2.872e+05 3.61013e-07
     1013.03     11262.3 2.97526e+05  3.7301e-07
     1023.06     11281.3   3.084e+05 3.86123e-07
     1033.09     11301.9 3.18571e+05 3.98165e-07
     1043.12     11326.4 3.29441e+05 4.10815e-07
     1053.15     11359.7 3.40217e+05 4.22712e-07
     1063.18     11410.0 3.51497e+05 4.33997e-07
     1073.21     11500.7 3.64023e+05 4.43892e-07
     1083.24     11613.3 3.75835e+05 4.50954e-07
     1093.27     11708.8  3.8821e+05 4.59562e-07
      1103.3     11770.2 4.02158e+05 4.72335e-07
     1113.33     11811.6 4.15768e+05 4.85978e-07
     1123.36     11889.0 4.31191e+05 4.98794e-07
     1133.39     11946.5 4.47048e+05 5.13434e-07
     1143.42     11933.6 4.63379e+05 5.34378e-07
     1153.45     11891.2 4.80852e+05 5.59456e-07
     1163.48     11916.0  4.9779e+05 5.78049e-07
     1173.51     11991.5 5.14722e+05 5.91775e-07
     1183.54     12048.1 5.33392e+05 6.09041e-07
     1193.57     12084.6  5.5433e+05 6.30711e-07
      1203.6     12124.5 5.72938e+05 6.49019e-07
     1213.63     12163.3  5.9373e+05 6.69845e-07
     1223.66     12202.6 6.12034e+05 6.87459e-07
     1233.69     12245.6 6.31602e+05 7.05966e-07
     1243.72     12270.8 6.49707e+05 7.24558e-07
     1253.75     12294.7 6.70587e+05 7.46491e-07
     1263.78     12315.7 6.92365e+05 7.69734e-07
     1273.81     12342.6 7.15467e+05 7.93679e-07
     1283.84     12357.2 7.37001e+05 8.17164e-07
     1293.87     12373.1 7.55579e+05 8.36936e-07
      1303.9     12387.8  7.7192e+05 8.54173e-07
     1313.93     12408.7 7.93361e+05 8.76475e-07
     1323.96     12437.4  8.1553e+05 8.98445e-07
     1333.99     12456.9 8.38505e+05 9.22491e-07
     1344.02     12481.9 8.58382e+05 9.42051e-07
     1354.05     12528.3 8.82891e+05 9.63737e-07
     1364.08     12561.7 9.04584e+05 9.83866e-07
     1374.11     12614.1  9.3017e+05 1.00539e-06
     1384.14     12695.4 9.59466e+05 1.02629e-06
     1394.17     12751.6 9.87346e+05 1.04901e-06
      1404.2     12794.0 1.01747e+06 1.07613e-06
     1414.23     12840.9 1.04439e+06 1.09855e-06
     1424.26     12892.7  1.0752e+06 1.12415e-06
     1434.29     12944.3  1.1053e+06 1.14862e-06
     1444.32     13006.6 1.14029e+06 1.17615e-06
     1454.35     13049.3 1.16893e+06 1.19983e-06
     1464.38     13097.0  1.1968e+06 1.22145e-06
     1474.41     13135.1 1.21897e+06 1.23837e-06
     1484.44     13185.0  1.2487e+06 1.26101e-06
     1494.47     13247.7 1.28272e+06 1.28544e-06
      1504.5     13308.9 1.32269e+06 1.31603e-06
     1514.53     13336.6 1.35974e+06 1.34994e-06
     1524.56     13352.2 1.39655e+06 1.38594e-06
     1534.59     13403.8 1.43811e+06 1.41905e-06
     1544.62     13459.8 1.47975e+06 1.45079e-06
     1554.65     13480.6 1.52835e+06 1.49721e-06
     1564.68     13449.0 1.57283e+06 1.55128e-06
     1574.71     13438.7 1.62509e+06 1.60889e-06
     1584.74     13493.8 1.67031e+06 1.64325e-06
     1594.77     13611.6 1.73105e+06 1.67761e-06
      1604.8     13681.8 1.77513e+06 1.70546e-06
     1614.83     13724.6   1.824e+06 1.74479e-06
     1624.86     13746.5 1.85598e+06 1.77192e-06
     1634.89     13791.2 1.90237e+06 1.80759e-06
     1644.92     13834.7 1.94189e+06 1.83611e-06
     1654.95     13872.1 1.98664e+06 1.87127e-06
     1664.98     13944.7 2.01821e+06 1.88284e-06
     1675.01     14069.2 2.05342e+06 1.88289e-06
     1685.04     14164.4 2.08834e+06 1.89026e-06
     1695.07     14203.8 2.12649e+06 1.91627e-06
      1705.1     14216.8 2.16792e+06 1.95292e-06
     1715.13     14225.7 2.21674e+06 1.99787e-06
     1725.16     14212.0 2.26952e+06 2.05353e-06
     1735.19     14202.0 2.33476e+06 2.12046e-06
     1745.22     14227.8 2.40079e+06 2.17692e-06
     1755.25     14292.5 2.46835e+06 2.22181e-06
     1765.28     14370.0 2.53412e+06 2.25988e-06
     1775.31     14444.1 2.59854e+06 2.29689e-06
     1785.34     14529.4 2.66855e+06 2.33457e-06
     1795.37     14622.3 2.74369e+06 2.37335e-06
      1805.4     14724.2 2.81113e+06 2.40052e-06
     1815.43     14786.4 2.87304e+06 2.43571e-06
     1825.46     14817.7 2.94305e+06 2.48903e-06
     1835.49     14829.6 2.99387e+06  2.5315e-06
     1845.52     14824.4 3.05676e+06 2.59145e-06
     1855.55     14828.6 3.11703e+06 2.64545e-06
     1865.58     14863.8 3.17979e+06 2.68958e-06
     1875.61     14901.5 3.23679e+06 2.72701e-06
     1885.64     14930.6 3.29699e+06 2.77044e-06
     1895.67     14965.1 3.36468e+06 2.81819e-06
      1905.7     15003.4 3.43016e+06 2.86198e-06
     1915.73     15043.9 3.50228e+06 2.91046e-06
     1925.76     15079.6 3.57646e+06 2.96233e-06
     1935.79     15113.5 3.65684e+06 3.02014e-06
     1945.82     15145.7 3.74614e+06 3.08637e-06
     1955.85     15182.8 3.84187e+06  3.1558e-06
     1965.88     15224.2 3.93653e+06 3.22173e-06
     1975.91     15254.2 4.04907e+06 3.30832e-06
     1985.94     15289.1 4.15172e+06 3.38312e-06
     1995.97     15330.3 4.23973e+06 3.44129e-06
      2006.0     15402.6 4.34384e+06 3.49754e-06
     2016.03     15497.3 4.46262e+06 3.55421e-06
     2026.06     15577.1 4.57048e+06  3.6073e-06
     2036.09     15617.0 4.63536e+06 3.64278e-06
     2046.12     15637.9 4.67469e+06 3.66575e-06
     2056.15     15630.0 4.70198e+06 3.69327e-06
     2066.18     15603.8 4.77001e+06 3.76552e-06
     2076.21     15640.3 4.89258e+06 3.85154e-06
     2086.24     15741.2 5.05667e+06   3.937e-06
     2096.27     15825.4  5.1819e+06 3.99661e-06
      2106.3     15863.7 5.28965e+06 4.06606e-06
     2116.33     15932.0 5.38207e+06 4.10494e-06
     2126.36     16016.8 5.48963e+06  4.1461e-06
     2136.39     16041.2 5.60441e+06 4.22734e-06
     2146.42     16052.8 5.73445e+06 4.32854e-06
     2156.45     16075.9 5.85595e+06 4.41545e-06
     2166.48     16114.6 5.97453e+06 4.48985e-06
     2176.51     16174.9 6.09694e+06  4.5532e-06
     2186.54     16244.6  6.2344e+06 4.62187e-06
     2196.57     16302.1 6.37073e+06 4.69601e-06
      2206.6     16338.2 6.50741e+06 4.78328e-06
     2216.63     16381.4 6.64964e+06 4.86961e-06
     2226.66     16414.1 6.78244e+06 4.95454e-06
     2236.69     16443.2 6.91136e+06 5.03826e-06
     2246.72     16462.1  7.0204e+06  5.1126e-06
     2256.75     16486.1 7.12523e+06 5.17982e-06
     2266.78     16518.6 7.24672e+06 5.25404e-06
     2276.81     16555.5 7.38127e+06 5.33498e-06
     2286.84     16593.4  7.5281e+06 5.42439e-06
     2296.87     16635.6 7.67902e+06 5.51321e-06
      2306.9     16672.8 7.83204e+06 5.60671e-06
     2316.93     16704.1 8.00566e+06 5.72029e-06
     2326.96     16753.5 8.18399e+06 5.82281e-06
     2336.99     16803.6 8.34846e+06 5.91273e-06
     2347.02     16817.2 8.49674e+06 6.01783e-06
     2357.05     16845.1 8.67149e+06 6.13182e-06
     2367.08     16918.5 8.84638e+06  6.2082e-06
     2377.11     17019.9 9.01926e+06 6.25871e-06
     2387.14     17119.1 9.16324e+06 6.28735e-06
     2397.17     17194.9 9.40034e+06  6.4038e-06
      2407.2     17247.3 9.56498e+06  6.4836e-06
     2417.23     17301.7 9.73745e+06 6.56651e-06
     2427.26     17333.6 9.89626e+06 6.65743e-06
     2437.29     17352.2 1.00541e+07 6.75856e-06
     2447.32     17374.9 1.02225e+07 6.86357e-06
     2457.35     17390.1 1.03787e+07 6.96588e-06
     2467.38     17391.5 1.05557e+07 7.09584e-06
     2477.41     17384.3 1.07269e+07 7.22976e-06
     2487.44     17396.2 1.09051e+07 7.35151e-06
     2497.47     17450.3 1.10816e+07 7.43206e-06
      2507.5     17515.4 1.12441e+07 7.49084e-06
     2517.53     17574.6 1.13919e+07  7.5434e-06
     2527.56     17534.1 1.15147e+07 7.67277e-06
     2537.59     17434.9  1.1648e+07 7.86903e-06
     2547.62     17396.2 1.17685e+07 7.99797e-06
     2557.65     17454.9 1.19181e+07 8.05049e-06
     2567.68     17542.7 1.21139e+07 8.10678e-06
     2577.71     17645.3 1.25146e+07 8.29618e-06
     2587.74     17734.2 1.29213e+07 8.49976e-06
     2597.77     17810.1 1.33454e+07 8.72584e-06
      2607.8     17854.4 1.36389e+07 8.88905e-06
     2617.83     17900.2 1.39131e+07 9.03561e-06
     2627.86     17943.7 1.41786e+07 9.17711e-06
     2637.89     17978.5 1.44058e+07 9.29998e-06
     2647.92     18044.9 1.47253e+07 9.45152e-06
     2657.95     18099.8 1.49913e+07 9.57651e-06
     2667.98     18160.6 1.53036e+07 9.72572e-06
     2678.01     18247.4 1.55784e+07 9.81602e-06
     2688.04     18372.6 1.58501e+07 9.85664e-06
     2698.07     18514.4 1.61379e+07 9.88683e-06
      2708.1     18621.2 1.63894e+07 9.93165e-06
     2718.13     18674.8  1.6649e+07  1.0043e-05
     2728.16     18692.8 1.69111e+07 1.01973e-05
     2738.19     18695.2 1.71537e+07 1.03572e-05
     2748.22     18713.7 1.74364e+07 1.05241e-05
     2758.25     18739.1 1.77103e+07  1.0676e-05
     2768.28     18773.3 1.80417e+07 1.08543e-05
     2778.31     18821.0  1.8351e+07 1.09997e-05
     2788.34     18886.9 1.86952e+07 1.11431e-05
     2798.37     18949.4 1.90277e+07 1.12813e-05
      2808.4     19009.7 1.93591e+07 1.14199e-05
     2818.43     19072.4  1.9679e+07  1.1546e-05
     2828.46     19138.5 1.99906e+07 1.16605e-05
     2838.49     19190.9 2.03002e+07 1.17905e-05
     2848.52     19223.7 2.06106e+07  1.1946e-05
     2858.55     19242.1 2.09213e+07 1.21205e-05
     2868.58     19244.5 2.12511e+07 1.23291e-05
     2878.61     19244.6 2.15887e+07 1.25463e-05
     2888.64     19256.6 2.19482e+07 1.27611e-05
     2898.67     19288.7 2.23085e+07 1.29468e-05
      2908.7     19351.4 2.26734e+07 1.30898e-05
     2918.73     19417.0 2.30346e+07 1.32245e-05
     2928.76     19493.0 2.34163e+07 1.33549e-05
     2938.79     19592.7  2.3766e+07 1.34279e-05
     2948.82     19675.1 2.41512e+07 1.35467e-05
     2958.85     19713.0 2.44847e+07 1.36979e-05
     2968.88     19737.2 2.48814e+07 1.39081e-05
     2978.91     19754.2 2.51897e+07 1.40737e-05
     2988.94     19781.0 2.56239e+07 1.43017e-05
     2998.97     19801.0 2.58888e+07 1.44346e-05
