 9.88683291E-03   3916.6 2.791E+02 3.450E+10 2.092E-03 5.000E-01 0.000E+00
 1.09254410E-02   3980.1 3.116E+02 3.998E+10 2.244E-03 5.000E-01 0.000E+00
 1.21062044E-02   4019.1 3.500E+02 4.551E+10 2.421E-03 5.000E-01 0.000E+00
 1.34490477E-02   4066.3 3.931E+02 5.195E+10 2.607E-03 5.000E-01 0.000E+00
 1.49748437E-02   4106.8 4.413E+02 5.896E+10 2.812E-03 5.000E-01 0.000E+00
 1.67101864E-02   4130.3 4.920E+02 6.569E+10 3.028E-03 5.000E-01 0.000E+00
 1.86864454E-02   4152.7 5.468E+02 7.294E+10 3.257E-03 5.000E-01 0.000E+00
 2.09368635E-02   4167.2 6.064E+02 8.043E+10 3.505E-03 5.000E-01 0.000E+00
 2.34970264E-02   4183.7 6.738E+02 8.894E+10 3.780E-03 5.000E-01 0.000E+00
 2.64061112E-02   4192.9 7.459E+02 9.759E+10 4.073E-03 5.000E-01 0.000E+00
 2.97054462E-02   4210.6 8.329E+02 1.084E+11 4.414E-03 5.000E-01 0.000E+00
 3.34445387E-02   4221.7 9.211E+02 1.190E+11 4.757E-03 5.000E-01 0.000E+00
 3.76735739E-02   4248.5 1.035E+03 1.336E+11 5.180E-03 5.000E-01 0.000E+00
 4.24467735E-02   4269.1 1.153E+03 1.484E+11 5.615E-03 5.000E-01 0.000E+00
 4.78349254E-02   4288.0 1.286E+03 1.649E+11 6.096E-03 5.000E-01 0.000E+00
 5.39147072E-02   4307.7 1.437E+03 1.833E+11 6.627E-03 5.000E-01 0.000E+00
 6.07701652E-02   4321.6 1.598E+03 2.025E+11 7.193E-03 5.000E-01 0.000E+00
 6.84730113E-02   4354.0 1.802E+03 2.287E+11 7.871E-03 5.000E-01 0.000E+00
 7.70969763E-02   4386.7 2.034E+03 2.586E+11 8.628E-03 5.000E-01 0.000E+00
 8.67105499E-02   4410.6 2.304E+03 2.916E+11 9.499E-03 5.000E-01 0.000E+00
 9.74113643E-02   4418.1 2.601E+03 3.248E+11 1.046E-02 5.000E-01 0.000E+00
 1.09322995E-01   4422.3 2.923E+03 3.595E+11 1.149E-02 5.000E-01 0.000E+00
 1.22629404E-01   4424.2 3.278E+03 3.964E+11 1.260E-02 5.000E-01 0.000E+00
 1.37493223E-01   4411.4 3.679E+03 4.327E+11 1.383E-02 5.000E-01 0.000E+00
 1.54081985E-01   4405.7 4.135E+03 4.748E+11 1.518E-02 5.000E-01 0.000E+00
 1.72561020E-01   4423.3 4.678E+03 5.322E+11 1.673E-02 5.000E-01 0.000E+00
 1.93079159E-01   4465.7 5.296E+03 6.078E+11 1.845E-02 5.000E-01 0.000E+00
 2.15971678E-01   4507.0 5.946E+03 6.880E+11 2.021E-02 5.000E-01 0.000E+00
 2.41659120E-01   4565.9 6.642E+03 7.840E+11 2.202E-02 5.000E-01 0.000E+00
 2.70552963E-01   4626.6 7.432E+03 8.939E+11 2.400E-02 5.000E-01 0.000E+00
 3.02983224E-01   4644.8 8.297E+03 9.915E+11 2.622E-02 5.000E-01 0.000E+00
 3.39402467E-01   4631.1 9.206E+03 1.073E+12 2.859E-02 5.000E-01 0.000E+00
 3.80313665E-01   4622.8 1.024E+04 1.166E+12 3.118E-02 5.000E-01 0.000E+00
 4.26292419E-01   4621.9 1.140E+04 1.273E+12 3.401E-02 5.000E-01 0.000E+00
 4.77902681E-01   4629.2 1.271E+04 1.399E+12 3.712E-02 5.000E-01 0.000E+00
 5.35735250E-01   4644.7 1.424E+04 1.552E+12 4.066E-02 5.000E-01 0.000E+00
 6.00464106E-01   4663.1 1.593E+04 1.723E+12 4.449E-02 5.000E-01 0.000E+00
 6.73030436E-01   4687.8 1.778E+04 1.917E+12 4.858E-02 5.000E-01 0.000E+00
 7.54371285E-01   4726.6 1.988E+04 2.157E+12 5.318E-02 5.000E-01 0.000E+00
 8.46106410E-01   4747.3 2.190E+04 2.367E+12 5.747E-02 5.000E-01 0.000E+00
 9.50264871E-01   4769.3 2.392E+04 2.582E+12 6.172E-02 5.000E-01 0.000E+00
 1.07041788E+00   4796.1 2.552E+04 2.771E+12 6.503E-02 5.000E-01 0.000E+00
 1.21089399E+00   4879.8 2.674E+04 3.039E+12 6.754E-02 5.000E-01 0.000E+00
 1.37807214E+00   5032.4 2.760E+04 3.427E+12 6.933E-02 5.000E-01 0.000E+00
 1.57339537E+00   5225.6 2.910E+04 4.125E+12 7.469E-02 5.000E-01 0.000E+00
 1.78487921E+00   5385.0 3.237E+04 5.272E+12 8.768E-02 5.000E-01 0.000E+00
 2.00950336E+00   5469.2 3.554E+04 6.272E+12 9.990E-02 5.000E-01 0.000E+00
 2.23971581E+00   5639.3 4.024E+04 8.752E+12 1.284E-01 5.000E-01 0.000E+00
 2.45647597E+00   5748.5 4.545E+04 1.131E+13 1.576E-01 5.000E-01 0.000E+00
 2.67053962E+00   5875.4 5.287E+04 1.543E+13 2.030E-01 5.000E-01 0.000E+00
 2.87297654E+00   6014.6 6.216E+04 2.174E+13 2.690E-01 5.000E-01 0.000E+00
 3.06070828E+00   6126.8 7.351E+04 2.924E+13 3.447E-01 5.000E-01 0.000E+00
 3.24682474E+00   6206.9 8.411E+04 3.640E+13 4.146E-01 5.000E-01 0.000E+00
 3.44044328E+00   6270.5 9.458E+04 4.350E+13 4.825E-01 5.000E-01 0.000E+00
 3.63583827E+00   6382.4 1.042E+05 5.582E+13 5.924E-01 5.000E-01 0.000E+00
 3.82618284E+00   6551.7 1.130E+05 7.809E+13 7.774E-01 5.000E-01 0.000E+00
 3.99387884E+00   6754.0 1.214E+05 1.139E+14 1.056E+00 5.000E-01 0.000E+00
 4.17121696E+00   6846.4 1.291E+05 1.373E+14 1.231E+00 5.000E-01 0.000E+00
 4.35839128E+00   6848.9 1.361E+05 1.418E+14 1.269E+00 5.000E-01 0.000E+00
 4.45838451E+00   7283.4 1.394E+05 2.622E+14 2.131E+00 5.000E-01 0.000E+00
 4.55385160E+00   7748.3 1.425E+05 5.053E+14 3.705E+00 5.000E-01 0.000E+00
 4.65136242E+00   8213.3 1.457E+05 9.738E+14 6.442E+00 5.000E-01 0.000E+00
 4.70406723E+00   8521.3 1.473E+05 1.354E+15 8.951E+00 5.000E-01 0.000E+00
 4.75034142E+00   8805.9 1.486E+05 1.794E+15 1.203E+01 5.000E-01 0.000E+00
 4.79707050E+00   9090.5 1.499E+05 2.377E+15 1.617E+01 5.000E-01 0.000E+00
 4.84426022E+00   9375.2 1.513E+05 3.148E+15 2.173E+01 5.000E-01 0.000E+00
 4.89191294E+00   9659.8 1.526E+05 4.171E+15 2.920E+01 5.000E-01 0.000E+00
 4.94256687E+00   9862.5 1.542E+05 5.056E+15 3.598E+01 5.000E-01 0.000E+00
 4.99689817E+00   9964.4 1.559E+05 5.495E+15 3.985E+01 5.000E-01 0.000E+00
 5.05182600E+00  10066.3 1.577E+05 5.972E+15 4.412E+01 5.000E-01 0.000E+00
 5.10735798E+00  10168.2 1.595E+05 6.490E+15 4.886E+01 5.000E-01 0.000E+00
 5.16935968E+00  10257.9 1.615E+05 6.989E+15 5.346E+01 5.000E-01 0.000E+00
 5.25300264E+00  10304.6 1.641E+05 7.286E+15 5.611E+01 5.000E-01 0.000E+00
 5.33800125E+00  10351.4 1.667E+05 7.597E+15 5.888E+01 5.000E-01 0.000E+00
 5.44052887E+00  10384.4 1.702E+05 7.861E+15 6.105E+01 5.000E-01 0.000E+00
 5.56498051E+00  10400.8 1.746E+05 8.061E+15 6.239E+01 5.000E-01 0.000E+00
 5.71186781E+00  10418.2 1.796E+05 8.285E+15 6.386E+01 5.000E-01 0.000E+00
 5.88267469E+00  10436.6 1.854E+05 8.537E+15 6.548E+01 5.000E-01 0.000E+00
 6.09366560E+00  10487.6 1.925E+05 9.020E+15 6.928E+01 5.000E-01 0.000E+00
 6.33643723E+00  10527.9 1.997E+05 9.457E+15 7.255E+01 5.000E-01 0.000E+00
 6.62132502E+00  10551.7 2.080E+05 9.824E+15 7.489E+01 5.000E-01 0.000E+00
 6.95431805E+00  10606.0 2.183E+05 1.046E+16 7.960E+01 5.000E-01 0.000E+00
 7.32631540E+00  10734.0 2.288E+05 1.166E+16 9.028E+01 5.000E-01 0.000E+00
 7.72588158E+00  10876.4 2.395E+05 1.307E+16 1.034E+02 5.000E-01 0.000E+00
 8.16063213E+00  10982.1 2.494E+05 1.426E+16 1.144E+02 5.000E-01 0.000E+00
 8.64371490E+00  11083.6 2.614E+05 1.555E+16 1.260E+02 5.000E-01 0.000E+00
