 1.01586385E-02   3817.4 2.672E+02 2.985E+10 2.010E-03 5.000E-01 0.000E+00
 1.12321982E-02   3894.4 2.979E+02 3.557E+10 2.176E-03 5.000E-01 0.000E+00
 1.24377785E-02   3963.6 3.422E+02 4.261E+10 2.388E-03 5.000E-01 0.000E+00
 1.37965381E-02   4042.2 3.851E+02 5.020E+10 2.578E-03 5.000E-01 0.000E+00
 1.53331934E-02   4086.2 4.373E+02 5.770E+10 2.803E-03 5.000E-01 0.000E+00
 1.70785096E-02   4145.0 4.891E+02 6.596E+10 3.007E-03 5.000E-01 0.000E+00
 1.90538261E-02   4192.2 5.576E+02 7.591E+10 3.277E-03 5.000E-01 0.000E+00
 2.12986711E-02   4232.7 6.181E+02 8.483E+10 3.504E-03 5.000E-01 0.000E+00
 2.38558482E-02   4244.2 6.881E+02 9.372E+10 3.790E-03 5.000E-01 0.000E+00
 2.67688073E-02   4272.8 7.606E+02 1.038E+11 4.062E-03 5.000E-01 0.000E+00
 3.00833192E-02   4292.7 8.457E+02 1.150E+11 4.387E-03 5.000E-01 0.000E+00
 3.38469706E-02   4323.0 9.418E+02 1.283E+11 4.734E-03 5.000E-01 0.000E+00
 3.81102674E-02   4353.0 1.052E+03 1.434E+11 5.125E-03 5.000E-01 0.000E+00
 4.29290123E-02   4383.1 1.179E+03 1.607E+11 5.566E-03 5.000E-01 0.000E+00
 4.83602509E-02   4419.4 1.326E+03 1.811E+11 6.054E-03 5.000E-01 0.000E+00
 5.44742197E-02   4444.1 1.486E+03 2.025E+11 6.595E-03 5.000E-01 0.000E+00
 6.13413118E-02   4474.1 1.671E+03 2.275E+11 7.199E-03 5.000E-01 0.000E+00
 6.90612569E-02   4514.5 1.878E+03 2.568E+11 7.840E-03 5.000E-01 0.000E+00
 7.77427033E-02   4547.2 2.107E+03 2.884E+11 8.549E-03 5.000E-01 0.000E+00
 8.74421746E-02   4576.1 2.386E+03 3.260E+11 9.410E-03 5.000E-01 0.000E+00
 9.82250348E-02   4609.1 2.711E+03 3.702E+11 1.039E-02 5.000E-01 0.000E+00
 1.10205434E-01   4643.7 3.076E+03 4.203E+11 1.145E-02 5.000E-01 0.000E+00
 1.23538017E-01   4655.1 3.453E+03 4.679E+11 1.259E-02 5.000E-01 0.000E+00
 1.38409168E-01   4690.2 3.887E+03 5.277E+11 1.381E-02 5.000E-01 0.000E+00
 1.55049205E-01   4708.4 4.343E+03 5.868E+11 1.512E-02 5.000E-01 0.000E+00
 1.73682362E-01   4764.9 4.878E+03 6.682E+11 1.652E-02 5.000E-01 0.000E+00
 1.94520473E-01   4839.2 5.512E+03 7.738E+11 1.818E-02 5.000E-01 0.000E+00
 2.17643708E-01   4890.7 6.230E+03 8.871E+11 2.011E-02 5.000E-01 0.000E+00
 2.43201435E-01   4926.5 7.043E+03 1.009E+12 2.229E-02 5.000E-01 0.000E+00
 2.71501720E-01   4929.8 7.953E+03 1.121E+12 2.466E-02 5.000E-01 0.000E+00
 3.02877367E-01   4918.4 8.958E+03 1.232E+12 2.721E-02 5.000E-01 0.000E+00
 3.37796539E-01   4923.6 1.004E+04 1.362E+12 2.992E-02 5.000E-01 0.000E+00
 3.76902401E-01   4930.5 1.111E+04 1.492E+12 3.256E-02 5.000E-01 0.000E+00
 4.20989126E-01   4931.6 1.229E+04 1.627E+12 3.542E-02 5.000E-01 0.000E+00
 4.70739633E-01   4933.9 1.355E+04 1.770E+12 3.842E-02 5.000E-01 0.000E+00
 5.26819527E-01   4938.4 1.499E+04 1.934E+12 4.180E-02 5.000E-01 0.000E+00
 5.89955032E-01   4945.1 1.661E+04 2.118E+12 4.551E-02 5.000E-01 0.000E+00
 6.60874724E-01   4970.1 1.849E+04 2.354E+12 4.973E-02 5.000E-01 0.000E+00
 7.40476787E-01   5002.8 2.057E+04 2.628E+12 5.435E-02 5.000E-01 0.000E+00
 8.29553843E-01   5044.9 2.285E+04 2.948E+12 5.936E-02 5.000E-01 0.000E+00
 9.28994834E-01   5116.8 2.564E+04 3.409E+12 6.570E-02 5.000E-01 0.000E+00
 1.04019129E+00   5161.7 2.816E+04 3.809E+12 7.148E-02 5.000E-01 0.000E+00
 1.16449511E+00   5225.2 3.107E+04 4.343E+12 7.857E-02 5.000E-01 0.000E+00
 1.30385375E+00   5277.5 3.381E+04 4.869E+12 8.554E-02 5.000E-01 0.000E+00
 1.46020627E+00   5342.6 3.671E+04 5.537E+12 9.390E-02 5.000E-01 0.000E+00
 1.63511229E+00   5396.9 3.963E+04 6.226E+12 1.026E-01 5.000E-01 0.000E+00
 1.82953584E+00   5462.8 4.304E+04 7.153E+12 1.139E-01 5.000E-01 0.000E+00
 2.03244591E+00   5598.6 4.838E+04 9.331E+12 1.391E-01 5.000E-01 0.000E+00
 2.23244071E+00   5758.8 5.556E+04 1.309E+13 1.810E-01 5.000E-01 0.000E+00
 2.42153025E+00   5874.6 6.302E+04 1.717E+13 2.253E-01 5.000E-01 0.000E+00
 2.61953068E+00   5916.2 6.967E+04 1.960E+13 2.523E-01 5.000E-01 0.000E+00
 2.84447050E+00   5913.6 7.569E+04 2.054E+13 2.643E-01 5.000E-01 0.000E+00
 3.10485649E+00   5927.0 8.283E+04 2.221E+13 2.837E-01 5.000E-01 0.000E+00
 3.39235210E+00   5986.1 9.133E+04 2.603E+13 3.240E-01 5.000E-01 0.000E+00
 3.68970728E+00   6087.4 1.013E+05 3.291E+13 3.922E-01 5.000E-01 0.000E+00
 3.99676323E+00   6169.8 1.109E+05 3.999E+13 4.604E-01 5.000E-01 0.000E+00
 4.30460548E+00   6304.8 1.206E+05 5.295E+13 5.772E-01 5.000E-01 0.000E+00
 4.60467720E+00   6444.1 1.301E+05 7.013E+13 7.248E-01 5.000E-01 0.000E+00
 4.88347244E+00   6670.2 1.381E+05 1.064E+14 1.011E+00 5.000E-01 0.000E+00
 5.14339495E+00   6815.2 1.464E+05 1.394E+14 1.260E+00 5.000E-01 0.000E+00
 5.40484524E+00   6933.6 1.524E+05 1.722E+14 1.496E+00 5.000E-01 0.000E+00
 5.55715752E+00   7326.7 1.559E+05 2.916E+14 2.362E+00 5.000E-01 0.000E+00
 5.64640617E+00   7871.2 1.581E+05 5.886E+14 4.366E+00 5.000E-01 0.000E+00
 5.73708820E+00   8415.8 1.604E+05 1.188E+15 8.070E+00 5.000E-01 0.000E+00
 5.82230759E+00   8913.7 1.624E+05 2.220E+15 1.408E+01 5.000E-01 0.000E+00
 5.87227631E+00   9168.0 1.630E+05 2.771E+15 1.816E+01 5.000E-01 0.000E+00
 5.92267227E+00   9422.3 1.636E+05 3.459E+15 2.342E+01 5.000E-01 0.000E+00
 5.97350216E+00   9676.6 1.643E+05 4.317E+15 3.020E+01 5.000E-01 0.000E+00
 6.02476835E+00   9931.0 1.649E+05 5.389E+15 3.894E+01 5.000E-01 0.000E+00
 6.07670450E+00  10181.5 1.656E+05 6.704E+15 5.003E+01 5.000E-01 0.000E+00
 6.13946199E+00  10261.8 1.673E+05 7.133E+15 5.411E+01 5.000E-01 0.000E+00
 6.20286608E+00  10342.2 1.691E+05 7.590E+15 5.851E+01 5.000E-01 0.000E+00
 6.26692581E+00  10422.5 1.708E+05 8.077E+15 6.328E+01 5.000E-01 0.000E+00
 6.34050846E+00  10483.8 1.727E+05 8.482E+15 6.722E+01 5.000E-01 0.000E+00
 6.44104719E+00  10489.6 1.749E+05 8.573E+15 6.779E+01 5.000E-01 0.000E+00
 6.54317951E+00  10495.4 1.770E+05 8.665E+15 6.836E+01 5.000E-01 0.000E+00
 6.68712902E+00  10480.6 1.806E+05 8.673E+15 6.776E+01 5.000E-01 0.000E+00
 6.85057831E+00  10466.6 1.849E+05 8.701E+15 6.728E+01 5.000E-01 0.000E+00
 7.05591154E+00  10467.8 1.909E+05 8.860E+15 6.789E+01 5.000E-01 0.000E+00
 7.30255127E+00  10521.7 1.969E+05 9.344E+15 7.188E+01 5.000E-01 0.000E+00
 7.58660078E+00  10573.0 2.044E+05 9.869E+15 7.602E+01 5.000E-01 0.000E+00
 7.91916180E+00  10598.1 2.119E+05 1.023E+16 7.846E+01 5.000E-01 0.000E+00
 8.30857658E+00  10673.4 2.215E+05 1.101E+16 8.485E+01 5.000E-01 0.000E+00
 8.73532009E+00  10810.5 2.318E+05 1.232E+16 9.687E+01 5.000E-01 0.000E+00
 9.19318485E+00  10945.2 2.436E+05 1.377E+16 1.102E+02 5.000E-01 0.000E+00
 9.69075203E+00  11062.2 2.557E+05 1.517E+16 1.232E+02 5.000E-01 0.000E+00
