 9.79249366E-03   3944.5 2.818E+02 3.569E+10 2.106E-03 5.000E-01 0.000E+00
 1.08246328E-02   3993.7 3.142E+02 4.072E+10 2.255E-03 5.000E-01 0.000E+00
 1.20007433E-02   4033.6 3.519E+02 4.622E+10 2.426E-03 5.000E-01 0.000E+00
 1.33387567E-02   4072.8 3.958E+02 5.250E+10 2.618E-03 5.000E-01 0.000E+00
 1.48611004E-02   4108.5 4.419E+02 5.909E+10 2.814E-03 5.000E-01 0.000E+00
 1.65954996E-02   4121.0 4.911E+02 6.520E+10 3.029E-03 5.000E-01 0.000E+00
 1.85718890E-02   4141.2 5.450E+02 7.221E+10 3.256E-03 5.000E-01 0.000E+00
 2.08222400E-02   4152.1 6.047E+02 7.948E+10 3.507E-03 5.000E-01 0.000E+00
 2.33829021E-02   4162.6 6.701E+02 8.734E+10 3.777E-03 5.000E-01 0.000E+00
 2.62924228E-02   4172.8 7.435E+02 9.605E+10 4.075E-03 5.000E-01 0.000E+00
 2.95914207E-02   4190.0 8.293E+02 1.066E+11 4.413E-03 5.000E-01 0.000E+00
 3.33246700E-02   4203.8 9.221E+02 1.177E+11 4.773E-03 5.000E-01 0.000E+00
 3.75407822E-02   4229.1 1.036E+03 1.321E+11 5.198E-03 5.000E-01 0.000E+00
 4.23030183E-02   4243.6 1.150E+03 1.457E+11 5.623E-03 5.000E-01 0.000E+00
 4.76845987E-02   4259.3 1.281E+03 1.613E+11 6.103E-03 5.000E-01 0.000E+00
 5.37654944E-02   4275.5 1.427E+03 1.785E+11 6.621E-03 5.000E-01 0.000E+00
 6.06254227E-02   4298.3 1.591E+03 1.987E+11 7.190E-03 5.000E-01 0.000E+00
 6.83349669E-02   4331.9 1.794E+03 2.248E+11 7.871E-03 5.000E-01 0.000E+00
 7.69574046E-02   4363.2 2.024E+03 2.539E+11 8.625E-03 5.000E-01 0.000E+00
 8.65802616E-02   4383.2 2.286E+03 2.849E+11 9.479E-03 5.000E-01 0.000E+00
 9.73097906E-02   4384.9 2.577E+03 3.157E+11 1.043E-02 5.000E-01 0.000E+00
 1.09278172E-01   4380.4 2.888E+03 3.463E+11 1.143E-02 5.000E-01 0.000E+00
 1.22633643E-01   4363.7 3.251E+03 3.774E+11 1.256E-02 5.000E-01 0.000E+00
 1.37557924E-01   4329.0 3.655E+03 4.040E+11 1.375E-02 5.000E-01 0.000E+00
 1.54245391E-01   4325.7 4.116E+03 4.435E+11 1.508E-02 5.000E-01 0.000E+00
 1.72793582E-01   4377.5 4.682E+03 5.139E+11 1.673E-02 5.000E-01 0.000E+00
 1.93396896E-01   4420.1 5.251E+03 5.835E+11 1.833E-02 5.000E-01 0.000E+00
 2.16338605E-01   4498.8 5.947E+03 6.844E+11 2.022E-02 5.000E-01 0.000E+00
 2.42054969E-01   4535.3 6.614E+03 7.661E+11 2.199E-02 5.000E-01 0.000E+00
 2.70922363E-01   4551.6 7.393E+03 8.493E+11 2.404E-02 5.000E-01 0.000E+00
 3.03346425E-01   4551.4 8.226E+03 9.275E+11 2.620E-02 5.000E-01 0.000E+00
 3.39815110E-01   4558.6 9.146E+03 1.017E+12 2.851E-02 5.000E-01 0.000E+00
 3.80857736E-01   4565.2 1.019E+04 1.116E+12 3.108E-02 5.000E-01 0.000E+00
 4.27000463E-01   4569.0 1.135E+04 1.222E+12 3.387E-02 5.000E-01 0.000E+00
 4.78848547E-01   4567.9 1.266E+04 1.334E+12 3.693E-02 5.000E-01 0.000E+00
 5.37057519E-01   4570.3 1.418E+04 1.463E+12 4.036E-02 5.000E-01 0.000E+00
 6.02297544E-01   4587.2 1.586E+04 1.621E+12 4.413E-02 5.000E-01 0.000E+00
 6.75302505E-01   4614.7 1.777E+04 1.815E+12 4.837E-02 5.000E-01 0.000E+00
 7.57067561E-01   4639.2 1.982E+04 2.018E+12 5.281E-02 5.000E-01 0.000E+00
 8.49076450E-01   4665.1 2.198E+04 2.236E+12 5.740E-02 5.000E-01 0.000E+00
 9.53429043E-01   4687.4 2.401E+04 2.442E+12 6.165E-02 5.000E-01 0.000E+00
 1.07309389E+00   4741.9 2.583E+04 2.696E+12 6.556E-02 5.000E-01 0.000E+00
 1.21261799E+00   4848.3 2.709E+04 3.011E+12 6.827E-02 5.000E-01 0.000E+00
 1.37812781E+00   4943.7 2.787E+04 3.271E+12 6.983E-02 5.000E-01 0.000E+00
 1.57580662E+00   5082.6 2.896E+04 3.685E+12 7.233E-02 5.000E-01 0.000E+00
 1.80273843E+00   5205.8 3.169E+04 4.343E+12 7.939E-02 5.000E-01 0.000E+00
 2.05750442E+00   5344.5 3.236E+04 5.035E+12 8.548E-02 5.000E-01 0.000E+00
 2.31648350E+00   5625.5 3.701E+04 8.105E+12 1.198E-01 5.000E-01 0.000E+00
 2.54555511E+00   5725.7 4.470E+04 1.077E+13 1.517E-01 5.000E-01 0.000E+00
 2.77255535E+00   5832.6 5.316E+04 1.440E+13 1.929E-01 5.000E-01 0.000E+00
 2.97226834E+00   6021.0 6.366E+04 2.229E+13 2.750E-01 5.000E-01 0.000E+00
 3.15376949E+00   6141.0 7.560E+04 3.047E+13 3.569E-01 5.000E-01 0.000E+00
 3.32491398E+00   6264.6 8.699E+04 4.105E+13 4.571E-01 5.000E-01 0.000E+00
 3.48953915E+00   6422.2 9.828E+04 5.798E+13 6.064E-01 5.000E-01 0.000E+00
 3.64974833E+00   6510.8 1.069E+05 7.071E+13 7.148E-01 5.000E-01 0.000E+00
 3.82028270E+00   6583.7 1.155E+05 8.358E+13 8.218E-01 5.000E-01 0.000E+00
 4.00143766E+00   6643.5 1.243E+05 9.621E+13 9.249E-01 5.000E-01 0.000E+00
 4.13497543E+00   6969.9 1.296E+05 1.643E+14 1.427E+00 5.000E-01 0.000E+00
 4.27179050E+00   7301.9 1.350E+05 2.828E+14 2.217E+00 5.000E-01 0.000E+00
 4.33793497E+00   7650.4 1.376E+05 4.402E+14 3.300E+00 5.000E-01 0.000E+00
 4.38914204E+00   8002.5 1.396E+05 6.711E+14 4.868E+00 5.000E-01 0.000E+00
 4.44095325E+00   8354.6 1.416E+05 1.023E+15 7.181E+00 5.000E-01 0.000E+00
 4.49337626E+00   8706.7 1.437E+05 1.559E+15 1.059E+01 5.000E-01 0.000E+00
 4.54641819E+00   9058.8 1.457E+05 2.377E+15 1.563E+01 5.000E-01 0.000E+00
 4.59452629E+00   9282.2 1.473E+05 2.991E+15 1.980E+01 5.000E-01 0.000E+00
 4.64071083E+00   9449.9 1.486E+05 3.464E+15 2.348E+01 5.000E-01 0.000E+00
 4.68735838E+00   9617.6 1.499E+05 4.012E+15 2.785E+01 5.000E-01 0.000E+00
 4.73447561E+00   9785.3 1.512E+05 4.646E+15 3.303E+01 5.000E-01 0.000E+00
 4.78206635E+00   9953.0 1.526E+05 5.380E+15 3.918E+01 5.000E-01 0.000E+00
 4.84060144E+00  10065.1 1.544E+05 5.918E+15 4.388E+01 5.000E-01 0.000E+00
 4.90529299E+00  10148.6 1.566E+05 6.339E+15 4.773E+01 5.000E-01 0.000E+00
 4.97085047E+00  10232.2 1.587E+05 6.790E+15 5.191E+01 5.000E-01 0.000E+00
 5.04216290E+00  10306.5 1.611E+05 7.227E+15 5.596E+01 5.000E-01 0.000E+00
 5.13955259E+00  10333.7 1.645E+05 7.450E+15 5.772E+01 5.000E-01 0.000E+00
 5.23882151E+00  10360.9 1.680E+05 7.680E+15 5.953E+01 5.000E-01 0.000E+00
 5.36874056E+00  10388.8 1.729E+05 7.953E+15 6.155E+01 5.000E-01 0.000E+00
 5.51106644E+00  10416.6 1.784E+05 8.246E+15 6.366E+01 5.000E-01 0.000E+00
 5.69243908E+00  10439.2 1.849E+05 8.540E+15 6.560E+01 5.000E-01 0.000E+00
 5.90056992E+00  10484.2 1.921E+05 8.989E+15 6.902E+01 5.000E-01 0.000E+00
 6.14157295E+00  10537.0 1.998E+05 9.516E+15 7.315E+01 5.000E-01 0.000E+00
 6.42238379E+00  10574.5 2.081E+05 9.976E+15 7.646E+01 5.000E-01 0.000E+00
 6.75092411E+00  10620.2 2.178E+05 1.054E+16 8.058E+01 5.000E-01 0.000E+00
 7.12206745E+00  10729.4 2.282E+05 1.161E+16 8.984E+01 5.000E-01 0.000E+00
 7.52473164E+00  10864.1 2.391E+05 1.297E+16 1.023E+02 5.000E-01 0.000E+00
 7.96594667E+00  10968.1 2.500E+05 1.416E+16 1.131E+02 5.000E-01 0.000E+00
 8.45455647E+00  11068.3 2.625E+05 1.545E+16 1.245E+02 5.000E-01 0.000E+00
