 9.98013932E-03   3888.3 2.766E+02 3.329E+10 2.076E-03 5.000E-01 0.000E+00
 1.10270930E-02   3961.4 3.077E+02 3.894E+10 2.227E-03 5.000E-01 0.000E+00
 1.22132786E-02   4006.3 3.486E+02 4.489E+10 2.416E-03 5.000E-01 0.000E+00
 1.35613764E-02   4058.4 3.898E+02 5.130E+10 2.595E-03 5.000E-01 0.000E+00
 1.50907235E-02   4104.0 4.408E+02 5.878E+10 2.811E-03 5.000E-01 0.000E+00
 1.68283135E-02   4141.3 4.921E+02 6.616E+10 3.022E-03 5.000E-01 0.000E+00
 1.88044328E-02   4168.4 5.501E+02 7.402E+10 3.261E-03 5.000E-01 0.000E+00
 2.10545491E-02   4183.9 6.080E+02 8.144E+10 3.501E-03 5.000E-01 0.000E+00
 2.36153658E-02   4204.7 6.777E+02 9.052E+10 3.781E-03 5.000E-01 0.000E+00
 2.65260711E-02   4218.7 7.491E+02 9.948E+10 4.066E-03 5.000E-01 0.000E+00
 2.98290700E-02   4236.6 8.369E+02 1.106E+11 4.409E-03 5.000E-01 0.000E+00
 3.35770883E-02   4249.5 9.252E+02 1.215E+11 4.751E-03 5.000E-01 0.000E+00
 3.78178135E-02   4270.9 1.035E+03 1.355E+11 5.161E-03 5.000E-01 0.000E+00
 4.26036790E-02   4299.0 1.159E+03 1.517E+11 5.605E-03 5.000E-01 0.000E+00
 4.79991399E-02   4322.4 1.295E+03 1.692E+11 6.090E-03 5.000E-01 0.000E+00
 5.40801510E-02   4347.1 1.451E+03 1.891E+11 6.630E-03 5.000E-01 0.000E+00
 6.09266721E-02   4367.6 1.620E+03 2.104E+11 7.211E-03 5.000E-01 0.000E+00
 6.86199814E-02   4386.8 1.818E+03 2.348E+11 7.880E-03 5.000E-01 0.000E+00
 7.72310719E-02   4413.8 2.050E+03 2.643E+11 8.638E-03 5.000E-01 0.000E+00
 8.68379101E-02   4438.9 2.323E+03 2.984E+11 9.514E-03 5.000E-01 0.000E+00
 9.75297689E-02   4463.8 2.623E+03 3.356E+11 1.045E-02 5.000E-01 0.000E+00
 1.09462164E-01   4478.8 2.949E+03 3.742E+11 1.147E-02 5.000E-01 0.000E+00
 1.22784428E-01   4496.6 3.316E+03 4.179E+11 1.259E-02 5.000E-01 0.000E+00
 1.37651533E-01   4499.8 3.724E+03 4.623E+11 1.384E-02 5.000E-01 0.000E+00
 1.54209390E-01   4509.7 4.195E+03 5.145E+11 1.523E-02 5.000E-01 0.000E+00
 1.72636345E-01   4538.1 4.736E+03 5.798E+11 1.676E-02 5.000E-01 0.000E+00
 1.93153873E-01   4563.2 5.347E+03 6.521E+11 1.845E-02 5.000E-01 0.000E+00
 2.16003910E-01   4585.0 6.020E+03 7.301E+11 2.028E-02 5.000E-01 0.000E+00
 2.41519064E-01   4610.4 6.758E+03 8.172E+11 2.223E-02 5.000E-01 0.000E+00
 2.70164162E-01   4648.3 7.509E+03 9.131E+11 2.414E-02 5.000E-01 0.000E+00
 3.02499384E-01   4703.7 8.374E+03 1.033E+12 2.625E-02 5.000E-01 0.000E+00
 3.38901371E-01   4728.2 9.325E+03 1.148E+12 2.862E-02 5.000E-01 0.000E+00
 3.79673034E-01   4731.6 1.041E+04 1.262E+12 3.134E-02 5.000E-01 0.000E+00
 4.25275415E-01   4729.3 1.164E+04 1.386E+12 3.438E-02 5.000E-01 0.000E+00
 4.76293147E-01   4727.7 1.297E+04 1.516E+12 3.758E-02 5.000E-01 0.000E+00
 5.33457875E-01   4740.2 1.447E+04 1.674E+12 4.110E-02 5.000E-01 0.000E+00
 5.97579300E-01   4760.4 1.614E+04 1.857E+12 4.489E-02 5.000E-01 0.000E+00
 6.69620037E-01   4778.3 1.791E+04 2.046E+12 4.882E-02 5.000E-01 0.000E+00
 7.50685453E-01   4816.4 1.996E+04 2.292E+12 5.327E-02 5.000E-01 0.000E+00
 8.42106521E-01   4847.1 2.201E+04 2.534E+12 5.766E-02 5.000E-01 0.000E+00
 9.45670664E-01   4886.5 2.423E+04 2.812E+12 6.232E-02 5.000E-01 0.000E+00
 1.06456530E+00   4912.1 2.606E+04 3.034E+12 6.611E-02 5.000E-01 0.000E+00
 1.20183301E+00   4955.8 2.772E+04 3.280E+12 6.950E-02 5.000E-01 0.000E+00
 1.36186624E+00   5063.3 2.940E+04 3.684E+12 7.311E-02 5.000E-01 0.000E+00
 1.54642463E+00   5217.3 3.135E+04 4.346E+12 7.896E-02 5.000E-01 0.000E+00
 1.74663389E+00   5403.2 3.429E+04 5.622E+12 9.256E-02 5.000E-01 0.000E+00
 1.94932020E+00   5561.9 3.808E+04 7.492E+12 1.140E-01 5.000E-01 0.000E+00
 2.14391780E+00   5739.1 4.323E+04 1.079E+13 1.512E-01 5.000E-01 0.000E+00
 2.32493353E+00   5890.7 4.940E+04 1.521E+13 1.991E-01 5.000E-01 0.000E+00
 2.50092411E+00   5970.3 5.518E+04 1.872E+13 2.364E-01 5.000E-01 0.000E+00
 2.69219160E+00   6000.4 6.092E+04 2.094E+13 2.607E-01 5.000E-01 0.000E+00
 2.90217352E+00   6035.8 6.789E+04 2.376E+13 2.911E-01 5.000E-01 0.000E+00
 3.12485456E+00   6118.3 7.618E+04 2.941E+13 3.476E-01 5.000E-01 0.000E+00
 3.35490346E+00   6178.9 8.751E+04 3.543E+13 4.079E-01 5.000E-01 0.000E+00
 3.58783865E+00   6284.6 9.915E+04 4.579E+13 5.047E-01 5.000E-01 0.000E+00
 3.82441497E+00   6370.7 1.096E+05 5.628E+13 5.992E-01 5.000E-01 0.000E+00
 4.07056999E+00   6455.1 1.189E+05 6.811E+13 7.015E-01 5.000E-01 0.000E+00
 4.28598928E+00   6713.4 1.269E+05 1.090E+14 1.023E+00 5.000E-01 0.000E+00
 4.50239849E+00   6836.0 1.344E+05 1.379E+14 1.240E+00 5.000E-01 0.000E+00
 4.70325422E+00   6965.7 1.410E+05 1.713E+14 1.486E+00 5.000E-01 0.000E+00
 4.83129692E+00   7435.4 1.446E+05 3.399E+14 2.625E+00 5.000E-01 0.000E+00
 4.96282721E+00   7905.1 1.484E+05 6.744E+14 4.638E+00 5.000E-01 0.000E+00
 5.02783680E+00   8262.7 1.501E+05 1.008E+15 6.827E+00 5.000E-01 0.000E+00
 5.08161163E+00   8601.1 1.515E+05 1.436E+15 9.738E+00 5.000E-01 0.000E+00
 5.13596106E+00   8939.4 1.529E+05 2.045E+15 1.389E+01 5.000E-01 0.000E+00
 5.19089270E+00   9277.8 1.543E+05 2.912E+15 1.982E+01 5.000E-01 0.000E+00
 5.24641037E+00   9616.1 1.558E+05 4.148E+15 2.827E+01 5.000E-01 0.000E+00
 5.29997635E+00   9767.1 1.574E+05 4.715E+15 3.289E+01 5.000E-01 0.000E+00
 5.35391903E+00   9905.7 1.591E+05 5.281E+15 3.777E+01 5.000E-01 0.000E+00
 5.40841007E+00  10044.2 1.609E+05 5.914E+15 4.336E+01 5.000E-01 0.000E+00
 5.46345615E+00  10182.8 1.626E+05 6.623E+15 4.979E+01 5.000E-01 0.000E+00
 5.53145409E+00  10272.6 1.646E+05 7.136E+15 5.448E+01 5.000E-01 0.000E+00
 5.61127472E+00  10319.8 1.669E+05 7.433E+15 5.716E+01 5.000E-01 0.000E+00
 5.69224787E+00  10367.0 1.693E+05 7.743E+15 5.998E+01 5.000E-01 0.000E+00
 5.79543638E+00  10398.7 1.725E+05 7.997E+15 6.208E+01 5.000E-01 0.000E+00
 5.91604424E+00  10419.2 1.763E+05 8.207E+15 6.362E+01 5.000E-01 0.000E+00
 6.06097317E+00  10436.9 1.807E+05 8.421E+15 6.508E+01 5.000E-01 0.000E+00
 6.22831535E+00  10452.7 1.857E+05 8.640E+15 6.650E+01 5.000E-01 0.000E+00
 6.43780088E+00  10490.5 1.922E+05 9.030E+15 6.943E+01 5.000E-01 0.000E+00
 6.68122292E+00  10520.4 1.991E+05 9.393E+15 7.199E+01 5.000E-01 0.000E+00
 6.96850061E+00  10542.6 2.069E+05 9.734E+15 7.416E+01 5.000E-01 0.000E+00
 7.30427504E+00  10599.4 2.167E+05 1.037E+16 7.898E+01 5.000E-01 0.000E+00
 7.67942667E+00  10727.2 2.268E+05 1.155E+16 8.953E+01 5.000E-01 0.000E+00
 8.08107948E+00  10875.0 2.378E+05 1.301E+16 1.031E+02 5.000E-01 0.000E+00
 8.51514339E+00  10988.9 2.477E+05 1.426E+16 1.149E+02 5.000E-01 0.000E+00
 8.99533653E+00  11095.9 2.593E+05 1.559E+16 1.271E+02 5.000E-01 0.000E+00
