 1.00730974E-02   3859.3 2.732E+02 3.194E+10 2.053E-03 5.000E-01 0.000E+00
 1.11299874E-02   3929.6 3.021E+02 3.727E+10 2.201E-03 5.000E-01 0.000E+00
 1.23233516E-02   3994.3 3.475E+02 4.433E+10 2.412E-03 5.000E-01 0.000E+00
 1.36757391E-02   4051.4 3.872E+02 5.076E+10 2.585E-03 5.000E-01 0.000E+00
 1.52089298E-02   4095.3 4.391E+02 5.826E+10 2.807E-03 5.000E-01 0.000E+00
 1.69496033E-02   4150.7 4.922E+02 6.652E+10 3.016E-03 5.000E-01 0.000E+00
 1.89245977E-02   4183.0 5.544E+02 7.514E+10 3.270E-03 5.000E-01 0.000E+00
 2.11723354E-02   4208.7 6.124E+02 8.310E+10 3.500E-03 5.000E-01 0.000E+00
 2.37329081E-02   4220.9 6.809E+02 9.172E+10 3.781E-03 5.000E-01 0.000E+00
 2.66476478E-02   4245.9 7.525E+02 1.014E+11 4.056E-03 5.000E-01 0.000E+00
 2.99611781E-02   4264.5 8.399E+02 1.127E+11 4.395E-03 5.000E-01 0.000E+00
 3.37179750E-02   4287.8 9.333E+02 1.250E+11 4.743E-03 5.000E-01 0.000E+00
 3.79694030E-02   4309.3 1.042E+03 1.391E+11 5.144E-03 5.000E-01 0.000E+00
 4.27692831E-02   4340.2 1.169E+03 1.562E+11 5.590E-03 5.000E-01 0.000E+00
 4.81764674E-02   4370.0 1.310E+03 1.752E+11 6.080E-03 5.000E-01 0.000E+00
 5.42633571E-02   4392.2 1.468E+03 1.956E+11 6.624E-03 5.000E-01 0.000E+00
 6.11078776E-02   4410.7 1.642E+03 2.176E+11 7.218E-03 5.000E-01 0.000E+00
 6.87992126E-02   4429.9 1.839E+03 2.426E+11 7.880E-03 5.000E-01 0.000E+00
 7.74224624E-02   4459.8 2.070E+03 2.728E+11 8.616E-03 5.000E-01 0.000E+00
 8.70654136E-02   4499.9 2.345E+03 3.102E+11 9.458E-03 5.000E-01 0.000E+00
 9.78056565E-02   4544.3 2.666E+03 3.544E+11 1.041E-02 5.000E-01 0.000E+00
 1.09788246E-01   4573.2 3.009E+03 3.992E+11 1.143E-02 5.000E-01 0.000E+00
 1.23153336E-01   4593.8 3.384E+03 4.468E+11 1.255E-02 5.000E-01 0.000E+00
 1.38069272E-01   4606.3 3.798E+03 4.971E+11 1.379E-02 5.000E-01 0.000E+00
 1.54690236E-01   4609.8 4.257E+03 5.498E+11 1.516E-02 5.000E-01 0.000E+00
 1.73255458E-01   4657.0 4.799E+03 6.245E+11 1.660E-02 5.000E-01 0.000E+00
 1.94005087E-01   4702.2 5.417E+03 7.095E+11 1.823E-02 5.000E-01 0.000E+00
 2.17118263E-01   4737.4 6.117E+03 8.024E+11 2.008E-02 5.000E-01 0.000E+00
 2.42761537E-01   4742.6 6.907E+03 8.937E+11 2.222E-02 5.000E-01 0.000E+00
 2.71248817E-01   4740.7 7.730E+03 9.839E+11 2.443E-02 5.000E-01 0.000E+00
 3.03044528E-01   4772.4 8.668E+03 1.104E+12 2.678E-02 5.000E-01 0.000E+00
 3.38666499E-01   4814.0 9.690E+03 1.242E+12 2.926E-02 5.000E-01 0.000E+00
 3.78610134E-01   4842.4 1.080E+04 1.384E+12 3.195E-02 5.000E-01 0.000E+00
 4.23414171E-01   4858.3 1.203E+04 1.532E+12 3.492E-02 5.000E-01 0.000E+00
 4.73817140E-01   4854.3 1.329E+04 1.664E+12 3.797E-02 5.000E-01 0.000E+00
 5.30498087E-01   4851.1 1.474E+04 1.813E+12 4.139E-02 5.000E-01 0.000E+00
 5.94234526E-01   4860.3 1.636E+04 1.991E+12 4.511E-02 5.000E-01 0.000E+00
 6.65843785E-01   4885.6 1.820E+04 2.210E+12 4.920E-02 5.000E-01 0.000E+00
 7.46350408E-01   4918.5 2.023E+04 2.464E+12 5.365E-02 5.000E-01 0.000E+00
 8.36949050E-01   4953.6 2.234E+04 2.735E+12 5.818E-02 5.000E-01 0.000E+00
 9.39196825E-01   5006.9 2.479E+04 3.082E+12 6.340E-02 5.000E-01 0.000E+00
 1.05505216E+00   5051.2 2.711E+04 3.417E+12 6.837E-02 5.000E-01 0.000E+00
 1.18633008E+00   5099.3 2.947E+04 3.781E+12 7.347E-02 5.000E-01 0.000E+00
 1.33555365E+00   5187.7 3.208E+04 4.324E+12 7.983E-02 5.000E-01 0.000E+00
 1.50333798E+00   5285.5 3.454E+04 4.990E+12 8.727E-02 5.000E-01 0.000E+00
 1.68933976E+00   5402.5 3.735E+04 5.990E+12 9.850E-02 5.000E-01 0.000E+00
 1.88937032E+00   5515.1 4.074E+04 7.358E+12 1.144E-01 5.000E-01 0.000E+00
 2.09442544E+00   5645.7 4.543E+04 9.603E+12 1.402E-01 5.000E-01 0.000E+00
 2.28620362E+00   5839.1 5.245E+04 1.443E+13 1.928E-01 5.000E-01 0.000E+00
 2.45965600E+00   5969.9 6.001E+04 1.966E+13 2.480E-01 5.000E-01 0.000E+00
 2.64124942E+00   6002.0 6.576E+04 2.197E+13 2.730E-01 5.000E-01 0.000E+00
 2.85206413E+00   5982.3 7.140E+04 2.229E+13 2.790E-01 5.000E-01 0.000E+00
 3.09868908E+00   5994.8 7.858E+04 2.413E+13 2.999E-01 5.000E-01 0.000E+00
 3.36511087E+00   6082.0 8.745E+04 2.990E+13 3.579E-01 5.000E-01 0.000E+00
 3.63500404E+00   6165.9 9.953E+04 3.730E+13 4.308E-01 5.000E-01 0.000E+00
 3.90307903E+00   6296.5 1.096E+05 4.947E+13 5.419E-01 5.000E-01 0.000E+00
 4.17810822E+00   6362.4 1.198E+05 5.828E+13 6.216E-01 5.000E-01 0.000E+00
 4.45242500E+00   6537.4 1.280E+05 8.166E+13 8.150E-01 5.000E-01 0.000E+00
 4.68698549E+00   6776.3 1.360E+05 1.255E+14 1.152E+00 5.000E-01 0.000E+00
 4.93504047E+00   6833.4 1.430E+05 1.419E+14 1.275E+00 5.000E-01 0.000E+00
 5.14135647E+00   7039.4 1.483E+05 1.924E+14 1.649E+00 5.000E-01 0.000E+00
 5.26937485E+00   7602.2 1.514E+05 4.285E+14 3.221E+00 5.000E-01 0.000E+00
 5.40058088E+00   8165.0 1.547E+05 9.545E+14 6.293E+00 5.000E-01 0.000E+00
 5.45679951E+00   8504.9 1.558E+05 1.352E+15 8.975E+00 5.000E-01 0.000E+00
 5.50951433E+00   8833.1 1.569E+05 1.871E+15 1.259E+01 5.000E-01 0.000E+00
 5.56273651E+00   9161.3 1.580E+05 2.589E+15 1.767E+01 5.000E-01 0.000E+00
 5.61647415E+00   9489.5 1.591E+05 3.583E+15 2.479E+01 5.000E-01 0.000E+00
 5.67072964E+00   9817.7 1.602E+05 4.958E+15 3.479E+01 5.000E-01 0.000E+00
 5.72660112E+00   9954.7 1.618E+05 5.562E+15 3.987E+01 5.000E-01 0.000E+00
 5.78313971E+00  10071.3 1.634E+05 6.101E+15 4.474E+01 5.000E-01 0.000E+00
 5.84023619E+00  10188.0 1.651E+05 6.693E+15 5.019E+01 5.000E-01 0.000E+00
 5.89789772E+00  10304.6 1.668E+05 7.342E+15 5.631E+01 5.000E-01 0.000E+00
 5.97472858E+00  10365.6 1.688E+05 7.723E+15 5.986E+01 5.000E-01 0.000E+00
 6.06143999E+00  10400.4 1.710E+05 7.967E+15 6.204E+01 5.000E-01 0.000E+00
 6.14940929E+00  10435.2 1.732E+05 8.218E+15 6.430E+01 5.000E-01 0.000E+00
 6.27546453E+00  10445.4 1.767E+05 8.367E+15 6.523E+01 5.000E-01 0.000E+00
 6.40846348E+00  10453.5 1.805E+05 8.510E+15 6.607E+01 5.000E-01 0.000E+00
 6.58614731E+00  10461.1 1.855E+05 8.682E+15 6.699E+01 5.000E-01 0.000E+00
 6.79162312E+00  10487.3 1.913E+05 8.988E+15 6.915E+01 5.000E-01 0.000E+00
 7.03401899E+00  10523.1 1.978E+05 9.377E+15 7.205E+01 5.000E-01 0.000E+00
 7.32055712E+00  10551.6 2.050E+05 9.744E+15 7.460E+01 5.000E-01 0.000E+00
 7.65731382E+00  10597.5 2.139E+05 1.028E+16 7.860E+01 5.000E-01 0.000E+00
 8.03788185E+00  10704.3 2.241E+05 1.131E+16 8.748E+01 5.000E-01 0.000E+00
 8.44972992E+00  10849.2 2.351E+05 1.273E+16 1.006E+02 5.000E-01 0.000E+00
 8.89313698E+00  10974.8 2.462E+05 1.410E+16 1.133E+02 5.000E-01 0.000E+00
 9.37761402E+00  11088.9 2.574E+05 1.546E+16 1.262E+02 5.000E-01 0.000E+00
