7059.683105   5094.726074  4.66850e-01  1.41907e-12
7059.441406   5094.478027  4.67450e-01  1.42096e-12
7059.123047   5094.150391  4.68240e-01  1.42346e-12
7058.703613   5093.719238  4.69281e-01  1.42675e-12
7058.150879   5093.150391  4.70654e-01  1.43109e-12
7057.421875   5092.400391  4.72464e-01  1.43681e-12
7056.460449   5091.411621  4.74850e-01  1.44435e-12
7055.193848   5090.108887  4.77995e-01  1.45428e-12
7053.523438   5088.391113  4.82142e-01  1.46739e-12
7051.321777   5086.126465  4.87607e-01  1.48466e-12
7048.416992   5081.111328  4.97575e-01  1.51663e-12
7044.579102   5072.300781  5.13887e-01  1.56932e-12
7039.505371   5058.962891  5.38868e-01  1.65034e-12
7032.724609   5038.967773  5.75543e-01  1.76955e-12
7023.144531   4975.469238  6.13101e-01  1.91082e-12
7007.224121   4851.174316  6.56216e-01  2.09515e-12
6981.358398   4874.927734  6.91639e-01  2.19885e-12
6960.416504   5108.195312  6.81135e-01  2.06626e-12
6944.033691   5263.457520  6.20583e-01  1.82660e-12
6928.242188   5382.756836  5.75277e-01  1.65605e-12
6912.029297   5471.118164  5.58704e-01  1.58158e-12
6894.327148   5528.135742  5.78399e-01  1.62002e-12
6873.881836   5531.213379  6.47821e-01  1.81379e-12
6820.441406   5017.183105  1.06798e+00  3.30362e-12
6810.441406   4871.124512  1.13174e+00  3.59936e-12
6800.441406   4775.129883  1.17717e+00  3.81931e-12
6790.441406   4759.039551  1.23932e+00  4.03178e-12
6780.441406   4804.097168  1.31445e+00  4.23652e-12
6770.441406   4888.921875  1.33167e+00  4.22045e-12
6760.441406   4985.462402  1.33012e+00  4.13163e-12
6750.441406   5058.080566  1.17864e+00  3.61526e-12
6680.441406   5254.487305  5.69063e-01  1.67710e-12
6670.441406   5279.496582  5.79381e-01  1.69940e-12
6630.441406   5137.078125  6.16309e-01  1.85844e-12
6620.441406   5094.292969  6.63600e-01  2.01776e-12
6610.441406   5054.897461  7.34622e-01  2.25179e-12
6600.441406   5017.527832  8.22504e-01  2.53897e-12
6590.441406   4961.337402  9.10335e-01  2.84390e-12
6580.441406   4901.308105  9.98216e-01  3.15388e-12
6570.441406   4840.395996  1.03001e+00  3.29609e-12
6560.441406   4775.936035  1.03500e+00  3.35426e-12
6550.441406   4700.466797  9.54040e-01  3.13999e-12
6540.441406   4636.935059  8.55289e-01  2.85361e-12
6530.441406   4588.012695  7.34326e-01  2.47620e-12
6520.441406   4589.375977  6.43052e-01  2.17116e-12
6510.441406   4617.150879  5.66332e-01  1.89985e-12
6500.441406   4681.291504  5.31200e-01  1.75904e-12
6490.441406   4752.251953  5.03634e-01  1.64121e-12
6480.441406   4836.709961  5.07825e-01  1.62648e-12
6470.441406   4919.369629  5.18194e-01  1.63097e-12
6460.441406   4997.252930  5.46318e-01  1.69257e-12
6450.441406   5061.726562  5.71089e-01  1.74706e-12
6440.441406   5111.637207  5.91160e-01  1.79083e-12
6430.441406   5141.877441  6.04376e-01  1.82018e-12
6310.441406   5045.800781  7.22450e-01  2.21725e-12
6300.441406   4969.952148  7.30678e-01  2.27689e-12
6290.441406   4883.601562  7.34914e-01  2.33031e-12
6280.441406   4776.204102  7.30728e-01  2.36914e-12
6270.441406   4659.140137  7.20710e-01  2.39488e-12
6260.441406   4533.803223  7.05467e-01  2.40925e-12
6250.441406   4461.670410  7.14024e-01  2.47858e-12
6240.441406   4407.770020  7.30770e-01  2.56739e-12
6230.441406   4430.926758  7.85536e-01  2.74468e-12
6220.441406   4461.280762  8.45484e-01  2.93431e-12
6210.441406   4508.877441  9.16830e-01  3.14755e-12
6200.441406   4565.606445  1.00934e+00  3.42097e-12
6190.441406   4638.389160  1.13597e+00  3.78968e-12
6180.441406   4727.051270  1.31921e+00  4.31326e-12
6170.441406   4827.764160  1.54843e+00  4.96248e-12
6160.441406   4916.989258  1.79571e+00  5.64702e-12
6150.441406   5002.869629  2.05578e+00  6.36291e-12
6140.441406   5062.313477  2.23204e+00  6.82454e-12
6080.441406   5300.040527  3.05762e+00  8.93361e-12
6070.441406   5289.586426  3.10591e+00  9.09261e-12
6060.441406   5275.808105  3.14214e+00  9.22274e-12
6050.441406   5261.565430  3.17303e+00  9.33855e-12
6020.441406   5075.945312  3.25894e+00  9.94447e-12
5990.441406   4613.868652  3.10203e+00  1.04096e-11
5980.441406   4514.595215  2.98555e+00  1.02345e-11
5970.441406   4433.373047  2.86881e+00  1.00206e-11
5960.441406   4457.002441  2.87530e+00  9.99087e-12
5950.441406   4487.733887  2.91194e+00  1.00476e-11
5940.441406   4540.257324  3.03199e+00  1.03404e-11
5920.441406   4672.037109  3.81341e+00  1.26299e-11
5910.441406   4677.884766  4.49802e+00  1.49010e-11
5900.441406   4649.853516  5.30617e+00  1.76746e-11
5880.441406   4285.730469  6.15447e+00  2.22419e-11
5870.441406   4120.993164  6.28198e+00  2.36354e-11
5860.441406   3988.789551  6.51187e+00  2.52888e-11
5850.441406   3942.136719  7.01562e+00  2.75721e-11
5840.441406   3912.161133  7.48658e+00  2.96362e-11
5830.441406   3900.147461  7.91540e+00  3.14295e-11
5820.441406   3906.544678  8.23711e+00  3.26510e-11
5810.441406   3921.314697  8.50878e+00  3.36014e-11
5800.441406   3944.925293  8.68631e+00  3.40990e-11
5790.441406   3968.009766  8.83026e+00  3.44610e-11
5780.441406   3976.746094  8.82166e+00  3.43530e-11
5770.441406   3980.803711  8.75535e+00  3.40575e-11
5576.252930   3929.271240  2.95320e+01  1.15415e-10
5519.843750   3720.617920  4.20742e+01  1.74547e-10
5473.684570   3643.119629  5.24538e+01  2.22904e-10
5440.441406   3770.149414  4.73459e+01  1.94419e-10
5430.441406   3858.103271  4.05027e+01  1.61891e-10
5420.441406   3941.259277  2.97589e+01  1.16077e-10
5410.441406   3953.051514  1.95323e+01  7.40028e-11
5400.441406   3831.766357  1.05663e+01  4.02479e-11
5390.441406   3654.214844  5.74304e+00  2.21739e-11
5380.441406   3442.011230  3.23703e+00  1.29123e-11
5370.441406   3429.268555  2.92452e+00  1.17171e-11
5360.441406   3474.345215  3.14118e+00  1.24582e-11
5350.441406   3536.573486  3.51961e+00  1.37691e-11
5310.441406   3672.035156  5.05106e+00  1.95186e-11
5270.441406   3547.302734  6.07128e+00  2.49559e-11
5260.441406   3530.898193  6.63061e+00  2.75853e-11
5250.441406   3522.519775  7.28971e+00  3.05747e-11
5240.441406   3527.159180  8.07081e+00  3.39803e-11
5230.441406   3533.217041  8.76382e+00  3.69715e-11
5220.441406   3540.182129  9.35956e+00  3.95151e-11
5210.441406   3538.318115  9.89828e+00  4.19267e-11
5200.441406   3529.038818  1.04422e+01  4.44537e-11
5190.441406   3513.841553  1.08489e+01  4.64837e-11
5180.441406   3500.344238  1.10980e+01  4.77955e-11
5170.441406   3501.956055  1.04356e+01  4.48185e-11
5160.441406   3502.128662  9.58310e+00  4.10167e-11
5150.441406   3500.486328  8.41795e+00  3.58430e-11
5140.441406   3510.586914  7.16253e+00  3.01570e-11
5130.441406   3527.690186  5.78317e+00  2.38687e-11
5120.441406   3522.910400  4.64435e+00  1.88383e-11
5110.441406   3510.911377  3.64289e+00  1.44875e-11
5100.441406   3497.827148  3.22233e+00  1.26858e-11
5090.441406   3490.595947  3.01674e+00  1.18093e-11
5080.441406   3511.945557  3.82185e+00  1.52651e-11
5070.441406   3524.084229  4.91486e+00  2.00485e-11
5060.441406   3518.956543  6.52757e+00  2.72465e-11
5050.441406   3530.281982  9.81941e+00  4.16038e-11
5040.441406   3555.618652  1.45549e+01  6.20718e-11
5030.441406   3572.748535  1.90545e+01  8.14128e-11
5020.441406   3584.746338  2.35500e+01  1.00731e-10
5010.441406   3599.877197  3.17512e+01  1.35766e-10
4962.283203   3662.322510  6.36004e+01  2.69191e-10
4894.458984   3661.241699  7.69800e+01  3.26315e-10
4840.580078   3658.255615  9.41453e+01  3.99842e-10
4755.632812   3608.338135  6.56515e+01  2.82211e-10
4562.277344   3740.399658  6.46382e+01  2.67755e-10
4340.441406   3817.239258  4.38740e+01  1.77217e-10
4330.441406   3811.403076  4.10620e+01  1.65951e-10
4320.441406   3807.605225  3.78270e+01  1.52888e-10
4200.441406   3984.497314  6.51335e+01  2.52535e-10
4190.441406   4002.860596  7.25291e+01  2.80256e-10
4180.441406   3998.677246  7.86751e+01  3.04587e-10
4110.441406   4049.150635  1.48810e+02  5.71022e-10
4100.441406   4058.291748  1.59432e+02  6.10561e-10
4090.441406   4045.578613  1.68441e+02  6.47246e-10
4080.441406   4012.197021  1.69474e+02  6.56505e-10
4060.441406   4004.013184  1.64386e+02  6.38556e-10
4050.441406   4055.493164  1.65502e+02  6.34331e-10
3970.322021   4118.323242  2.18951e+02  8.27137e-10
3895.002441   4057.500000  1.92544e+02  7.37930e-10
3757.454590   4104.731934  1.94212e+02  7.35832e-10
3638.512207   4140.182129  2.30390e+02  8.65781e-10
3464.637939   4200.934082  2.13032e+02  7.88656e-10
3208.843994   4300.119629  4.05234e+02  1.46805e-09
3023.697510   4335.842773  2.33570e+02  8.37689e-10
2830.441406   4480.290039  1.61388e+02  5.58568e-10
2820.441406   4465.378418  1.23379e+02  4.27251e-10
2743.125000   4389.820312  1.41628e+03  5.03276e-09
2720.292969   4348.083008  1.42427e+03  5.11050e-09
2689.246582   4374.286621  1.36449e+03  4.86645e-09
2620.441406   4376.881348  9.48825e+02  3.38041e-09
2610.441406   4368.249512  9.14773e+02  3.26587e-09
2600.441406   4365.047852  8.97301e+02  3.20569e-09
2590.441406   4399.419434  7.84921e+02  2.78637e-09
2580.441406   4443.856934  6.37377e+02  2.23591e-09
2570.441406   4525.039062  5.41284e+02  1.86942e-09
2450.441406   4793.790527  1.08578e+03  3.53257e-09
2440.441406   4768.051270  1.22576e+03  4.01007e-09
2430.441406   4809.405762  1.13282e+03  3.68411e-09
2420.441406   4894.813965  8.77935e+02  2.79987e-09
2410.441406   4967.883789  6.96050e+02  2.18855e-09
2400.441406   5033.130859  5.32545e+02  1.64646e-09
2390.441406   5029.940430  5.58513e+02  1.72822e-09
2380.441406   5030.285156  5.89780e+02  1.82508e-09
2370.441406   5049.935059  6.28407e+02  1.93715e-09
2340.441406   5231.429199  6.94616e+02  2.06653e-09
2330.441406   5279.217773  7.05185e+02  2.07881e-09
2320.441406   5296.426758  6.29365e+02  1.84899e-09
2310.441406   5312.086914  5.32717e+02  1.55897e-09
2300.441406   5304.980469  4.89446e+02  1.43327e-09
2290.441406   5299.748047  4.49849e+02  1.31853e-09
2280.441406   5304.758789  4.51381e+02  1.32182e-09
2270.441406   5306.299805  4.56154e+02  1.33551e-09
2260.441406   5304.964355  4.68407e+02  1.37194e-09
2250.441406   5269.543945  5.45151e+02  1.61093e-09
2220.441406   5148.919434  8.06865e+02  2.44023e-09
2210.441406   5189.537598  8.55845e+02  2.56801e-09
2190.441406   5356.443848  1.55030e+03  4.49315e-09
2180.441406   5381.637207  2.36392e+03  6.87657e-09
2157.522949   5278.077637  4.77116e+03  1.41158e-08
2141.273438   5229.207520  4.45847e+03  1.32779e-08
2090.441406   5167.643066  1.96036e+03  5.91405e-09
2050.441406   4923.481445  1.36925e+03  4.33049e-09
2040.441406   4835.446289  1.28453e+03  4.14229e-09
2030.441406   4733.985352  1.31355e+03  4.32874e-09
2020.441406   4642.145020  1.37785e+03  4.63328e-09
2010.441406   4576.264160  1.52370e+03  5.19878e-09
2000.441406   4551.555664  1.71398e+03  5.87452e-09
1990.441406   4559.833496  1.94419e+03  6.65214e-09
1980.441406   4563.659668  2.03963e+03  6.97321e-09
1970.441406   4567.616699  2.09658e+03  7.16189e-09
1960.441406   4564.210938  2.02620e+03  6.92642e-09
1950.441406   4558.855957  1.94033e+03  6.64063e-09
1940.441406   4556.745605  1.82465e+03  6.24700e-09
1930.441406   4560.433594  1.74815e+03  5.98046e-09
1920.441406   4575.406250  1.74758e+03  5.95893e-09
1910.441406   4593.985352  1.78718e+03  6.06932e-09
1900.441406   4606.780762  1.85846e+03  6.29405e-09
1890.441406   4625.375977  1.94420e+03  6.55740e-09
1670.441406   4582.866211  3.35497e+03  1.14487e-08
1660.441406   4538.943848  3.92142e+03  1.34879e-08
1650.441406   4525.026367  4.34401e+03  1.49882e-08
1640.441406   4536.852539  4.70979e+03  1.62088e-08
1590.441406   4732.383789  5.35573e+03  1.76665e-08
1580.441406   4735.896973  5.22767e+03  1.72304e-08
1550.441406   4579.608887  5.29781e+03  1.80654e-08
1540.441406   4505.738770  5.38247e+03  1.86626e-08
1530.441406   4543.525879  7.95350e+03  2.72174e-08
1520.441406   4627.899902  1.13117e+04  3.81072e-08
1503.503906   4815.407715  1.92366e+04  6.22513e-08
1492.986816   4913.323242  2.45416e+04  7.78515e-08
1483.236816   4986.653320  2.87959e+04  9.00887e-08
1472.982910   5027.929199  3.17197e+04  9.85087e-08
1461.298828   5028.284668  3.39298e+04  1.05404e-07
1447.580078   5034.015137  3.58865e+04  1.11308e-07
1430.667480   5036.286621  3.66580e+04  1.13691e-07
1408.898926   5007.326660  3.73647e+04  1.16553e-07
1383.572266   5033.572754  4.09940e+04  1.27159e-07
1353.713867   5116.814941  4.11927e+04  1.25924e-07
1240.441406   5007.282227  1.47000e+04  4.53424e-08
1230.441406   4960.482422  1.17529e+04  3.65441e-08
1220.441406   4903.380859  8.23916e+03  2.59558e-08
1210.441406   4884.638184  5.66529e+03  1.80739e-08
1200.441406   4866.989746  4.48237e+03  1.43231e-08
1190.441406   4906.829102  4.49856e+03  1.42931e-08
1180.441406   4936.858887  4.69499e+03  1.48417e-08
1170.441406   4963.143555  5.23621e+03  1.64577e-08
1160.441406   4990.218262  5.71677e+03  1.78780e-08
1150.441406   5008.867676  6.16535e+03  1.92079e-08
1140.441406   5033.036621  6.59060e+03  2.04341e-08
 935.751953   5087.096680  6.75125e+04  2.08085e-07
 890.441406   4975.199707  2.41980e+04  7.57590e-08
 880.441406   4906.025879  1.56314e+04  4.94865e-08
 870.441406   4901.490234  1.12821e+04  3.59477e-08
 860.441406   4954.640137  1.09212e+04  3.44194e-08
 850.441406   5020.157227  1.15588e+04  3.59220e-08
 760.441406   5043.095703  1.35149e+04  4.18362e-08
 750.441406   5043.930664  1.26752e+04  3.92288e-08
 650.441406   5216.933594  7.39701e+03  2.21302e-08
 640.441406   5234.523438  7.08982e+03  2.11387e-08
 630.441406   5253.891113  6.53183e+03  1.94052e-08
 620.441406   5301.405762  5.98061e+03  1.76237e-08
 610.441406   5401.042969  5.49071e+03  1.58814e-08
 600.441406   5471.772949  5.63933e+03  1.60735e-08
 590.441406   5515.101074  6.22918e+03  1.76230e-08
 580.441406   5477.963379  7.50542e+03  2.14073e-08
 570.441406   5428.865234  8.95908e+03  2.57607e-08
 550.441406   5141.874512  1.16629e+04  3.54293e-08
 540.441406   5087.137207  1.33187e+04  4.08999e-08
 530.441406   5119.643555  1.49972e+04  4.56765e-08
 520.441406   5231.823242  1.67815e+04  5.00314e-08
 500.441406   5338.303223  1.86599e+04  5.45680e-08
 490.441406   5320.343750  2.24003e+04  6.56832e-08
 480.441406   5318.810059  3.02342e+04  8.85861e-08
 470.441406   5300.873535  5.41516e+04  1.59898e-07
 430.441406   5373.463867  5.04015e+04  1.46572e-07
 400.441406   5273.841309  4.80649e+04  1.42341e-07
 390.441406   5288.781250  5.11916e+04  1.51175e-07
 320.441406   5385.224121  3.70451e+04  1.07499e-07
 310.441406   5282.330566  3.11054e+04  9.16517e-08
 300.441406   5216.185059  2.45223e+04  7.34038e-08
 290.441406   5258.857422  1.98752e+04  5.90700e-08
 280.441406   5339.114746  1.66489e+04  4.86364e-08
 270.441406   5470.220703  1.81970e+04  5.18805e-08
 260.441406   5537.686523  2.75668e+04  7.77325e-08
 213.854492   5811.651367  1.60809e+05  4.32449e-07
 195.305176   6050.751953  1.66087e+05  4.28895e-07
 174.543945   6183.886230  1.64136e+05  4.14375e-07
 150.409180   6352.493164  1.62698e+05  3.99761e-07
 124.091797   6542.089355  1.63899e+05  3.90965e-07
  96.661133   6749.970703  1.65444e+05  3.82394e-07
  70.279297   7022.317383  1.62486e+05  3.60873e-07
  41.699707   7242.190430  1.48876e+05  3.20386e-07
  14.116699   7896.854492  1.47447e+05  2.90323e-07
   0.000000   8717.263672  1.49177e+05  2.63716e-07
