1421.886353   4647.107910  7.11029e-01  2.36934e-12
1421.237061   4647.107910  7.15375e-01  2.38383e-12
1420.380981   4647.107910  7.21104e-01  2.40292e-12
1419.252563   4647.107910  7.28656e-01  2.42808e-12
1417.764893   4647.107910  7.38612e-01  2.46126e-12
1415.803955   4647.107910  7.51736e-01  2.50499e-12
1413.243164   4647.107910  7.69105e-01  2.56287e-12
1409.993530   4647.107910  7.92354e-01  2.64034e-12
1405.812012   4647.107910  8.23295e-01  2.74345e-12
1400.473633   4647.107910  8.64583e-01  2.88103e-12
1393.713501   4647.107910  9.19831e-01  3.06513e-12
1385.248535   4647.107910  9.94017e-01  3.31234e-12
1374.789185   4647.107910  1.09401e+00  3.64553e-12
1362.068970   4647.107910  1.22928e+00  4.09628e-12
1346.870361   4647.107910  1.41296e+00  4.70837e-12
1329.074463   4647.107910  1.66325e+00  5.54240e-12
1308.705322   4647.107910  2.00457e+00  6.67978e-12
1285.933228   4647.107910  2.46970e+00  8.22973e-12
1261.072266   4647.107910  3.10166e+00  1.03356e-11
1234.557129   4647.107910  3.95468e+00  1.31781e-11
1206.887085   4647.107910  5.09603e+00  1.69814e-11
1178.560425   4647.107910  6.60644e+00  2.20145e-11
1133.926758   4647.107910  9.94485e+00  3.31390e-11
1123.926758   4647.107910  1.08992e+01  3.26465e-11
1113.926758   4432.999512  1.01493e+01  3.23012e-11
1103.926758   3953.406250  8.69759e+00  3.19049e-11
1093.926758   3768.028076  8.52717e+00  3.32147e-11
1083.926758   3689.039062  9.48754e+00  3.81659e-11
1073.926758   3667.569580  1.11705e+01  4.55964e-11
1063.926758   3654.773926  1.32519e+01  5.46747e-11
1028.747681   3681.445557  2.09443e+01  8.68422e-11
1003.535645   3731.757812  2.84236e+01  1.16854e-10
 982.074707   3736.115967  3.59610e+01  1.48196e-10
 961.859985   3710.963867  4.37555e+01  1.82061e-10
 942.193359   3705.887695  5.29259e+01  2.20959e-10
 923.295837   3731.848145  6.42747e+01  2.66838e-10
 905.014099   3764.853271  7.60504e+01  3.13261e-10
 886.410828   3803.585693  8.71049e+01  3.55382e-10
 866.946167   3844.482666  9.98282e+01  4.03098e-10
 847.110413   3896.606201  1.18253e+02  4.71272e-10
 828.350586   3952.934326  1.45859e+02  5.73399e-10
 811.232056   3994.389160  1.80860e+02  7.04333e-10
 795.551758   4031.417480  2.22015e+02  8.57218e-10
 781.133301   4081.359619  2.72792e+02  1.04067e-09
 767.658936   4124.908203  3.29822e+02  1.24543e-09
 754.690186   4163.800781  3.91020e+02  1.46332e-09
 741.893555   4220.705078  4.57874e+02  1.69083e-09
 728.688171   4249.211914  5.22027e+02  1.91527e-09
 714.822998   4267.012207  5.89576e+02  2.15400e-09
 700.689331   4274.100098  7.01846e+02  2.55998e-09
 687.531006   4293.804199  8.57782e+02  3.11471e-09
 675.363403   4297.397949  1.03539e+03  3.75792e-09
 663.901062   4284.265625  1.23520e+03  4.49812e-09
 653.192444   4252.330566  1.48596e+03  5.45290e-09
 642.442932   4268.513672  1.67771e+03  6.13041e-09
 630.660339   4259.917480  1.83851e+03  6.73554e-09
 617.657471   4227.576660  2.06770e+03  7.63505e-09
 604.051147   4199.814941  2.38529e+03  8.86665e-09
 590.366760   4216.529297  2.81016e+03  1.04081e-08
 576.728210   4263.288574  3.23042e+03  1.18286e-08
 562.025879   4272.006836  3.51097e+03  1.28325e-08
 546.252136   4305.230957  4.16853e+03  1.51153e-08
 531.436279   4325.456055  4.92379e+03  1.77818e-08
 516.392761   4335.886719  5.67429e+03  2.04382e-08
 501.228210   4369.864258  6.61608e+03  2.36465e-08
 485.938599   4397.254883  7.64540e+03  2.71569e-08
 470.336365   4406.319824  8.77937e+03  3.11245e-08
 454.094971   4411.763672  1.00237e+04  3.54959e-08
 437.341309   4442.663086  1.15675e+04  4.06763e-08
 420.125488   4430.719727  1.32413e+04  4.66979e-08
 402.374695   4426.225586  1.55323e+04  5.48488e-08
 384.688232   4460.613281  1.81036e+04  6.34415e-08
 367.067261   4496.128418  2.10189e+04  7.30838e-08
 349.220947   4544.323730  2.42225e+04  8.33333e-08
 331.375244   4648.900391  2.81889e+04  9.47717e-08
 313.923218   4791.823730  3.30540e+04  1.07795e-07
 296.738159   4923.850586  3.86271e+04  1.22575e-07
 279.521729   5050.691406  4.48330e+04  1.38674e-07
 261.933960   5181.734863  5.15825e+04  1.55502e-07
 243.643433   5316.676758  5.84936e+04  1.71844e-07
 224.257080   5460.716309  6.48240e+04  1.85400e-07
 203.466553   5644.163086  6.95724e+04  1.92485e-07
 180.200317   5742.243164  7.18535e+04  1.95517e-07
 163.926758   5997.496582  6.52937e+04  1.69939e-07
 153.926758   5934.000488  6.12886e+04  1.61226e-07
 123.410278   6231.006836  8.09000e+04  2.02632e-07
 103.223877   6411.768066  8.97968e+04  2.18618e-07
  84.826782   6657.191895  9.41725e+04  2.20662e-07
  68.467896   6909.068359  1.00643e+05  2.26885e-07
  53.556152   7151.781738  1.07119e+05  2.33376e-07
  41.069580   7465.564453  1.15335e+05  2.40443e-07
  30.444214   7758.356445  1.22301e+05  2.44966e-07
  21.626221   8117.163086  1.29807e+05  2.47532e-07
  14.457153   8551.000977  1.37631e+05  2.48108e-07
   9.221191   8919.134766  1.44658e+05  2.48497e-07
   4.118774   9278.940430  1.51891e+05  2.48981e-07
   0.000000   9562.525391  1.58289e+05  2.49616e-07
