1617.798218   3339.988281  5.16053e-01  2.39262e-12
1613.728149   3337.644775  5.37295e-01  2.49285e-12
1608.636719   3333.986816  5.64242e-01  2.62064e-12
1602.272461   3327.045410  5.96245e-01  2.77475e-12
1594.346313   3310.195312  6.26243e-01  2.92818e-12
1584.457153   3288.426514  6.64406e-01  3.12760e-12
1572.223999   3263.524170  7.19054e-01  3.41150e-12
1557.443604   3239.105469  8.00906e-01  3.82758e-12
1540.038330   3221.024902  9.26448e-01  4.45401e-12
1521.035645   3223.337646  1.13660e+00  5.46041e-12
1501.710693   3249.094238  1.44418e+00  6.88174e-12
1482.971191   3285.580322  1.83222e+00  8.63395e-12
1465.026733   3332.795410  2.31924e+00  1.07743e-11
1447.353149   3366.497070  2.79705e+00  1.28679e-11
1428.861084   3390.886963  3.29140e+00  1.50314e-11
1408.700195   3392.692871  3.74229e+00  1.70810e-11
1386.755127   3431.501709  4.49572e+00  2.02860e-11
1365.540039   3515.593994  5.72186e+00  2.51736e-11
1346.438232   3642.535889  7.52344e+00  3.19689e-11
1328.658447   3749.061279  9.72271e+00  4.01123e-11
1311.592285   3845.541504  1.23267e+01  4.96353e-11
1294.661987   3880.715820  1.48951e+01  5.94257e-11
1277.607666   3891.437256  1.76014e+01  7.01640e-11
1259.847534   3833.394531  1.98914e+01  7.92492e-11
1240.103760   3626.504639  2.05992e+01  8.68036e-11
1212.699951   3462.391113  2.09943e+01  9.30351e-11
1179.364136   3561.886475  2.24842e+01  9.68064e-11
1143.986328   3646.130371  2.51769e+01  1.05921e-10
1106.706055   3693.903564  2.91833e+01  1.21336e-10
1069.211304   3699.204102  3.60244e+01  1.50053e-10
1036.364746   3701.590332  4.81716e+01  2.01166e-10
1009.375854   3729.376465  6.38739e+01  2.65309e-10
 986.770630   3769.911133  8.26837e+01  3.40252e-10
 966.876221   3793.375732  1.02610e+02  4.20142e-10
 948.289429   3813.573486  1.23306e+02  5.02558e-10
 930.294373   3836.589355  1.47579e+02  5.98328e-10
 912.104065   3857.140381  1.69410e+02  6.83377e-10
 893.814209   3896.029785  1.97036e+02  7.87105e-10
 875.164551   3945.467285  2.28489e+02  9.01741e-10
 855.797241   3988.598389  2.57412e+02  1.00501e-09
 835.398071   4049.216797  2.93946e+02  1.13080e-09
 813.775757   4118.432617  3.33770e+02  1.26233e-09
 790.597961   4176.295898  3.77129e+02  1.40670e-09
 766.183228   4238.224609  4.36506e+02  1.60448e-09
 741.609192   4310.105957  5.19167e+02  1.87710e-09
 717.714905   4353.205078  6.23723e+02  2.23310e-09
 695.240601   4368.819824  7.53744e+02  2.68999e-09
 674.628357   4388.715820  9.32809e+02  3.31441e-09
 656.379578   4413.853516  1.14770e+03  4.05538e-09
 639.083557   4424.145996  1.33800e+03  4.71822e-09
 621.665710   4424.013184  1.56426e+03  5.51679e-09
 605.574585   4473.902832  1.95093e+03  6.80113e-09
 590.996094   4505.684082  2.38058e+03  8.24609e-09
 577.809692   4492.492676  2.92361e+03  1.01468e-08
 565.446167   4429.427246  3.40614e+03  1.20098e-08
 552.705444   4395.231445  3.83366e+03  1.36188e-08
 538.918579   4392.648438  4.24976e+03  1.51053e-08
 523.853271   4413.747070  4.73650e+03  1.67549e-08
 507.671143   4456.014160  5.33219e+03  1.86802e-08
 490.565063   4507.371582  6.04979e+03  2.09556e-08
 472.666138   4520.377930  6.89018e+03  2.38017e-08
 454.184326   4525.239746  7.91638e+03  2.73177e-08
 435.209961   4513.528809  9.11774e+03  3.15566e-08
 415.562500   4502.565918  1.03823e+04  3.60182e-08
 395.065308   4483.383789  1.19131e+04  4.15108e-08
 373.943970   4484.213379  1.37816e+04  4.80204e-08
 352.501343   4500.084473  1.60024e+04  5.55628e-08
 330.894409   4540.601562  1.85965e+04  6.40036e-08
 309.438721   4603.901855  2.17232e+04  7.37219e-08
 288.162109   4675.087402  2.52980e+04  8.45574e-08
 266.908813   4760.647949  2.94553e+04  9.66661e-08
 245.577515   4843.916504  3.40712e+04  1.09890e-07
 223.857788   4933.522461  3.92649e+04  1.24337e-07
 201.702271   5044.568848  4.53867e+04  1.40531e-07
 179.085205   5176.815918  5.24592e+04  1.58294e-07
 156.080322   5337.557617  6.07335e+04  1.77685e-07
 133.127075   5523.724121  6.99792e+04  1.97850e-07
 111.093750   5733.809570  7.99171e+04  2.17575e-07
  90.893066   5954.697266  8.97865e+04  2.35362e-07
  73.114868   6201.019531  9.89744e+04  2.49098e-07
  58.069824   6490.571777  1.07028e+05  2.57201e-07
  45.578003   6787.440918  1.13641e+05  2.61112e-07
  34.686890   7035.883301  1.20272e+05  2.65932e-07
  26.058716   7469.691406  1.24424e+05  2.59135e-07
  20.238281   7998.302734  1.26687e+05  2.46369e-07
  16.216675   8486.351562  1.28313e+05  2.34211e-07
  12.129150   8988.939453  1.29949e+05  2.21651e-07
   9.499268   9275.854492  1.30920e+05  2.14631e-07
   6.515747   9579.051758  1.32009e+05  2.07314e-07
   3.229980   9876.530273  1.33194e+05  2.00310e-07
   0.000000  10092.279297  1.34251e+05  1.95549e-07
