3739.059570   3957.048096  5.26044e-01  2.05848e-12
3734.787598   3953.002686  5.30292e-01  2.07730e-12
3729.207031   3947.979248  5.39908e-01  2.11770e-12
3721.992676   3941.835938  5.57086e-01  2.18851e-12
3712.793701   3934.165771  5.81379e-01  2.28842e-12
3701.229736   3925.419434  6.19504e-01  2.44396e-12
3687.079590   3917.995361  6.79075e-01  2.68405e-12
3670.370605   3912.564941  7.69469e-01  3.04552e-12
3651.494385   3909.293457  9.12186e-01  3.61336e-12
3631.579346   3915.085938  1.15627e+00  4.57255e-12
3612.064697   3924.643555  1.52280e+00  6.00851e-12
3593.322754   3924.318604  1.96817e+00  7.76645e-12
3574.748047   3927.134521  2.41842e+00  9.53597e-12
3555.140869   3924.154053  2.86243e+00  1.12962e-11
3534.504395   3880.061768  3.39147e+00  1.35403e-11
3513.158936   3797.128418  3.95850e+00  1.61497e-11
3491.465820   3723.393066  4.64112e+00  1.93088e-11
3469.524414   3691.527588  5.49994e+00  2.30727e-11
3446.750732   3684.876221  6.40387e+00  2.69014e-11
3422.373779   3732.636719  7.33820e+00  3.04528e-11
3392.564453   3777.425537  5.77537e+00  2.36750e-11
3382.564453   3724.794678  4.51029e+00  1.86409e-11
3372.564453   3644.735107  3.08142e+00  1.30297e-11
3362.564453   3520.485596  2.10837e+00  9.14609e-12
3352.564453   3380.269287  1.25970e+00  5.71998e-12
3342.564453   3262.588379  8.75452e-01  4.11060e-12
3332.564453   3149.967041  5.75534e-01  2.81945e-12
3322.564453   3115.349609  5.03787e-01  2.50151e-12
3312.564453   3089.522705  4.53961e-01  2.27525e-12
3302.564453   3117.421387  4.90918e-01  2.43817e-12
3292.564453   3146.105225  5.35348e-01  2.63492e-12
3282.564453   3170.810791  5.96467e-01  2.91205e-12
3272.564453   3194.676758  6.64882e-01  3.22253e-12
3262.564453   3213.591064  7.52503e-01  3.62494e-12
3252.564453   3233.192383  8.49297e-01  4.06690e-12
3242.564453   3255.133545  9.72985e-01  4.62683e-12
3232.564453   3276.079590  1.09846e+00  5.19149e-12
3222.564453   3294.800781  1.22161e+00  5.74028e-12
3212.564453   3313.357910  1.36314e+00  6.36957e-12
3202.564453   3331.660156  1.52534e+00  7.08815e-12
3192.564453   3350.091309  1.72640e+00  7.97780e-12
3182.564453   3368.666016  1.96215e+00  9.01756e-12
3172.564453   3385.135010  2.20193e+00  1.00711e-11
3162.564453   3399.917480  2.44782e+00  1.11476e-11
3152.564453   3413.548096  2.65505e+00  1.20439e-11
3142.564453   3426.523438  2.85611e+00  1.29072e-11
3082.564453   3320.117676  2.11073e+00  9.84259e-12
3072.564453   3244.907227  1.83251e+00  8.71000e-12
3062.564453   3169.215332  1.53955e+00  7.52118e-12
3052.564453   3099.725342  1.44257e+00  7.19185e-12
3042.564453   3030.906982  1.36372e+00  6.96803e-12
3032.564453   2966.589600  1.43507e+00  7.49350e-12
3022.564453   2917.376465  1.58844e+00  8.25091e-12
3012.564453   2924.345947  2.04602e+00  1.02967e-11
3002.564453   2950.902832  2.78827e+00  1.36676e-11
2992.564453   3056.493408  4.06336e+00  1.95152e-11
2982.564453   3149.023682  5.83846e+00  2.75969e-11
2972.564453   3229.866455  8.46452e+00  3.94622e-11
2962.564453   3290.810303  1.18191e+01  5.45629e-11
2934.718262   3369.174316  2.52898e+01  1.15554e-10
2919.366699   3395.365723  3.12744e+01  1.42272e-10
2902.753418   3405.935303  3.27891e+01  1.48768e-10
2881.331543   3444.926514  3.05904e+01  1.36977e-10
2853.389648   3478.533447  3.34006e+01  1.48248e-10
2827.628906   3511.546631  4.23037e+01  1.86341e-10
2803.202637   3550.319580  4.95711e+01  2.16225e-10
2778.556152   3594.070312  5.54913e+01  2.39232e-10
2748.567871   3592.570068  5.28059e+01  2.27634e-10
2704.994141   3561.954346  5.21490e+01  2.26803e-10
2637.540283   3610.908936  4.41175e+01  1.88949e-10
2542.483643   3701.317871  5.06944e+01  2.11812e-10
2479.188232   3755.479248  7.59728e+01  3.13717e-10
2410.894287   3805.657959  6.74707e+01  2.74580e-10
2315.349121   3907.726807  7.92239e+01  3.14068e-10
2240.683594   3980.356934  1.12926e+02  4.40305e-10
2180.500000   4057.406738  1.45948e+02  5.58770e-10
2130.716309   4176.465332  2.07575e+02  7.72903e-10
2096.073242   4236.085938  2.90840e+02  1.06860e-09
2068.637695   4275.716797  3.77565e+02  1.37522e-09
2045.416138   4294.509277  4.73325e+02  1.71731e-09
2024.183472   4305.383301  5.61062e+02  2.03109e-09
2002.765259   4295.508301  6.30566e+02  2.28853e-09
1978.827148   4306.591309  6.67740e+02  2.41659e-09
1948.184814   4328.873535  6.62678e+02  2.38636e-09
1905.031860   4356.666016  6.38412e+02  2.28485e-09
1846.390869   4383.796875  6.45245e+02  2.29451e-09
1780.616455   4421.348145  8.15006e+02  2.87439e-09
1729.516724   4332.575195  1.05279e+03  3.78941e-09
1682.665283   4270.388184  1.20366e+03  4.39759e-09
1634.577881   4240.005371  1.34561e+03  4.95170e-09
1580.921143   4202.095703  1.47443e+03  5.47585e-09
1524.804443   4201.309082  1.74263e+03  6.47361e-09
1471.155518   4198.617188  2.07626e+03  7.71918e-09
1417.824219   4193.018555  2.42584e+03  9.03265e-09
1363.630127   4174.611328  2.82939e+03  1.05827e-08
1309.804199   4208.058105  3.30736e+03  1.22721e-08
1254.491455   4253.272461  3.74585e+03  1.37523e-08
1197.965332   4345.925781  4.23643e+03  1.52203e-08
1137.586426   4451.096191  4.74857e+03  1.66556e-08
1074.730713   4544.003418  5.49810e+03  1.88888e-08
1013.247559   4630.636719  6.63838e+03  2.23815e-08
 953.166748   4704.025391  7.51466e+03  2.49419e-08
 877.816650   4828.920898  8.17789e+03  2.64344e-08
 802.564453   4878.864746  1.08335e+04  3.46594e-08
 792.564453   4875.471680  9.20733e+03  2.94475e-08
 782.564453   4867.280762  7.10152e+03  2.27600e-08
 772.564453   4890.892090  5.68549e+03  1.81659e-08
 762.564453   4927.834961  4.06094e+03  1.28634e-08
 752.564453   4962.951660  3.74269e+03  1.17723e-08
 742.564453   4991.924805  3.49005e+03  1.09084e-08
 732.564453   5019.165527  3.60308e+03  1.12008e-08
 722.564453   5053.993652  3.71126e+03  1.14581e-08
 692.564453   5286.851074  3.97139e+03  1.17199e-08
 682.564453   5310.991211  4.04381e+03  1.18788e-08
 672.564453   5342.601074  4.19667e+03  1.22549e-08
 662.564453   5354.609863  4.51417e+03  1.31597e-08
 652.564453   5326.302246  5.28742e+03  1.55012e-08
 642.564453   5306.753906  6.24693e+03  1.83784e-08
 632.564453   5294.455078  7.48086e+03  2.20623e-08
 622.564453   5272.741211  9.00262e+03  2.66806e-08
 612.564453   5229.619629  1.08327e+04  3.23683e-08
 567.747559   5136.423340  1.58321e+04  4.81163e-08
 534.205078   5149.324707  2.99539e+04  9.08598e-08
 514.915771   5138.621094  3.75681e+04  1.14178e-07
 496.040283   5106.162598  4.21707e+04  1.29021e-07
 476.016846   5123.113281  4.78638e+04  1.45932e-07
 455.452881   5159.664062  5.53815e+04  1.67680e-07
 434.545898   5201.060059  6.23533e+04  1.87269e-07
 404.362549   5237.095215  4.94798e+04  1.47562e-07
 353.673340   5380.791016  5.46735e+04  1.58704e-07
 304.668457   5443.774902  5.97632e+04  1.71420e-07
 267.650146   5534.357422  1.00170e+05  2.82741e-07
 238.133789   5617.227539  9.90232e+04  2.75329e-07
 178.484375   5811.666992  7.04949e+04  1.89337e-07
 118.252197   6085.234375  8.18745e+04  2.10081e-07
  49.179199   6493.817383  8.99314e+04  2.16201e-07
  26.422607   6492.086914  1.91192e+05  4.59651e-07
  12.933838   6960.419434  2.25229e+05  5.05957e-07
   9.752197   7544.586914  2.33949e+05  4.89089e-07
   6.353271   8245.942383  2.43344e+05  4.65122e-07
   2.597656   9056.724609  2.53610e+05  4.33528e-07
   1.430664   9312.332031  2.56252e+05  4.23337e-07
   0.000000   9615.928711  2.59351e+05  4.11221e-07
