2178.220703   3371.199463  1.85031e-01  8.49778e-13
2166.236084   3387.749268  2.18530e-01  9.98674e-13
2153.072266   3404.515137  2.58759e-01  1.17686e-12
2138.445801   3421.488770  3.01758e-01  1.36569e-12
2122.006104   3435.932861  3.44433e-01  1.55239e-12
2102.718750   3438.002441  3.69086e-01  1.66208e-12
2076.738037   3374.128906  3.19302e-01  1.46115e-12
2005.233398   2951.867676  1.79763e-01  9.42606e-13
1995.233398   2918.085693  2.04094e-01  1.08279e-12
1985.233398   2924.169189  2.65359e-01  1.40473e-12
1975.233398   2939.678955  3.55352e-01  1.86596e-12
1965.233398   3003.926514  5.72102e-01  2.92628e-12
1937.419189   3171.705322  1.79156e+00  8.72480e-12
1926.447754   3226.972656  2.71263e+00  1.29686e-11
1917.575439   3268.762207  3.66291e+00  1.73041e-11
1909.388306   3299.207275  4.55413e+00  2.13486e-11
1901.207031   3322.143799  5.43364e+00  2.53076e-11
1892.649902   3339.128174  6.32903e+00  2.93358e-11
1883.275879   3345.191406  7.12169e+00  3.29668e-11
1872.364746   3335.999023  7.74184e+00  3.59365e-11
1859.063354   3309.332520  8.37291e+00  3.91707e-11
1841.844727   3261.558105  9.04726e+00  4.29492e-11
1819.775024   3222.260254  1.02668e+01  4.93401e-11
1795.303345   3236.630615  1.25527e+01  6.00543e-11
1772.821411   3295.151367  1.54955e+01  7.28212e-11
1752.731689   3359.083008  1.83522e+01  8.41688e-11
1732.055908   3416.380127  1.94772e+01  8.73691e-11
1710.689331   3627.452148  2.18337e+01  9.20019e-11
1690.515503   3870.457764  2.64311e+01  1.04331e-10
1670.067139   3768.187500  3.05479e+01  1.24558e-10
1648.228271   3609.768311  3.37466e+01  1.44147e-10
1621.035522   3536.308105  3.50457e+01  1.52966e-10
1583.075195   3528.645508  3.41679e+01  1.49438e-10
1533.620117   3635.266602  3.36952e+01  1.42849e-10
1476.428345   3683.871826  3.83178e+01  1.60406e-10
1428.968750   3713.914307  5.70610e+01  2.37825e-10
1394.946777   3761.833496  7.83869e+01  3.23222e-10
1366.577148   3780.164062  9.66524e+01  3.97019e-10
1337.831543   3800.570557  1.08817e+02  4.44825e-10
1306.537964   3833.437744  1.21810e+02  4.93858e-10
1273.137085   3880.281006  1.38568e+02  5.55158e-10
1239.540527   3945.427979  1.66011e+02  6.54481e-10
1207.833496   4001.993164  2.01786e+02  7.84516e-10
1178.090088   4051.303711  2.46816e+02  9.48303e-10
1150.401611   4109.491211  3.00951e+02  1.14044e-09
1124.098633   4168.012695  3.60724e+02  1.34799e-09
1098.346680   4221.053223  4.24260e+02  1.56634e-09
1072.310791   4267.758301  4.92669e+02  1.79896e-09
1045.580566   4300.656250  5.69155e+02  2.06285e-09
1018.093018   4311.799805  6.51017e+02  2.35388e-09
 989.900146   4331.774902  7.45611e+02  2.68377e-09
 960.912964   4348.267578  8.60480e+02  3.08583e-09
 931.814941   4348.573730  1.00990e+03  3.62256e-09
 904.330078   4345.374023  1.23078e+03  4.41843e-09
 879.385498   4343.722168  1.49377e+03  5.36720e-09
 855.840332   4339.111328  1.77763e+03  6.39401e-09
 832.682739   4301.606934  2.07269e+03  7.52242e-09
 810.181885   4274.208496  2.50523e+03  9.14986e-09
 790.037231   4276.737305  3.18833e+03  1.16399e-08
 772.956177   4285.068848  4.01981e+03  1.46494e-08
 756.639038   4287.233887  4.64770e+03  1.69297e-08
 739.309937   4301.863281  5.17972e+03  1.87960e-08
 720.568237   4332.611816  5.77547e+03  2.08215e-08
 700.458984   4339.026367  6.50928e+03  2.34341e-08
 679.105225   4342.070801  7.39038e+03  2.65869e-08
 656.530151   4342.584961  8.39945e+03  3.02192e-08
 632.795532   4350.549316  9.59098e+03  3.44452e-08
 608.104614   4367.418457  1.09807e+04  3.92861e-08
 582.637573   4389.566406  1.26189e+04  4.49213e-08
 556.498169   4414.249023  1.44744e+04  5.12450e-08
 529.645874   4447.211426  1.66121e+04  5.83806e-08
 502.330811   4500.225586  1.91013e+04  6.63448e-08
 474.713501   4568.872559  2.20097e+04  7.52811e-08
 446.810303   4643.702637  2.53102e+04  8.51832e-08
 418.434570   4727.692383  2.91582e+04  9.63697e-08
 389.735474   4825.097656  3.37256e+04  1.09214e-07
 360.663696   4929.383789  3.89410e+04  1.23403e-07
 330.878662   5037.105957  4.47694e+04  1.38828e-07
 300.192017   5146.600586  5.14478e+04  1.56165e-07
 268.652466   5272.526367  5.92278e+04  1.75448e-07
 236.510620   5414.866211  6.80093e+04  1.96136e-07
 204.198486   5577.027344  7.76481e+04  2.17389e-07
 172.623047   5751.341309  8.80245e+04  2.38917e-07
 142.594238   5926.487793  9.90184e+04  2.60818e-07
 114.697510   6116.064453  1.09534e+05  2.79527e-07
  89.086914   6337.659668  1.19519e+05  2.94318e-07
  67.586914   6672.093750  1.29024e+05  3.01425e-07
  49.552246   6861.475098  1.37442e+05  3.12201e-07
  31.798584   7115.706543  1.46030e+05  3.20449e-07
  19.967041   7776.248047  1.51669e+05  3.04303e-07
  13.060547   8450.114258  1.54771e+05  2.84012e-07
   7.843018   8907.304688  1.56999e+05  2.70996e-07
   3.677979   9312.868164  1.58770e+05  2.59444e-07
   0.000000   9697.739258  1.60326e+05  2.48489e-07
