6335.227539   3426.741699  3.56283e+00  1.61004e-11
6334.824219   3426.700195  3.56620e+00  1.61159e-11
6334.292480   3426.645752  3.57064e+00  1.61362e-11
6333.591797   3426.573975  3.57649e+00  1.61630e-11
6332.668457   3426.479248  3.58421e+00  1.61983e-11
6331.450684   3426.354248  3.59438e+00  1.62449e-11
6329.845703   3426.189697  3.60779e+00  1.63062e-11
6327.729492   3425.972656  3.62546e+00  1.63871e-11
6324.966797   3426.398682  3.64915e+00  1.64922e-11
6321.381836   3428.039062  3.68078e+00  1.66272e-11
6316.718750   3430.915039  3.72248e+00  1.68015e-11
6310.693848   3435.761719  3.77710e+00  1.70272e-11
6302.912109   3441.427490  3.82831e+00  1.72265e-11
6292.797852   3446.712646  3.84671e+00  1.72829e-11
6279.418457   3445.057129  3.78201e+00  1.69991e-11
6261.077148   3450.482422  3.66320e+00  1.64423e-11
6237.285645   3552.312256  3.89603e+00  1.69834e-11
6209.980469   3752.603760  4.65308e+00  1.91914e-11
6178.270020   4008.401855  5.48401e+00  2.11892e-11
6156.494141   4098.018066  5.35501e+00  2.02254e-11
6146.494141   4068.915283  4.87194e+00  1.85356e-11
6116.494141   3546.050537  2.51515e+00  1.08496e-11
6106.494141   3333.487793  1.87449e+00  8.69660e-12
6096.494141   3200.742432  1.61667e+00  7.78704e-12
6086.494141   3089.915039  1.40981e+00  7.05902e-12
6076.494141   3017.960449  1.31214e+00  6.72508e-12
6066.494141   2948.321289  1.21799e+00  6.38895e-12
6056.494141   2880.453857  1.12540e+00  6.04576e-12
6046.494141   2816.765869  1.04025e+00  5.71006e-12
6036.494141   2754.309082  9.53590e-01  5.36088e-12
6026.494141   2705.378174  8.94776e-01  5.11559e-12
6016.494141   2660.273926  8.38512e-01  4.88007e-12
6006.494141   2630.781250  8.08290e-01  4.75551e-12
5996.494141   2605.705078  7.84509e-01  4.66159e-12
5986.494141   2587.529297  7.73370e-01  4.62764e-12
5976.494141   2573.525879  7.73348e-01  4.65305e-12
5966.494141   2562.348633  7.77915e-01  4.70114e-12
5956.494141   2556.816162  7.91165e-01  4.79164e-12
5946.494141   2552.713867  8.06271e-01  4.89105e-12
5936.494141   2553.294434  8.30103e-01  5.03448e-12
5926.494141   2555.252197  8.60793e-01  5.21658e-12
5916.494141   2562.268799  9.00378e-01  5.44148e-12
5906.494141   2572.758789  9.45429e-01  5.69021e-12
5896.494141   2588.045898  9.98255e-01  5.97270e-12
5886.494141   2605.582764  1.05559e+00  6.27293e-12
5876.494141   2624.464111  1.12195e+00  6.61974e-12
5866.494141   2648.857910  1.19749e+00  6.99941e-12
5856.494141   2674.370117  1.27637e+00  7.39046e-12
5846.494141   2699.987305  1.35741e+00  7.78403e-12
5836.494141   2724.552979  1.43871e+00  8.17671e-12
5826.494141   2745.856689  1.52409e+00  8.59443e-12
5816.494141   2765.377930  1.60663e+00  8.99634e-12
5806.494141   2782.718018  1.68497e+00  9.37630e-12
5796.494141   2798.833008  1.75838e+00  9.72860e-12
5786.494141   2814.304199  1.82932e+00  1.00656e-11
5776.494141   2832.077148  1.91126e+00  1.04503e-11
5766.494141   2850.358398  1.99442e+00  1.08352e-11
5756.494141   2870.552734  2.08211e+00  1.12317e-11
5746.494141   2890.962891  2.16986e+00  1.16227e-11
5736.494141   2911.946777  2.25639e+00  1.19990e-11
5726.494141   2934.807861  2.35721e+00  1.24374e-11
5716.494141   2959.707520  2.46321e+00  1.28874e-11
5706.494141   2983.162109  2.56031e+00  1.32904e-11
5696.494141   3005.953369  2.65316e+00  1.36680e-11
5686.494141   3027.783936  2.74140e+00  1.40209e-11
5676.494141   3049.225342  2.83888e+00  1.44173e-11
5539.172852   3434.049316  4.56479e+00  2.05788e-11
5465.523926   4354.362305  8.11904e+00  2.88276e-11
5442.354004   4914.803223  1.24848e+01  3.92307e-11
5431.046387   5055.208008  1.50490e+01  4.60634e-11
5420.373047   5074.711426  1.63372e+01  4.98603e-11
5396.494141   4902.498047  1.56371e+01  4.93403e-11
5386.494141   4739.932617  1.43515e+01  4.67834e-11
5376.494141   4501.519531  1.27949e+01  4.39038e-11
5356.494141   4165.905273  1.12394e+01  4.17624e-11
5346.494141   4069.702393  1.10312e+01  4.19670e-11
5336.494141   3987.134521  1.09136e+01  4.23869e-11
5326.494141   3955.496582  1.10578e+01  4.32899e-11
5316.494141   3926.736572  1.12001e+01  4.41683e-11
5306.494141   3908.417969  1.13361e+01  4.49135e-11
5296.494141   3889.391357  1.14421e+01  4.55548e-11
5286.494141   3869.395020  1.15063e+01  4.60471e-11
5276.494141   3855.301025  1.16041e+01  4.66087e-11
5266.494141   3844.703857  1.17026e+01  4.71345e-11
5256.494141   3846.737305  1.18418e+01  4.76710e-11
5246.494141   3851.406494  1.19837e+01  4.81832e-11
5236.494141   3858.961426  1.20928e+01  4.85278e-11
5196.494141   3829.036377  1.18558e+01  4.79428e-11
5186.494141   3804.279541  1.16768e+01  4.75241e-11
5176.494141   3777.868896  1.15400e+01  4.69578e-11
5166.494141   3742.604980  1.14465e+01  4.66886e-11
5156.494141   3705.448242  1.13489e+01  4.64610e-11
5146.494141   3661.676025  1.12117e+01  4.61661e-11
5136.494141   3615.695068  1.10271e+01  4.57317e-11
5126.494141   3555.652344  1.07223e+01  4.52955e-11
5086.494141   3362.437500  9.22672e+00  4.13333e-11
5076.494141   3319.209229  8.99648e+00  4.08545e-11
5066.494141   3282.573486  8.77719e+00  4.03398e-11
5056.494141   3253.389648  8.63107e+00  4.00367e-11
5046.494141   3229.884033  8.49594e+00  3.97218e-11
5036.494141   3212.575684  8.40184e+00  3.95150e-11
5026.494141   3193.556152  8.33130e+00  3.94313e-11
5016.494141   3175.349365  8.27055e+00  3.93858e-11
5006.494141   3159.118164  8.24220e+00  3.94718e-11
4996.494141   3143.946533  8.21918e+00  3.95787e-11
4986.494141   3132.286377  8.24667e+00  3.98858e-11
4976.494141   3121.898438  8.31627e+00  4.03749e-11
4966.494141   3109.818359  8.38467e+00  4.08874e-11
4956.494141   3097.988281  8.45583e+00  4.14234e-11
4946.494141   3087.140625  8.54928e+00  4.20632e-11
4936.494141   3078.061035  8.64523e+00  4.26971e-11
4926.494141   3070.535400  8.76746e+00  4.34275e-11
4916.494141   3066.311035  8.89846e+00  4.41573e-11
4906.494141   3063.119873  9.02836e+00  4.48720e-11
4896.494141   3059.242432  9.13606e+00  4.54879e-11
4886.494141   3055.845215  9.24016e+00  4.60844e-11
4876.494141   3057.956543  9.41263e+00  4.69213e-11
4866.494141   3059.398193  9.57284e+00  4.77110e-11
4856.494141   3059.825195  9.71782e+00  4.84442e-11
4846.494141   3062.045898  9.88216e+00  4.92487e-11
4836.494141   3065.381348  1.00584e+01  5.00951e-11
4826.494141   3067.616211  1.02275e+01  5.09090e-11
4816.494141   3069.357910  1.03807e+01  5.16546e-11
4806.494141   3074.713867  1.05968e+01  5.26547e-11
4796.494141   3079.129150  1.07976e+01  5.35938e-11
4786.494141   3081.739502  1.09416e+01  5.42790e-11
4776.494141   3085.276123  1.11551e+01  5.52866e-11
4766.494141   3089.094482  1.14155e+01  5.65274e-11
4756.494141   3090.468994  1.16123e+01  5.74951e-11
4746.494141   3090.779053  1.17640e+01  5.82575e-11
4736.494141   3095.308838  1.19955e+01  5.93373e-11
4726.494141   3100.331787  1.22707e+01  6.06161e-11
4716.494141   3103.549316  1.24520e+01  6.14594e-11
4706.494141   3106.582031  1.26386e+01  6.23336e-11
4696.494141   3109.477783  1.28669e+01  6.34196e-11
4686.494141   3110.381592  1.30519e+01  6.43295e-11
4676.494141   3110.201660  1.32168e+01  6.51601e-11
4666.494141   3110.945312  1.34021e+01  6.60734e-11
4656.494141   3111.431885  1.35912e+01  6.70130e-11
4646.494141   3111.411133  1.37296e+01  6.77087e-11
4636.494141   3110.743652  1.38506e+01  6.83315e-11
4626.494141   3110.255127  1.40330e+01  6.92575e-11
4616.494141   3109.621582  1.41968e+01  7.00955e-11
4606.494141   3110.226318  1.43428e+01  7.08141e-11
4596.494141   3109.472412  1.44772e+01  7.15077e-11
4586.494141   3106.414062  1.45920e+01  7.21605e-11
4576.494141   3107.659424  1.47553e+01  7.29484e-11
4566.494141   3110.167480  1.49203e+01  7.37128e-11
4556.494141   3109.628662  1.50744e+01  7.45007e-11
4546.494141   3108.975830  1.52227e+01  7.52643e-11
4279.260254   3384.561768  2.90949e+01  1.32678e-10
4182.326660   3541.111328  3.94478e+01  1.72176e-10
4109.191895   3623.796631  4.83598e+01  2.06497e-10
4037.552979   3702.844971  5.44082e+01  2.27401e-10
3961.182617   3754.527588  6.16605e+01  2.54147e-10
3886.056641   3778.058350  7.79666e+01  3.20058e-10
3822.671631   3767.212158  1.02202e+02  4.21386e-10
3766.423828   3725.173584  1.28097e+02  5.34835e-10
3711.856445   3696.927979  1.55443e+02  6.54513e-10
3657.995605   3693.810547  1.86915e+02  7.88132e-10
3606.016113   3691.100342  2.28609e+02  9.65185e-10
3554.830811   3674.119141  2.74927e+02  1.16657e-09
3504.372314   3693.786377  3.29527e+02  1.39116e-09
3456.226318   3718.056641  3.89817e+02  1.63534e-09
3408.885742   3755.073242  4.50180e+02  1.87022e-09
3361.276611   3811.269287  5.07207e+02  2.07605e-09
3312.683350   3882.437744  5.66347e+02  2.27558e-09
3262.739502   3980.120361  6.28824e+02  2.46430e-09
3210.731689   4124.224609  7.02667e+02  2.65707e-09
3154.865723   4329.333496  7.87554e+02  2.83663e-09
3089.730957   4604.980957  8.75635e+02  2.96478e-09
3013.760986   4882.965332  9.52991e+02  3.04129e-09
2942.521729   5139.603027  1.09299e+03  3.31379e-09
2880.489990   5161.254883  1.25257e+03  3.78267e-09
2810.380615   5141.311523  1.36956e+03  4.15306e-09
2728.232666   5067.851562  1.53392e+03  4.71966e-09
2646.494141   4971.148438  1.67928e+03  5.26861e-09
2636.494141   4939.759766  1.68064e+03  5.30598e-09
2626.494141   4886.709473  1.67122e+03  5.33492e-09
2616.494141   4774.017578  1.62272e+03  5.30225e-09
2596.494141   4580.818359  1.56506e+03  5.33052e-09
2586.494141   4511.268066  1.56084e+03  5.39778e-09
2576.494141   4458.298340  1.57269e+03  5.50428e-09
2566.494141   4410.872070  1.58692e+03  5.61408e-09
2556.494141   4367.411621  1.60251e+03  5.72573e-09
2546.494141   4334.214844  1.62501e+03  5.85061e-09
2536.494141   4303.578613  1.64850e+03  5.97755e-09
2526.494141   4276.664062  1.67915e+03  6.12676e-09
2516.494141   4253.377930  1.71163e+03  6.27943e-09
2389.238770   4187.581055  2.30431e+03  8.58973e-09
2298.437744   4345.312988  3.01418e+03  1.08225e-08
2222.195312   4458.341309  3.70448e+03  1.29659e-08
2149.174316   4529.080566  4.38271e+03  1.51027e-08
2075.469727   4526.548828  4.96164e+03  1.71121e-08
1997.684082   4555.860352  5.66693e+03  1.94183e-08
1920.649902   4704.292480  6.88835e+03  2.28548e-08
1848.262695   4834.500488  8.36598e+03  2.70114e-08
1776.082520   4813.173340  9.41397e+03  3.05332e-08
1700.173828   4813.065918  1.07670e+04  3.49261e-08
1623.176758   4819.407227  1.24694e+04  4.03982e-08
1545.822266   4820.372070  1.44960e+04  4.69572e-08
1469.696289   4824.685547  1.69991e+04  5.50245e-08
1392.466797   4813.899902  1.93302e+04  6.27153e-08
1312.050293   4865.894531  2.22105e+04  7.12891e-08
1228.624023   4888.231445  2.50056e+04  7.98996e-08
1139.310547   4931.440918  2.83034e+04  8.96468e-08
1049.110352   5014.584473  3.39307e+04  1.05679e-07
 963.794434   4966.038086  3.96916e+04  1.24849e-07
 874.791504   4882.379883  4.53254e+04  1.45069e-07
 784.078613   5003.968262  4.98985e+04  1.55809e-07
 681.492676   5298.624023  5.68531e+04  1.67594e-07
 574.990723   5534.629883  6.34906e+04  1.79119e-07
 475.073242   5745.371582  7.51736e+04  2.04263e-07
 386.051270   5937.329102  8.73614e+04  2.29715e-07
 315.868164   6236.421387  9.93980e+04  2.48698e-07
 259.790039   6612.171387  1.02291e+05  2.41243e-07
 217.558594   6971.516113  1.15115e+05  2.57460e-07
 187.083008   7349.309082  1.17207e+05  2.48368e-07
 144.662598   6936.936523  1.10112e+05  2.47426e-07
  76.494141   7143.885742  1.27469e+05  2.78381e-07
  66.494141   7166.738281  1.28617e+05  2.79984e-07
  56.494141   7093.335938  1.29417e+05  2.84687e-07
  46.494141   6894.546387  1.30244e+05  2.94750e-07
  36.494141   6854.763184  1.30857e+05  2.97738e-07
  26.494141   6879.790527  1.31306e+05  2.97633e-07
  16.494141   6925.635742  1.32835e+05  2.99077e-07
   0.000000   7010.897461  1.36330e+05  3.03188e-07
