1246.9   3086.8  3.21457e+01  1.61535e-10
1234.2   3118.9  3.55025e+01  1.76614e-10
1220.2   3113.1  3.84979e+01  1.91988e-10
1203.8   3120.9  4.22299e+01  2.10151e-10
1187.2   3178.4  4.71586e+01  2.30423e-10
1171.9   3237.7  5.34167e+01  2.56329e-10
1157.9   3305.4  6.06508e+01  2.85072e-10
1145.3   3383.3  6.78898e+01  3.11785e-10
1133.6   3452.2  7.55462e+01  3.40075e-10
1122.3   3517.4  8.37011e+01  3.69854e-10
1111.2   3581.7  9.33943e+01  4.05330e-10
1100.2   3646.2  1.04453e+02  4.45378e-10
1089.1   3699.6  1.17252e+02  4.92888e-10
1077.8   3757.7  1.32805e+02  5.49830e-10
1066.5   3834.6  1.51570e+02  6.14810e-10
1055.1   3890.3  1.71976e+02  6.87769e-10
1043.3   3933.5  1.94749e+02  7.70487e-10
1031.1   3959.9  2.21446e+02  8.70688e-10
1018.7   3997.0  2.54317e+02  9.90804e-10
1006.0   4017.2  2.90492e+02  1.12632e-09
 993.1   4026.0  3.31207e+02  1.28176e-09
 979.8   4035.2  3.76264e+02  1.45309e-09
 966.1   4049.4  4.26992e+02  1.64361e-09
 951.9   4046.7  4.84666e+02  1.86728e-09
 937.2   4043.0  5.48853e+02  2.11754e-09
 922.1   4068.0  6.24656e+02  2.39475e-09
 906.7   4089.1  7.12181e+02  2.71637e-09
 891.0   4098.7  8.13727e+02  3.09705e-09
 874.9   4108.9  9.31733e+02  3.53806e-09
 858.8   4127.2  1.07448e+03  4.06222e-09
 842.8   4162.4  1.24849e+03  4.68063e-09
 827.1   4210.1  1.45127e+03  5.37931e-09
 811.6   4265.4  1.68330e+03  6.15876e-09
 796.2   4327.4  1.94510e+03  7.01400e-09
 780.9   4372.7  2.24455e+03  8.01120e-09
 765.6   4400.5  2.58466e+03  9.16762e-09
 750.2   4422.1  2.96589e+03  1.04688e-08
 734.7   4448.4  3.40106e+03  1.19349e-08
 719.0   4473.0  3.89572e+03  1.35963e-08
 703.1   4507.1  4.46045e+03  1.54497e-08
 687.0   4547.7  5.09691e+03  1.74984e-08
 670.6   4616.4  5.82327e+03  1.96922e-08
 653.7   4676.7  6.66198e+03  2.22394e-08
 636.6   4707.9  7.62910e+03  2.53004e-08
 619.3   4738.3  8.74040e+03  2.88006e-08
 601.9   4761.9  1.00134e+04  3.28336e-08
 584.2   4776.6  1.14942e+04  3.75753e-08
 566.6   4784.7  1.32056e+04  4.30994e-08
 548.9   4783.8  1.51342e+04  4.94079e-08
 531.0   4786.0  1.72939e+04  5.64351e-08
 512.8   4789.8  1.96701e+04  6.41455e-08
 494.1   4783.6  2.22430e+04  7.26385e-08
 474.7   4788.6  2.51492e+04  8.20521e-08
 454.7   4818.8  2.85551e+04  9.25884e-08
 434.4   4864.7  3.27059e+04  1.05032e-07
 413.7   4932.6  3.72946e+04  1.18147e-07
 392.4   4983.4  4.21665e+04  1.32203e-07
 370.7   5078.2  4.85621e+04  1.49391e-07
 349.5   5214.2  5.75808e+04  1.72492e-07
 329.0   5335.6  6.67410e+04  1.95523e-07
 308.3   5460.6  7.52489e+04  2.15182e-07
 287.7   5651.6  8.47141e+04  2.33978e-07
 267.6   5776.2  9.66535e+04  2.61630e-07
 249.4   6030.1  1.06185e+05  2.74792e-07
 233.4   6284.4  1.11629e+05  2.77455e-07
 217.9   6411.4  1.21282e+05  2.95147e-07
 203.2   6544.6  1.32665e+05  3.16325e-07
 188.7   6710.3  1.41134e+05  3.28060e-07
 175.6   6947.0  1.53294e+05  3.44104e-07
 164.2   7191.0  1.63531e+05  3.54448e-07
 153.9   7428.5  1.71739e+05  3.60034e-07
 144.3   7645.2  1.79086e+05  3.64534e-07
 134.9   7836.1  1.85685e+05  3.68404e-07
 125.4   8003.5  1.91099e+05  3.71086e-07
 115.5   8157.0  1.97271e+05  3.75393e-07
 105.0   8295.1  2.03242e+05  3.79693e-07
  92.9   8315.5  2.03685e+05  3.79742e-07
  76.6   8198.3  2.13806e+05  4.04672e-07
  56.3   8127.3  2.50442e+05  4.78524e-07
  36.3   8343.3  2.78540e+05  5.16864e-07
  17.5   8462.6  2.99370e+05  5.47527e-07
   0.0   8912.2  3.30201e+05  5.70786e-07
