1345.266357   2518.713379  3.60345e-02  2.21546e-13
1345.266235   2518.713379  3.60346e-02  2.21546e-13
1345.264526   2518.713379  3.60358e-02  2.21554e-13
1345.239502   2518.713379  3.60524e-02  2.21656e-13
1344.882568   2518.713379  3.62893e-02  2.23112e-13
1339.793701   2518.713379  3.96672e-02  2.43880e-13
1290.398438   2518.713379  9.11229e-02  5.60238e-13
1157.993286   2518.713379  8.54719e-01  5.25495e-12
1057.374023   3276.823730  3.51213e+00  1.53436e-11
 984.662720   3919.453613  2.60879e+01  1.01541e-10
 981.811401   3895.155273  2.74147e+01  1.07595e-10
 978.855347   3870.516846  2.87885e+01  1.13876e-10
 975.844971   3846.175781  3.01854e+01  1.20278e-10
 972.788330   3824.214111  3.15497e+01  1.26669e-10
 969.596802   3804.993896  3.30223e+01  1.33421e-10
 966.308594   3789.863281  3.46287e+01  1.40533e-10
 962.950439   3785.879883  3.64162e+01  1.48144e-10
 959.450317   3786.543945  3.83825e+01  1.56280e-10
 955.845215   3789.219238  4.05160e+01  1.64818e-10
 952.160950   3793.789062  4.26841e+01  1.73492e-10
 948.331543   3799.623291  4.49577e+01  1.82553e-10
 944.407837   3806.952393  4.73341e+01  1.91932e-10
 940.353638   3815.642090  4.98429e+01  2.01753e-10
 936.171509   3826.357666  5.25473e+01  2.12184e-10
 931.897217   3840.654541  5.54965e+01  2.23347e-10
 927.483276   3857.148438  5.86932e+01  2.35291e-10
 922.990601   3875.208252  6.21174e+01  2.47927e-10
 918.368164   3894.009033  6.57637e+01  2.61303e-10
 913.657104   3912.478027  6.95891e+01  2.75296e-10
 908.817078   3930.321533  7.36247e+01  2.90031e-10
 903.878052   3950.039062  7.79810e+01  3.05755e-10
 898.812256   3972.006592  8.27436e+01  3.22729e-10
 893.655151   3996.244385  8.79215e+01  3.40966e-10
 888.387878   4023.070068  9.36178e+01  3.60750e-10
 883.052612   4053.148682  1.00009e+02  3.82441e-10
 877.634766   4086.891602  1.07180e+02  4.06564e-10
 872.202026   4125.505371  1.15428e+02  4.34005e-10
 866.754639   4169.448242  1.25181e+02  4.65817e-10
 861.400146   4218.473145  1.36965e+02  5.03508e-10
 856.127747   4272.199707  1.50398e+02  5.46328e-10
 851.077759   4320.989258  1.65377e+02  5.94260e-10
 846.152100   4362.267090  1.81884e+02  6.47613e-10
 841.480347   4390.145996  1.98881e+02  7.03683e-10
 836.884399   4409.451660  2.16073e+02  7.61513e-10
 832.463501   4415.542480  2.32831e+02  8.19501e-10
 828.050842   4417.745605  2.49432e+02  8.77727e-10
 823.708740   4419.484375  2.65752e+02  9.35405e-10
 819.333374   4421.165039  2.82160e+02  9.93120e-10
 814.931580   4423.337891  2.98700e+02  1.05073e-09
 810.474731   4430.492188  3.15448e+02  1.10805e-09
 805.921814   4440.826660  3.32864e+02  1.16663e-09
 801.294128   4455.833984  3.51128e+02  1.22668e-09
 796.534485   4472.997559  3.70324e+02  1.28890e-09
 791.682495   4491.718750  3.90172e+02  1.35227e-09
 786.687744   4511.436523  4.11119e+02  1.41885e-09
 781.585815   4529.961426  4.32859e+02  1.48787e-09
 776.357300   4548.767090  4.56906e+02  1.56425e-09
 771.060181   4569.349121  4.84595e+02  1.65144e-09
 765.705627   4591.195312  5.16011e+02  1.75060e-09
 760.401489   4611.674316  5.51428e+02  1.86322e-09
 755.095947   4628.719727  5.90967e+02  1.98915e-09
 749.814453   4635.523926  6.28102e+02  2.11148e-09
 744.530579   4643.501953  6.68079e+02  2.24202e-09
 739.238770   4654.685547  7.11975e+02  2.38388e-09
 733.942505   4665.723145  7.57902e+02  2.53178e-09
 728.611816   4672.677734  8.04037e+02  2.68213e-09
 723.274048   4679.621094  8.53537e+02  2.84314e-09
 717.881531   4686.579590  9.06933e+02  3.01674e-09
 712.473022   4687.195801  9.60991e+02  3.19635e-09
 706.987183   4682.135254  1.01545e+03  3.38146e-09
 701.460144   4677.312012  1.07276e+03  3.57609e-09
 695.838013   4672.312500  1.13282e+03  3.78086e-09
 690.148926   4662.031738  1.19310e+03  3.99111e-09
 684.371216   4649.981445  1.25671e+03  4.21516e-09
 678.504089   4637.081055  1.32526e+03  4.45774e-09
 672.583557   4623.557129  1.39842e+03  4.71785e-09
 666.587402   4609.687988  1.47620e+03  4.99552e-09
 660.553650   4595.411621  1.55781e+03  5.28840e-09
 654.460754   4580.631836  1.64432e+03  5.60046e-09
 648.317139   4565.351562  1.73679e+03  5.93561e-09
 642.147583   4550.924316  1.83548e+03  6.29298e-09
 635.918579   4538.973145  1.94056e+03  6.67099e-09
 629.651611   4530.835449  2.05030e+03  7.06190e-09
 623.329102   4529.168457  2.16951e+03  7.47574e-09
 616.936218   4533.464844  2.30016e+03  7.91860e-09
 610.506653   4539.469727  2.43979e+03  8.38759e-09
 604.028687   4546.640137  2.59010e+03  8.88999e-09
 597.509888   4554.919434  2.75314e+03  9.43236e-09
 590.983704   4559.773926  2.92515e+03  1.00120e-08
 584.426758   4559.275391  3.10492e+03  1.06290e-08
 577.837646   4555.168457  3.29299e+03  1.12834e-08
 571.219727   4547.449219  3.48694e+03  1.19686e-08
 564.535461   4536.730469  3.68733e+03  1.26869e-08
 557.775635   4523.320312  3.89574e+03  1.34442e-08
 550.942017   4508.645508  4.11286e+03  1.42417e-08
 544.011963   4494.097656  4.34327e+03  1.50875e-08
 536.983215   4482.598145  4.59128e+03  1.59906e-08
 529.874207   4473.097656  4.85818e+03  1.69569e-08
 522.686279   4465.387207  5.14959e+03  1.80062e-08
 515.425232   4459.001465  5.46868e+03  1.91498e-08
 508.116333   4452.965820  5.81111e+03  2.03807e-08
 500.783020   4452.876953  6.18884e+03  2.17071e-08
 493.434143   4459.165039  6.59847e+03  2.31103e-08
 486.078735   4469.658203  7.03063e+03  2.45654e-08
 478.751953   4491.038574  7.50732e+03  2.61136e-08
 471.446594   4515.271484  8.00940e+03  2.77010e-08
 464.141663   4540.637695  8.53147e+03  2.93392e-08
 456.822144   4566.622559  9.09290e+03  3.10913e-08
 449.488831   4578.924316  9.66667e+03  3.29745e-08
 442.137939   4583.636230  1.02986e+04  3.50868e-08
 434.780518   4587.305664  1.10037e+04  3.74640e-08
 427.450378   4593.165039  1.17493e+04  3.99531e-08
 420.139954   4598.691895  1.25234e+04  4.25346e-08
 412.824463   4602.142578  1.33396e+04  4.52763e-08
 405.488892   4604.114258  1.42153e+04  4.82303e-08
 398.151550   4608.334473  1.51548e+04  5.13778e-08
 390.822021   4621.529297  1.61659e+04  5.46471e-08
 383.501465   4647.287598  1.72497e+04  5.79890e-08
 376.191345   4682.268066  1.84036e+04  6.14040e-08
 368.911987   4723.485840  1.96331e+04  6.49245e-08
 361.628296   4767.166992  2.09174e+04  6.85397e-08
 354.296204   4806.663574  2.22354e+04  7.22602e-08
 346.884094   4838.836914  2.35781e+04  7.61144e-08
 339.377502   4862.334961  2.49323e+04  8.00949e-08
 331.765625   4884.910156  2.63678e+04  8.43121e-08
 324.035461   4905.455078  2.78791e+04  8.87757e-08
 316.163940   4911.613281  2.93652e+04  9.33940e-08
 308.129883   4909.844727  3.08997e+04  9.83036e-08
 299.891357   4910.423828  3.24040e+04  1.03154e-07
 291.420654   4928.346191  3.40349e+04  1.07932e-07
 282.726074   4966.037598  3.58519e+04  1.12770e-07
 273.816162   5009.596680  3.77205e+04  1.17614e-07
 264.645752   5036.925781  3.95290e+04  1.22586e-07
 255.173340   5046.481934  4.13599e+04  1.28028e-07
 245.380249   5075.399902  4.32992e+04  1.33266e-07
 235.362305   5138.515137  4.59132e+04  1.39573e-07
 225.136230   5202.487305  4.82862e+04  1.44975e-07
 214.726196   5285.118164  5.13273e+04  1.51668e-07
 204.571411   5405.951172  5.56583e+04  1.60772e-07
 194.812012   5469.297363  6.00118e+04  1.71348e-07
 185.592163   5554.052246  6.57021e+04  1.84725e-07
 176.912964   5628.443359  7.05882e+04  1.95820e-07
 168.626343   5712.472168  7.47557e+04  2.04225e-07
 160.563599   5788.310059  7.82307e+04  2.10980e-07
 152.608154   5860.770508  8.11597e+04  2.16117e-07
 144.720337   5944.181152  8.38077e+04  2.20112e-07
 136.935547   6019.568359  8.64105e+04  2.24097e-07
 129.322144   6097.119141  8.92300e+04  2.28450e-07
 121.754395   6164.613770  9.14818e+04  2.31629e-07
 114.177734   6229.569336  9.32073e+04  2.33522e-07
 106.666016   6321.319824  9.59132e+04  2.36786e-07
  99.426392   6409.220703  9.87178e+04  2.40353e-07
  92.370117   6484.885742  1.01506e+05  2.44217e-07
  85.473999   6559.076172  1.04467e+05  2.48491e-07
  78.954346   6659.794434  1.08503e+05  2.54102e-07
  72.749756   6752.937012  1.12769e+05  2.60294e-07
  66.777100   6826.740723  1.16681e+05  2.66426e-07
  61.056763   6918.964355  1.20422e+05  2.71370e-07
  55.513428   7025.958496  1.23804e+05  2.74704e-07
  50.268677   7132.195312  1.25953e+05  2.75262e-07
  45.178711   7237.290527  1.28111e+05  2.75799e-07
  40.294556   7336.906738  1.30464e+05  2.77053e-07
  35.464233   7430.165527  1.32882e+05  2.78460e-07
  30.736206   7513.005371  1.35102e+05  2.79897e-07
  25.921753   7584.478516  1.37217e+05  2.81503e-07
  20.989014   7629.185547  1.39035e+05  2.83463e-07
  15.882080   7675.858398  1.41001e+05  2.85687e-07
  10.549927   7735.360352  1.43200e+05  2.87845e-07
   5.159668   7818.154785  1.45625e+05  2.89464e-07
   0.043335   7979.078125  1.47894e+05  2.87592e-07
   0.000000   7980.558105  1.47913e+05  2.87574e-07
