         0.0     3272.03     85.9593 4.09168e-10
       10.03     3334.11     93.8649  4.3844e-10
       20.06     3434.03     109.961 4.98602e-10
       30.09     3466.66     117.726 5.28905e-10
       40.12     3543.67     137.052 6.02451e-10
       50.15     3594.31     148.791 6.44718e-10
       60.18     3656.88     171.929   7.324e-10
       70.21     3757.19       192.6 7.98621e-10
       80.24     3811.33     224.103 9.16055e-10
       90.27     3916.28     254.153 1.01119e-09
       100.3     3955.68     293.469 1.15628e-09
      110.33     4019.31     328.919 1.27535e-09
      120.36      4047.6     375.998  1.4478e-09
      130.39     4105.96     423.429 1.60758e-09
      140.42     4112.46     473.323 1.79452e-09
      150.45     4136.03     524.143 1.97624e-09
      160.48     4149.92     582.658 2.18985e-09
      170.51      4155.2     638.429  2.3967e-09
      180.54     4170.89     706.954 2.64427e-09
      190.57      4174.3     772.157 2.88608e-09
       200.6     4196.94     856.066 3.18268e-09
      210.63      4205.2     935.683  3.4721e-09
      220.66     4229.21     1036.13  3.8231e-09
      230.69     4241.35     1131.02 4.16142e-09
      240.72      4253.8      1241.2 4.55352e-09
      250.75     4268.25     1349.85 4.93534e-09
      260.78     4280.29     1478.97 5.39223e-09
      270.81     4301.49     1611.33 5.84557e-09
      280.84     4329.39     1776.44 6.40414e-09
      290.87     4352.55     1950.33  6.9945e-09
       300.9     4381.98     2160.61 7.69735e-09
      310.93     4383.98     2369.47 8.43808e-09
      320.96     4385.03     2616.26 9.31523e-09
      330.99     4381.01     2867.34 1.02191e-08
      341.02     4372.75     3163.05 1.12948e-08
      351.05     4341.11     3478.36 1.25112e-08
      361.08     4316.35     3849.53 1.39253e-08
      371.11     4330.26     4252.27 1.53344e-08
      381.14     4386.05     4764.99 1.69678e-08
      391.17     4419.29     5244.85 1.85369e-08
       401.2      4493.0     5855.68  2.0353e-08
      411.23     4525.75      6384.8 2.20285e-08
      421.26     4552.26     7041.46 2.41549e-08
      431.29     4551.13     7684.69 2.63691e-08
      441.32     4551.48     8400.98 2.88261e-08
      451.35      4558.7     9158.21 3.13768e-08
      461.38      4564.1      9994.5 3.42038e-08
      471.41     4569.28     10890.1 3.72289e-08
      481.44     4568.64     11890.8  4.0658e-08
      491.47     4567.66     12961.2 4.43301e-08
       501.5     4570.33     14180.6 4.84759e-08
      511.53     4581.43     15484.8 5.28105e-08
      521.56      4603.1     16934.8 5.74897e-08
      531.59     4624.61     18511.3 6.25541e-08
      541.62     4642.26     20111.4 6.77071e-08
      551.65     4662.43     21770.3 7.29776e-08
      561.68     4682.41     23400.1 7.81078e-08
      571.71     4692.65     24681.8 8.22081e-08
      581.74     4745.87     25928.0 8.53723e-08
      591.77     4811.84     26779.5 8.69595e-08
       601.8     4879.33     27362.8 8.76226e-08
      611.83      4920.3     27721.0 8.80211e-08
      621.86     4975.97     28077.6 8.81327e-08
      631.89     5038.41     28543.8 8.84934e-08
      641.92      5106.7     29184.2 8.92681e-08
      651.95     5159.04     30387.6 9.19955e-08
      661.98     5199.99     31592.8  9.4878e-08
      672.01      5252.9     32478.4 9.65665e-08
      682.04     5300.18     32440.1 9.55928e-08
      692.07      5357.9     32333.7 9.42435e-08
       702.1     5456.14     33080.2 9.46736e-08
      712.13     5582.11     35426.3 9.90898e-08
      722.16     5681.77     39170.9 1.07638e-07
      732.19     5716.34     42848.2 1.17035e-07
      742.22     5736.17     46854.4 1.27537e-07
      752.25     5804.26     51981.4 1.39819e-07
      762.28     5952.34     58457.2 1.53323e-07
      772.31     6092.56     69575.6 1.78261e-07
      782.34     6189.01     82097.4 2.07067e-07
      792.37      6413.6     97479.7 2.37197e-07
       802.4      6551.5 1.11044e+05 2.64482e-07
      812.43     6644.66 1.24496e+05 2.92326e-07
      822.46     7359.75 1.36016e+05 2.87843e-07
      832.49     9165.22 1.46364e+05 2.43508e-07
      842.52     10009.8 1.53008e+05 2.26531e-07
      852.55     10302.0  1.6058e+05 2.27965e-07
      862.58     10366.6 1.68731e+05 2.37587e-07
      872.61     10415.7 1.78129e+05 2.49416e-07
      882.64     10447.5 1.87363e+05 2.61521e-07
      892.67     10516.6 1.96439e+05 2.71767e-07
       902.7     10565.5 2.04607e+05 2.81364e-07
      912.73     10587.2 2.13119e+05 2.92509e-07
      922.76     10648.8  2.2202e+05 3.02333e-07
      932.79     10755.2 2.30241e+05 3.08909e-07
      942.82     10860.6 2.38737e+05 3.15618e-07
      952.85     10940.1 2.46872e+05  3.2284e-07
      962.88     11007.3 2.54459e+05 3.29727e-07
      972.91     11076.1 2.63566e+05 3.38392e-07
      982.94     11143.9 2.71453e+05 3.45286e-07
      992.97     11216.9 2.80395e+05 3.53101e-07
      1003.0     11271.0 2.88746e+05 3.61008e-07
     1013.03     11313.2 2.96921e+05 3.69237e-07
     1023.06     11351.8  3.0572e+05 3.78383e-07
     1033.09     11397.0 3.15029e+05 3.87675e-07
     1043.12     11441.3 3.24895e+05 3.97606e-07
     1053.15     11491.4 3.35615e+05 4.08131e-07
     1063.18     11540.5 3.47409e+05 4.19942e-07
     1073.21     11597.5  3.6031e+05 4.32438e-07
     1083.24     11655.8 3.73834e+05 4.45402e-07
     1093.27     11717.0 3.88138e+05 4.58871e-07
      1103.3     11782.1 4.03788e+05 4.73445e-07
     1113.33     11859.2 4.20242e+05 4.87758e-07
     1123.36     11935.2 4.37069e+05 5.02233e-07
     1133.39     12000.3 4.54128e+05 5.17531e-07
     1143.42     12056.5 4.70129e+05 5.32012e-07
     1153.45     12100.8 4.86252e+05 5.47456e-07
     1163.48     12122.5  5.0062e+05 5.62692e-07
     1173.51     12123.7  5.1562e+05 5.80522e-07
     1183.54     12107.3 5.30156e+05 5.99476e-07
     1193.57     12073.6 5.46372e+05 6.22219e-07
      1203.6     12042.7 5.59045e+05 6.40559e-07
     1213.63     12058.5 5.75252e+05 6.58543e-07
     1223.66     12124.0 5.92515e+05 6.72524e-07
     1233.69     12198.6 6.13956e+05 6.90171e-07
     1243.72     12245.8 6.31744e+05 7.06104e-07
     1253.75     12270.2 6.51993e+05 7.27321e-07
     1263.78     12286.6 6.70864e+05 7.47757e-07
     1273.81     12313.9 6.92984e+05 7.70676e-07
     1283.84     12336.0 7.14539e+05 7.93396e-07
     1293.87     12367.3 7.37706e+05 8.16724e-07
      1303.9     12412.9 7.61429e+05 8.38645e-07
     1313.93     12475.4 7.87445e+05 8.60699e-07
     1323.96     12543.1 8.14918e+05 8.83274e-07
     1333.99     12611.7 8.47215e+05 9.10759e-07
     1344.02     12661.2 8.71893e+05   9.318e-07
     1354.05     12711.9 9.03433e+05 9.60127e-07
     1364.08     12765.3 9.34818e+05 9.87518e-07
     1374.11     12814.0 9.64307e+05 1.01314e-06
     1384.14     12857.8 9.92222e+05 1.03746e-06
     1394.17     12883.6 1.01513e+06 1.05881e-06
      1404.2     12921.8 1.04112e+06 1.08138e-06
     1414.23     12955.4 1.06785e+06 1.10531e-06
     1424.26     12998.1 1.09786e+06 1.13103e-06
     1434.29     13041.8 1.12909e+06  1.1576e-06
     1444.32     13081.0 1.15677e+06 1.18079e-06
     1454.35     13124.3 1.18682e+06 1.20553e-06
     1464.38     13152.2 1.21084e+06 1.22634e-06
     1474.41     13182.0 1.23874e+06 1.25084e-06
     1484.44     13206.9 1.26378e+06 1.27305e-06
     1494.47     13240.3 1.29409e+06 1.29911e-06
      1504.5     13283.3 1.32369e+06 1.32228e-06
     1514.53     13323.0 1.35501e+06 1.34771e-06
     1524.56     13353.0 1.39062e+06 1.37945e-06
     1534.59     13390.3 1.42491e+06 1.40797e-06
     1544.62     13444.3 1.46336e+06 1.43692e-06
     1554.65     13484.8 1.49456e+06 1.46081e-06
     1564.68     13526.0 1.53442e+06  1.4933e-06
     1574.71     13564.1 1.58213e+06 1.53429e-06
     1584.74     13619.1  1.6442e+06 1.58572e-06
     1594.77     13651.0 1.69957e+06 1.63519e-06
      1604.8     13685.6 1.74618e+06 1.67464e-06
     1614.83     13722.0 1.78306e+06 1.70334e-06
     1624.86     13760.7 1.83042e+06 1.74192e-06
     1634.89     13794.7 1.86314e+06 1.76647e-06
     1644.92     13860.3 1.89812e+06  1.7846e-06
     1654.95     13904.8 1.92373e+06 1.79854e-06
     1664.98     13905.2 1.95131e+06 1.82633e-06
     1675.01     13897.5 1.98751e+06 1.86507e-06
     1685.04     13918.7 2.04775e+06 1.91999e-06
     1695.07     13937.5 2.11485e+06 1.98224e-06
      1705.1     13970.3 2.18891e+06 2.04705e-06
     1715.13     14043.4 2.25364e+06  2.0896e-06
     1725.16     14114.2 2.30714e+06  2.1208e-06
     1735.19     14164.2 2.35859e+06 2.15582e-06
     1745.22     14236.0  2.4112e+06 2.18447e-06
     1755.25     14334.0 2.46462e+06 2.20462e-06
     1765.28     14411.1 2.52015e+06 2.23278e-06
     1775.31     14447.5 2.57802e+06 2.27609e-06
     1785.34     14490.7 2.64768e+06 2.32801e-06
     1795.37     14563.1 2.71663e+06 2.36855e-06
      1805.4     14641.8 2.78571e+06 2.40607e-06
     1815.43     14711.9  2.8497e+06 2.44093e-06
     1825.46     14781.5 2.91708e+06 2.47831e-06
     1835.49     14836.0 2.97829e+06 2.51475e-06
     1845.52     14876.5  3.0437e+06 2.55975e-06
     1855.55     14895.7 3.10872e+06 2.61201e-06
     1865.58     14909.8 3.17993e+06 2.67168e-06
     1875.61     14926.3  3.2443e+06 2.72405e-06
     1885.64     14953.0 3.31548e+06 2.77831e-06
     1895.67     14981.4  3.3773e+06 2.82304e-06
      1905.7     15010.6 3.45365e+06 2.88032e-06
     1915.73     15031.6 3.51715e+06 2.92909e-06
     1925.76     15056.1 3.59228e+06 2.98671e-06
     1935.79     15089.4 3.65695e+06 3.03077e-06
     1945.82     15126.7 3.75041e+06 3.09869e-06
     1955.85     15154.3 3.83098e+06 3.15893e-06
     1965.88     15231.9  3.9572e+06 3.23668e-06
     1975.91     15296.9 4.06864e+06 3.30559e-06
     1985.94     15367.6 4.19305e+06 3.38191e-06
     1995.97     15458.3 4.29216e+06 3.42497e-06
      2006.0     15507.6 4.35539e+06 3.45592e-06
     2016.03     15514.4 4.39493e+06 3.48686e-06
     2026.06     15537.6 4.47693e+06 3.54641e-06
     2036.09     15563.1 4.54114e+06 3.58907e-06
     2046.12     15599.8  4.6362e+06 3.65231e-06
     2056.15     15626.8 4.73508e+06 3.72334e-06
     2066.18     15693.4 4.87087e+06 3.80445e-06
     2076.21     15778.5 4.99511e+06 3.86436e-06
     2086.24     15831.7 5.11951e+06 3.94048e-06
     2096.27     15851.6 5.20455e+06 4.00114e-06
      2106.3     15869.8 5.30028e+06 4.07155e-06
     2116.33     15932.1 5.39078e+06 4.11216e-06
     2126.36     16012.5 5.51086e+06 4.16623e-06
     2136.39     16052.0 5.63499e+06 4.24639e-06
     2146.42     16067.2 5.77908e+06 4.35695e-06
     2156.45     16068.4 5.89443e+06 4.45198e-06
     2166.48     16082.4 6.01011e+06 4.53926e-06
     2176.51     16103.8 6.12109e+06 4.61779e-06
     2186.54     16133.4  6.2414e+06 4.69835e-06
     2196.57     16174.7 6.36547e+06 4.77388e-06
      2206.6     16228.2 6.50453e+06 4.85294e-06
     2216.63     16275.4 6.64519e+06 4.93637e-06
     2226.66     16337.8 6.79112e+06 5.01291e-06
     2236.69     16389.6 6.93711e+06 5.09554e-06
     2246.72     16430.8 7.06862e+06 5.17293e-06
     2256.75     16466.0 7.17881e+06 5.23671e-06
     2266.78     16487.3 7.29088e+06 5.31145e-06
     2276.81     16512.8 7.41673e+06 5.39391e-06
     2286.84     16540.2 7.56434e+06 5.49208e-06
     2296.87     16577.1 7.73831e+06  5.6038e-06
      2306.9     16604.8 7.91987e+06 5.72785e-06
     2316.93     16647.3 8.09578e+06 5.83521e-06
     2326.96     16773.6 8.25513e+06 5.86308e-06
     2336.99     16847.2 8.38261e+06 5.90533e-06
     2347.02     16813.9 8.50489e+06 6.02684e-06
     2357.05     16803.9 8.65648e+06 6.15329e-06
     2367.08     16882.9 8.81279e+06 6.21107e-06
     2377.11     16989.5 8.94162e+06 6.22392e-06
     2387.14     17120.7 9.15962e+06  6.2833e-06
     2397.17     17189.0 9.37464e+06  6.3894e-06
      2407.2     17243.1 9.55586e+06 6.48031e-06
     2417.23     17310.0 9.74577e+06 6.56573e-06
     2427.26     17368.7 9.92665e+06 6.64999e-06
     2437.29     17421.8 1.01155e+07 6.74384e-06
     2447.32     17457.2 1.02849e+07 6.83767e-06
     2457.35     17484.0 1.04588e+07 6.94182e-06
     2467.38     17509.2 1.06307e+07 7.04543e-06
     2477.41     17540.1 1.08011e+07 7.14231e-06
     2487.44     17587.1 1.09735e+07 7.22552e-06
     2497.47     17625.3 1.11389e+07 7.31088e-06
      2507.5     17669.7  1.1306e+07 7.39098e-06
     2517.53     17711.0 1.14621e+07 7.46535e-06
     2527.56     17724.5 1.16257e+07   7.571e-06
     2537.59     17626.8 1.18038e+07 7.79485e-06
     2547.62     17514.1 1.20065e+07 8.05628e-06
     2557.65     17513.4 1.22193e+07 8.21476e-06
     2567.68     17571.7  1.2463e+07 8.33469e-06
     2577.71     17646.4 1.27206e+07 8.44581e-06
     2587.74     17720.7 1.29875e+07 8.56214e-06
     2597.77     17793.8  1.3262e+07  8.6831e-06
      2607.8     17892.5 1.35717e+07 8.79944e-06
     2617.83     17986.6 1.38472e+07 8.89384e-06
     2627.86     18065.4 1.41178e+07  8.9992e-06
     2637.89     18133.3 1.43996e+07 9.12227e-06
     2647.92     18210.9 1.46926e+07 9.24047e-06
     2657.95     18305.1 1.49803e+07 9.33419e-06
     2667.98     18415.3 1.52558e+07 9.39948e-06
     2678.01     18512.0 1.55363e+07 9.48121e-06
     2688.04     18571.7 1.57911e+07 9.58568e-06
     2698.07     18605.8 1.60559e+07 9.72498e-06
      2708.1     18626.8 1.63144e+07 9.87447e-06
     2718.13     18642.8  1.6569e+07 1.00272e-05
     2728.16     18655.7 1.68419e+07 1.01956e-05
     2738.19     18668.0 1.71215e+07 1.03688e-05
     2748.22     18701.1 1.74371e+07 1.05401e-05
     2758.25     18744.2 1.77444e+07 1.06924e-05
     2768.28     18797.2 1.80613e+07 1.08372e-05
     2778.31     18855.7 1.83661e+07 1.09654e-05
     2788.34     18915.2 1.86733e+07 1.10923e-05
     2798.37     18967.8 1.89947e+07 1.12358e-05
      2808.4     19014.3 1.93144e+07 1.13846e-05
     2818.43     19066.8 1.96335e+07 1.15237e-05
     2828.46     19120.8 1.99481e+07 1.16566e-05
     2838.49     19166.0 2.02625e+07 1.17995e-05
     2848.52     19194.7 2.05937e+07 1.19744e-05
     2858.55     19186.1 2.09249e+07 1.21998e-05
     2868.58     19157.4 2.12634e+07 1.24592e-05
     2878.61     19164.3 2.16129e+07 1.26766e-05
     2888.64     19201.4 2.19745e+07 1.28579e-05
     2898.67     19263.6 2.23186e+07   1.299e-05
      2908.7     19364.0 2.26896e+07 1.30817e-05
     2918.73     19438.9 2.30443e+07 1.31983e-05
     2928.76     19492.1 2.34282e+07 1.33639e-05
     2938.79     19584.6  2.3777e+07 1.34469e-05
     2948.82     19671.0 2.41612e+07  1.3559e-05
     2958.85     19706.1 2.44871e+07 1.37098e-05
     2968.88     19726.8 2.48855e+07 1.39265e-05
     2978.91     19740.2 2.51872e+07 1.40937e-05
     2988.94     19767.6 2.56273e+07 1.43247e-05
     2998.97     19789.1 2.58802e+07 1.44479e-05
