         0.0     3218.34     85.6251 4.14407e-10
       10.03     3276.64     93.6169 4.45126e-10
       20.06     3368.74     109.498  5.0631e-10
       30.09     3402.41     117.475 5.37715e-10
       40.12     3465.04     135.597 6.09749e-10
       50.15     3511.61     146.689 6.50956e-10
       60.18     3558.25      167.48  7.3356e-10
       70.21     3603.57     179.959 7.78135e-10
       80.24     3672.62     208.319 8.84062e-10
       90.27     3718.18      224.46 9.41017e-10
       100.3     3803.34      262.21 1.07457e-09
      110.33     3886.77     293.282  1.1761e-09
      120.36     3959.24      339.93 1.33853e-09
      130.39     4041.78     384.553 1.48301e-09
      140.42     4087.02     438.388 1.67211e-09
      150.45     4146.59     490.552 1.84469e-09
      160.48     4193.13     559.092 2.07937e-09
      170.51     4232.58     617.602 2.27557e-09
      180.54     4242.24     683.723  2.5137e-09
      190.57     4270.77     748.819 2.73449e-09
       200.6     4283.33     823.062 2.99689e-09
      210.63     4314.94     902.051 3.26088e-09
      220.66     4332.67     991.413 3.56978e-09
      230.69     4364.32     1087.82 3.88905e-09
      240.72     4386.45      1196.5 4.25644e-09
      250.75     4418.12     1317.49 4.65351e-09
      260.78     4436.35     1442.92 5.07579e-09
      270.81     4462.01     1589.97 5.56087e-09
      280.84     4484.44     1742.29   6.063e-09
      290.87     4522.44     1915.92 6.61058e-09
       300.9      4546.0      2096.6 7.19752e-09
      310.93     4568.87     2311.55 7.89667e-09
      320.96     4592.28     2559.61 8.70038e-09
      330.99     4622.74      2839.3 9.58813e-09
      341.02     4649.68     3146.84 1.05654e-08
      351.05     4655.16     3456.47 1.15918e-08
      361.08     4689.18     3818.73 1.27134e-08
      371.11     4694.07     4170.06  1.3869e-08
      381.14     4728.58     4599.36 1.51836e-08
      391.17     4785.53      5044.5 1.64562e-08
       401.2     4847.36     5587.12 1.79955e-08
      411.23     4887.39     6171.42 1.97144e-08
      421.26     4923.03     6837.72 2.16835e-08
      431.29     4934.68     7546.74 2.38752e-08
      441.32     4924.74     8400.56 2.66323e-08
      451.35     4915.04     9264.58 2.94317e-08
      461.38      4925.6     10230.2 3.24297e-08
      471.41     4930.58     11138.1 3.52728e-08
      481.44     4931.27     12134.5 3.84241e-08
      491.47     4933.26     13141.2 4.15965e-08
       501.5     4935.04     14271.5 4.51592e-08
      511.53     4940.52     15471.2 4.89022e-08
      521.56     4945.78     16782.8 5.29926e-08
      531.59     4968.19     18274.1 5.74373e-08
      541.62     4980.89     19729.0 6.18524e-08
      551.65     5029.25     21633.0 6.71801e-08
      561.68     5049.65     23230.4 7.18531e-08
      571.71     5114.43     25472.4 7.77902e-08
      581.74     5138.93     27185.3 8.26235e-08
      591.77     5188.71     29359.6 8.83628e-08
       601.8     5231.81     31384.1  9.3685e-08
      611.83     5266.62     33276.4 9.86835e-08
      621.86     5304.36     35159.9 1.03529e-07
      631.89      5352.7     37133.5 1.08347e-07
      641.92     5379.63     38932.4  1.1302e-07
      651.95     5427.07     40881.0 1.17629e-07
      661.98     5463.04     43057.8 1.23086e-07
      672.01     5554.16     46178.5 1.29838e-07
      682.04     5632.61     50134.1 1.38967e-07
      692.07     5763.18     55764.6 1.51084e-07
       702.1      5867.4     62123.5 1.65298e-07
      712.13     5915.36     68303.6 1.80281e-07
      722.16     5918.46     73442.0 1.93747e-07
      732.19      5907.4     78630.4 2.07828e-07
      742.22      5936.0     84832.6 2.23147e-07
      752.25     5989.19     91750.3 2.39194e-07
      762.28     6080.82  1.0024e+05 2.57355e-07
      772.31     6130.98 1.08699e+05 2.76805e-07
      782.34     6278.05 1.17366e+05 2.91808e-07
      792.37     6360.63 1.27474e+05 3.12834e-07
       802.4     6639.06 1.36391e+05 3.20548e-07
      812.43      6823.5 1.46926e+05 3.35893e-07
      822.46     6974.85 1.54449e+05 3.45343e-07
      832.49     8872.76 1.62284e+05 2.80925e-07
      842.52     10179.7 1.65533e+05 2.39552e-07
      852.55     10482.3 1.72163e+05 2.38343e-07
      862.58     10496.2 1.77343e+05 2.45252e-07
      872.61     10466.3 1.83705e+05 2.55522e-07
      882.64     10467.9 1.91334e+05 2.66425e-07
      892.67     10530.5 1.97785e+05 2.73116e-07
       902.7     10578.6 2.05251e+05 2.81721e-07
      912.73     10596.0 2.11562e+05 2.89914e-07
      922.76     10641.2 2.18847e+05 2.98204e-07
      932.79     10730.4 2.26165e+05  3.0439e-07
      942.82     10836.1 2.33628e+05 3.09764e-07
      952.85     10927.5 2.41983e+05 3.16792e-07
      962.88     11010.2 2.49842e+05 3.23335e-07
      972.91     11079.7 2.57762e+05  3.3043e-07
      982.94     11151.8 2.67093e+05 3.39066e-07
      992.97     11229.8 2.76962e+05 3.47864e-07
      1003.0     11285.4 2.87219e+05 3.58192e-07
     1013.03     11282.7 2.97278e+05  3.7149e-07
     1023.06     11212.3  3.0812e+05 3.89927e-07
     1033.09     11129.3 3.19255e+05 4.09834e-07
     1043.12     11096.7 3.29985e+05 4.26303e-07
     1053.15     11097.0 3.41198e+05 4.41381e-07
     1063.18     11121.5  3.5057e+05 4.52336e-07
     1073.21     11170.4 3.61246e+05 4.63265e-07
     1083.24     11221.2 3.72134e+05 4.74172e-07
     1093.27     11277.2 3.84262e+05 4.86157e-07
      1103.3     11336.7 3.97917e+05 4.99673e-07
     1113.33     11397.4 4.09376e+05 5.09982e-07
     1123.36     11427.0 4.22955e+05 5.25293e-07
     1133.39     11463.7 4.38286e+05 5.42175e-07
     1143.42     11513.5 4.53298e+05 5.57407e-07
     1153.45     11578.5 4.68105e+05 5.70844e-07
     1163.48     11639.6 4.84923e+05 5.86895e-07
     1173.51     11680.1 5.01346e+05 6.04028e-07
     1183.54     11741.7  5.2085e+05 6.22833e-07
     1193.57     11802.1  5.4382e+05 6.45707e-07
      1203.6     11862.2  5.6398e+05 6.64746e-07
     1213.63     11925.2 5.86366e+05 6.85872e-07
     1223.66     11969.6 6.07117e+05 7.06615e-07
     1233.69     12008.6 6.27762e+05  7.2759e-07
     1243.72     12064.0 6.48833e+05 7.47032e-07
     1253.75     12142.2 6.72713e+05 7.66874e-07
     1263.78     12265.3 6.95596e+05 7.79604e-07
     1273.81     12346.0 7.16529e+05 7.94505e-07
     1283.84     12392.9 7.38096e+05 8.13951e-07
     1293.87     12443.4 7.55606e+05 8.27932e-07
      1303.9     12442.0  7.7074e+05 8.45707e-07
     1313.93     12431.9 7.80797e+05 8.58733e-07
     1323.96     12370.3 7.91612e+05 8.79565e-07
     1333.99     12306.7 7.97947e+05 8.95586e-07
     1344.02     12361.0 8.00379e+05 8.91114e-07
     1354.05     12476.6 8.26059e+05 9.05286e-07
     1364.08     12564.3 8.65941e+05 9.38961e-07
     1374.11     12629.8 9.02428e+05 9.71203e-07
     1384.14     12666.0 9.34233e+05 1.00208e-06
     1394.17     12745.0 9.68136e+05 1.02832e-06
      1404.2     12817.9 9.96493e+05 1.04866e-06
     1414.23     12881.9 1.02798e+06  1.0734e-06
     1424.26     12911.1 1.05612e+06 1.09983e-06
     1434.29     12931.2 1.09172e+06 1.13586e-06
     1444.32     12938.1 1.12774e+06 1.17456e-06
     1454.35     12985.3 1.16665e+06 1.20905e-06
     1464.38     13054.6 1.18661e+06 1.21819e-06
     1474.41     13133.9 1.21978e+06 1.23948e-06
     1484.44     13213.0 1.26341e+06 1.27146e-06
     1494.47     13283.9 1.31094e+06 1.30849e-06
      1504.5     13329.8 1.35513e+06 1.34643e-06
     1514.53     13348.9  1.3885e+06 1.37805e-06
     1524.56     13365.5 1.42237e+06 1.41057e-06
     1534.59     13387.6 1.45497e+06 1.44045e-06
     1544.62     13425.0 1.48833e+06 1.46753e-06
     1554.65     13473.7 1.52871e+06 1.49915e-06
     1564.68     13473.6 1.56969e+06 1.54227e-06
     1574.71     13433.0 1.62015e+06 1.60505e-06
     1584.74     13425.0 1.66453e+06   1.654e-06
     1594.77     13521.7 1.71206e+06 1.68026e-06
      1604.8     13676.0 1.75765e+06  1.6889e-06
     1614.83     13801.1 1.80551e+06   1.706e-06
     1624.86     13829.4 1.85765e+06 1.75167e-06
     1634.89     13793.8 1.90345e+06 1.80798e-06
     1644.92     13788.4 1.94877e+06 1.85589e-06
     1654.95     13898.3 1.98711e+06 1.86444e-06
     1664.98     14057.1 2.03458e+06 1.86758e-06
     1675.01     14149.5  2.0743e+06 1.88071e-06
     1685.04     14179.9 2.11244e+06 1.90943e-06
     1695.07     14198.2 2.15988e+06 1.95052e-06
      1705.1     14207.7 2.20111e+06   1.988e-06
     1715.13     14211.2 2.25203e+06 2.03669e-06
     1725.16     14216.6 2.30088e+06 2.08277e-06
     1735.19     14229.6 2.36161e+06 2.13804e-06
     1745.22     14250.1 2.42691e+06 2.19524e-06
     1755.25     14285.5 2.49945e+06 2.25438e-06
     1765.28     14323.4 2.57268e+06 2.31298e-06
     1775.31     14387.9 2.64067e+06  2.3568e-06
     1785.34     14494.6 2.70344e+06 2.37998e-06
     1795.37     14617.9 2.74963e+06 2.38052e-06
      1805.4     14632.8  2.7935e+06 2.41661e-06
     1815.43     14477.2 2.83724e+06 2.51454e-06
     1825.46     14401.8 2.91559e+06 2.61821e-06
     1835.49     14584.7  3.0017e+06 2.63129e-06
     1845.52     14806.1  3.0794e+06 2.61933e-06
     1855.55     14869.1  3.1321e+06 2.64367e-06
     1865.58     14885.9 3.18714e+06 2.68766e-06
     1875.61     14909.4 3.25252e+06 2.73828e-06
     1885.64     14940.4 3.31725e+06 2.78501e-06
     1895.67     14990.7 3.38323e+06 2.82463e-06
      1905.7     15031.1 3.45791e+06 2.87567e-06
     1915.73     15057.6 3.53872e+06 2.93759e-06
     1925.76     15098.0 3.62549e+06 2.99864e-06
     1935.79     15165.1 3.71571e+06 3.05043e-06
     1945.82     15239.0 3.80451e+06 3.09704e-06
     1955.85     15302.8  3.8915e+06 3.14558e-06
     1965.88     15347.2 3.98099e+06 3.20445e-06
     1975.91     15390.4 4.06804e+06 3.26109e-06
     1985.94     15429.0  4.1626e+06 3.32581e-06
     1995.97     15469.9  4.2552e+06 3.38709e-06
      2006.0     15494.8 4.33967e+06 3.44851e-06
     2016.03     15521.8 4.43332e+06 3.51653e-06
     2026.06     15557.6 4.51979e+06 3.57343e-06
     2036.09     15609.5 4.62221e+06  3.6353e-06
     2046.12     15651.8 4.71240e+06 3.69087e-06
     2056.15     15677.1 4.78226e+06 3.73741e-06
     2066.18     15692.1 4.83473e+06 3.77432e-06
     2076.21     15688.0 4.88681e+06 3.82094e-06
     2086.24     15688.5  4.9596e+06 3.88294e-06
     2096.27     15727.1 5.12052e+06 3.99926e-06
      2106.3     15776.6 5.27059e+06 4.09946e-06
     2116.33     15881.1 5.40903e+06 4.15682e-06
     2126.36     15976.8 5.51482e+06 4.19022e-06
     2136.39     15991.3  5.5896e+06 4.24432e-06
     2146.42     16000.7 5.68805e+06 4.32103e-06
     2156.45     16065.2 5.76547e+06 4.34688e-06
     2166.48     16124.9 5.88229e+06 4.40747e-06
     2176.51     16164.0 6.02189e+06  4.4984e-06
     2186.54     16210.3 6.18071e+06 4.59965e-06
     2196.57     16266.7 6.33287e+06 4.68796e-06
      2206.6     16312.1 6.47711e+06 4.77572e-06
     2216.63     16355.3  6.6279e+06  4.8693e-06
     2226.66     16382.5 6.76214e+06 4.95943e-06
     2236.69     16421.8 6.90430e+06 5.04716e-06
     2246.72     16448.0 7.01414e+06 5.11731e-06
     2256.75     16452.5 7.13611e+06 5.21194e-06
     2266.78     16448.1   7.241e+06 5.29925e-06
     2276.81     16485.1 7.37893e+06 5.38357e-06
     2286.84     16547.3 7.52108e+06 5.45232e-06
     2296.87     16609.2 7.68453e+06 5.53703e-06
      2306.9     16648.9 7.82916e+06 5.62232e-06
     2316.93     16702.9 8.00685e+06 5.72209e-06
     2326.96     16761.4 8.16833e+06  5.8044e-06
     2336.99     16806.6 8.34649e+06 5.90883e-06
     2347.02     16816.1 8.47989e+06 6.00557e-06
     2357.05     16844.4 8.64758e+06 6.11373e-06
     2367.08     16932.5 8.81098e+06 6.16955e-06
     2377.11     17023.6 8.98482e+06 6.22937e-06
     2387.14     17108.6 9.12818e+06 6.26935e-06
     2397.17     17220.1 9.31519e+06  6.3192e-06
      2407.2     17283.8 9.51177e+06 6.41359e-06
     2417.23     17311.0 9.69506e+06 6.52716e-06
     2427.26     17299.8 9.86484e+06 6.66295e-06
     2437.29     17259.3 1.00228e+07 6.81602e-06
     2447.32     17226.9 1.01918e+07 6.97173e-06
     2457.35     17225.6  1.0371e+07 7.10809e-06
     2467.38     17242.7 1.05517e+07 7.22903e-06
     2477.41     17271.6 1.07485e+07 7.35078e-06
     2487.44     17300.1 1.09282e+07 7.45964e-06
     2497.47     17334.9 1.11205e+07 7.57136e-06
      2507.5     17368.3 1.12821e+07 7.66052e-06
     2517.53     17401.3 1.14673e+07 7.76722e-06
     2527.56     17438.7 1.16355e+07 7.85598e-06
     2537.59     17485.4 1.18265e+07 7.95166e-06
     2547.62     17525.5 1.20251e+07 8.05854e-06
     2557.65     17565.4 1.22502e+07 8.18419e-06
     2567.68     17638.8 1.25161e+07 8.30396e-06
     2577.71     17737.3 1.27583e+07 8.37825e-06
     2587.74     17804.7 1.30257e+07 8.50105e-06
     2597.77     17865.7 1.33324e+07 8.65684e-06
      2607.8     17945.8 1.36289e+07 8.78285e-06
     2617.83     18004.0  1.3962e+07 8.95629e-06
     2627.86     17990.4 1.42262e+07 9.15875e-06
     2637.89     17966.6 1.45526e+07 9.41841e-06
     2647.92     17959.0 1.47353e+07 9.55808e-06
     2657.95     18012.1 1.49692e+07 9.66323e-06
     2667.98     18076.4 1.51952e+07 9.74847e-06
     2678.01     18145.6 1.55473e+07 9.91551e-06
     2688.04     18230.8  1.5879e+07 1.00466e-05
     2698.07     18355.3 1.61497e+07 1.00848e-05
      2708.1     18501.9  1.6438e+07 1.01065e-05
     2718.13     18621.6 1.66813e+07 1.01282e-05
     2728.16     18696.5 1.69531e+07 1.02211e-05
     2738.19     18727.5 1.71917e+07 1.03434e-05
     2748.22     18747.1 1.74574e+07 1.04969e-05
     2758.25     18776.1 1.77349e+07 1.06463e-05
     2768.28     18822.1 1.80413e+07 1.07925e-05
     2778.31     18879.4 1.83644e+07 1.09342e-05
     2788.34     18943.3 1.86978e+07 1.10724e-05
     2798.37     18985.5 1.90377e+07  1.1241e-05
      2808.4     19022.7 1.93901e+07 1.14231e-05
     2818.43     19089.7 1.97191e+07 1.15493e-05
     2828.46     19167.8   2.003e+07 1.16472e-05
     2838.49     19215.0 2.03202e+07 1.17712e-05
     2848.52     19242.6  2.0625e+07 1.19297e-05
     2858.55     19259.9 2.09334e+07 1.21039e-05
     2868.58     19276.6 2.12583e+07 1.22891e-05
     2878.61     19300.5 2.15958e+07  1.2472e-05
     2888.64     19341.8 2.19423e+07 1.26355e-05
     2898.67     19398.8 2.22945e+07  1.2779e-05
      2908.7     19451.3 2.26519e+07 1.29307e-05
     2918.73     19508.7   2.301e+07 1.30744e-05
     2928.76     19576.2 2.33839e+07 1.32117e-05
     2938.79     19623.7 2.37404e+07 1.33658e-05
     2948.82     19660.1 2.41213e+07 1.35505e-05
     2958.85     19691.2  2.4467e+07 1.37197e-05
     2968.88     19722.3 2.48604e+07 1.39179e-05
     2978.91     19744.0 2.51897e+07 1.40894e-05
     2988.94     19770.6 2.56124e+07 1.43107e-05
     2998.97     19791.9 2.59099e+07 1.44618e-05
