7.7752E-03  4.1252E+03  2.5500E+02  1.0000E+00  0.0000E+00  0.0000E+00  1.5000E+00
8.9724E-03  4.1711E+03  2.9090E+02  1.0000E+00  0.0000E+00  0.0000E+00  1.5000E+00
1.0345E-02  4.2200E+03  3.3350E+02  1.0000E+00  0.0000E+00  0.0000E+00  1.5000E+00
1.1912E-02  4.2624E+03  3.8300E+02  1.0000E+00  0.0000E+00  0.0000E+00  1.5000E+00
1.3691E-02  4.3018E+03  4.4070E+02  1.0000E+00  0.0000E+00  0.0000E+00  1.5000E+00
1.5704E-02  4.3364E+03  5.0550E+02  1.0000E+00  0.0000E+00  0.0000E+00  1.5000E+00
1.7979E-02  4.3718E+03  5.7940E+02  1.0000E+00  0.0000E+00  0.0000E+00  1.5000E+00
2.0551E-02  4.4084E+03  6.6330E+02  1.0000E+00  0.0000E+00  0.0000E+00  1.5000E+00
2.3455E-02  4.4472E+03  7.5970E+02  1.0000E+00  0.0000E+00  0.0000E+00  1.5000E+00
2.6729E-02  4.4940E+03  8.7220E+02  1.0000E+00  0.0000E+00  0.0000E+00  1.5000E+00
3.0413E-02  4.5374E+03  1.0000E+03  1.0000E+00  0.0000E+00  0.0000E+00  1.5000E+00
3.4547E-02  4.5805E+03  1.1480E+03  1.0000E+00  0.0000E+00  0.0000E+00  1.5000E+00
3.9172E-02  4.6350E+03  1.3180E+03  1.0000E+00  0.0000E+00  0.0000E+00  1.5000E+00
4.4338E-02  4.6849E+03  1.5110E+03  1.0000E+00  0.0000E+00  0.0000E+00  1.5000E+00
5.0092E-02  4.7298E+03  1.7320E+03  1.0000E+00  0.0000E+00  0.0000E+00  1.5000E+00
5.6497E-02  4.7630E+03  1.9740E+03  1.0000E+00  0.0000E+00  0.0000E+00  1.5000E+00
6.3653E-02  4.7831E+03  2.2340E+03  1.0000E+00  0.0000E+00  0.0000E+00  1.5000E+00
7.1696E-02  4.7942E+03  2.5080E+03  1.0000E+00  0.0000E+00  0.0000E+00  1.5000E+00
8.0778E-02  4.7992E+03  2.8040E+03  1.0000E+00  0.0000E+00  0.0000E+00  1.5000E+00
9.1044E-02  4.8055E+03  3.1360E+03  1.0000E+00  0.0000E+00  0.0000E+00  1.5000E+00
1.0264E-01  4.8132E+03  3.5070E+03  1.0000E+00  0.0000E+00  0.0000E+00  1.5000E+00
1.1575E-01  4.8154E+03  3.9110E+03  1.0000E+00  0.0000E+00  0.0000E+00  1.5000E+00
1.3061E-01  4.8006E+03  4.3360E+03  1.0000E+00  0.0000E+00  0.0000E+00  1.5000E+00
1.4748E-01  4.7809E+03  4.7980E+03  1.0000E+00  0.0000E+00  0.0000E+00  1.5000E+00
1.6663E-01  4.7711E+03  5.3240E+03  1.0000E+00  0.0000E+00  0.0000E+00  1.5000E+00
1.8830E-01  4.7549E+03  5.9160E+03  1.0000E+00  0.0000E+00  0.0000E+00  1.5000E+00
2.1278E-01  4.7241E+03  6.5640E+03  1.0000E+00  0.0000E+00  0.0000E+00  1.5000E+00
2.4043E-01  4.6924E+03  7.2800E+03  1.0000E+00  0.0000E+00  0.0000E+00  1.5000E+00
2.7170E-01  4.6665E+03  8.0900E+03  1.0000E+00  0.0000E+00  0.0000E+00  1.5000E+00
3.0706E-01  4.6611E+03  9.0230E+03  1.0000E+00  0.0000E+00  0.0000E+00  1.5000E+00
3.4703E-01  4.6816E+03  1.0120E+04  1.0000E+00  0.0000E+00  0.0000E+00  1.5000E+00
3.9198E-01  4.7234E+03  1.1470E+04  1.0000E+00  0.0000E+00  0.0000E+00  1.5000E+00
4.4214E-01  4.7812E+03  1.3170E+04  1.0000E+00  0.0000E+00  0.0000E+00  1.5000E+00
4.9767E-01  4.8434E+03  1.5220E+04  1.0000E+00  0.0000E+00  0.0000E+00  1.5000E+00
5.5897E-01  4.8900E+03  1.7460E+04  1.0000E+00  0.0000E+00  0.0000E+00  1.5000E+00
6.2734E-01  4.9115E+03  1.9730E+04  1.0000E+00  0.0000E+00  0.0000E+00  1.5000E+00
7.0429E-01  4.9208E+03  2.2070E+04  1.0000E+00  0.0000E+00  0.0000E+00  1.5000E+00
7.9126E-01  4.9366E+03  2.4650E+04  1.0000E+00  0.0000E+00  0.0000E+00  1.5000E+00
8.8961E-01  4.9606E+03  2.7520E+04  1.0000E+00  0.0000E+00  0.0000E+00  1.5000E+00
1.0011E+00  4.9858E+03  3.0630E+04  1.0000E+00  0.0000E+00  0.0000E+00  1.5000E+00
1.1279E+00  5.0077E+03  3.3880E+04  1.0000E+00  0.0000E+00  0.0000E+00  1.5000E+00
1.2726E+00  5.0320E+03  3.7350E+04  1.0000E+00  0.0000E+00  0.0000E+00  1.5000E+00
1.4380E+00  5.0635E+03  4.1090E+04  1.0000E+00  0.0000E+00  0.0000E+00  1.5000E+00
1.6276E+00  5.1102E+03  4.5160E+04  1.0000E+00  0.0000E+00  0.0000E+00  1.5000E+00
1.8436E+00  5.1793E+03  4.9700E+04  1.0000E+00  0.0000E+00  0.0000E+00  1.5000E+00
2.0868E+00  5.2896E+03  5.5000E+04  1.0000E+00  0.0000E+00  0.0000E+00  1.5000E+00
2.3538E+00  5.4399E+03  6.1160E+04  1.0000E+00  0.0000E+00  0.0000E+00  1.5000E+00
2.6279E+00  5.6207E+03  6.8120E+04  1.0000E+00  0.0000E+00  0.0000E+00  1.5000E+00
2.8998E+00  5.7975E+03  7.5570E+04  1.0000E+00  0.0000E+00  0.0000E+00  1.5000E+00
3.1574E+00  5.9709E+03  8.3090E+04  1.0000E+00  0.0000E+00  0.0000E+00  1.5000E+00
3.4001E+00  6.1406E+03  9.0270E+04  1.0000E+00  0.0000E+00  0.0000E+00  1.5000E+00
3.6276E+00  6.3217E+03  9.7120E+04  1.0000E+00  0.0000E+00  0.0000E+00  1.5000E+00
3.8377E+00  6.5271E+03  1.0340E+05  1.0000E+00  0.0000E+00  0.0000E+00  1.5000E+00
4.0217E+00  6.7413E+03  1.0870E+05  1.0000E+00  0.0000E+00  0.0000E+00  1.5000E+00
4.1958E+00  6.9269E+03  1.1390E+05  1.0000E+00  0.0000E+00  0.0000E+00  1.5000E+00
4.3597E+00  7.1296E+03  1.1880E+05  1.0000E+00  0.0000E+00  0.0000E+00  1.5000E+00
4.4876E+00  7.4655E+03  1.2220E+05  1.0000E+00  0.0000E+00  0.0000E+00  1.5000E+00
4.6040E+00  7.8138E+03  1.2520E+05  1.0000E+00  0.0000E+00  0.0000E+00  1.5000E+00
4.6589E+00  8.2135E+03  1.2640E+05  1.0000E+00  0.0000E+00  0.0000E+00  1.5000E+00
4.7145E+00  8.6132E+03  1.2760E+05  1.0000E+00  0.0000E+00  0.0000E+00  1.5000E+00
4.7707E+00  9.0129E+03  1.2890E+05  1.0000E+00  0.0000E+00  0.0000E+00  1.5000E+00
4.8268E+00  9.4022E+03  1.3010E+05  1.0000E+00  0.0000E+00  0.0000E+00  1.5000E+00
4.8704E+00  9.6110E+03  1.3110E+05  1.0000E+00  0.0000E+00  0.0000E+00  1.5000E+00
4.9144E+00  9.8198E+03  1.3210E+05  1.0000E+00  0.0000E+00  0.0000E+00  1.5000E+00
4.9587E+00  1.0029E+04  1.3310E+05  1.0000E+00  0.0000E+00  0.0000E+00  1.5000E+00
5.0035E+00  1.0237E+04  1.3420E+05  1.0000E+00  0.0000E+00  0.0000E+00  1.5000E+00
5.0563E+00  1.0367E+04  1.3560E+05  1.0000E+00  0.0000E+00  0.0000E+00  1.5000E+00
5.1165E+00  1.0427E+04  1.3730E+05  1.0000E+00  0.0000E+00  0.0000E+00  1.5000E+00
5.1773E+00  1.0487E+04  1.3900E+05  1.0000E+00  0.0000E+00  0.0000E+00  1.5000E+00
5.2493E+00  1.0547E+04  1.4110E+05  1.0000E+00  0.0000E+00  0.0000E+00  1.5000E+00
5.3393E+00  1.0606E+04  1.4380E+05  1.0000E+00  0.0000E+00  0.0000E+00  1.5000E+00
5.4379E+00  1.0658E+04  1.4680E+05  1.0000E+00  0.0000E+00  0.0000E+00  1.5000E+00
5.5611E+00  1.0687E+04  1.5040E+05  1.0000E+00  0.0000E+00  0.0000E+00  1.5000E+00
5.7063E+00  1.0724E+04  1.5460E+05  1.0000E+00  0.0000E+00  0.0000E+00  1.5000E+00
5.8771E+00  1.0766E+04  1.5970E+05  1.0000E+00  0.0000E+00  0.0000E+00  1.5000E+00
6.0797E+00  1.0811E+04  1.6590E+05  1.0000E+00  0.0000E+00  0.0000E+00  1.5000E+00
6.3187E+00  1.0865E+04  1.7340E+05  1.0000E+00  0.0000E+00  0.0000E+00  1.5000E+00
6.5969E+00  1.0926E+04  1.8230E+05  1.0000E+00  0.0000E+00  0.0000E+00  1.5000E+00
6.9173E+00  1.0994E+04  1.9250E+05  1.0000E+00  0.0000E+00  0.0000E+00  1.5000E+00
7.2879E+00  1.1065E+04  2.0360E+05  1.0000E+00  0.0000E+00  0.0000E+00  1.5000E+00
7.7132E+00  1.1135E+04  2.1530E+05  1.0000E+00  0.0000E+00  0.0000E+00  1.5000E+00
