7.9505E-03  3.8598E+03  2.3820E+02  1.0000E+00  0.0000E+00  0.0000E+00  1.5000E+00
9.1569E-03  3.8931E+03  2.7270E+02  1.0000E+00  0.0000E+00  0.0000E+00  1.5000E+00
1.0515E-02  3.9542E+03  3.1780E+02  1.0000E+00  0.0000E+00  0.0000E+00  1.5000E+00
1.2027E-02  4.0341E+03  3.7660E+02  1.0000E+00  0.0000E+00  0.0000E+00  1.5000E+00
1.3705E-02  4.1044E+03  4.4610E+02  1.0000E+00  0.0000E+00  0.0000E+00  1.5000E+00
1.5577E-02  4.1368E+03  5.1740E+02  1.0000E+00  0.0000E+00  0.0000E+00  1.5000E+00
1.7685E-02  4.1391E+03  5.8680E+02  1.0000E+00  0.0000E+00  0.0000E+00  1.5000E+00
2.0074E-02  4.1397E+03  6.6050E+02  1.0000E+00  0.0000E+00  0.0000E+00  1.5000E+00
2.2786E-02  4.1465E+03  7.4390E+02  1.0000E+00  0.0000E+00  0.0000E+00  1.5000E+00
2.5865E-02  4.1520E+03  8.3720E+02  1.0000E+00  0.0000E+00  0.0000E+00  1.5000E+00
2.9363E-02  4.1521E+03  9.3920E+02  1.0000E+00  0.0000E+00  0.0000E+00  1.5000E+00
3.3345E-02  4.1477E+03  1.0510E+03  1.0000E+00  0.0000E+00  0.0000E+00  1.5000E+00
3.7879E-02  4.1451E+03  1.1770E+03  1.0000E+00  0.0000E+00  0.0000E+00  1.5000E+00
4.3038E-02  4.1475E+03  1.3200E+03  1.0000E+00  0.0000E+00  0.0000E+00  1.5000E+00
4.8899E-02  4.1528E+03  1.4820E+03  1.0000E+00  0.0000E+00  0.0000E+00  1.5000E+00
5.5552E-02  4.1635E+03  1.6650E+03  1.0000E+00  0.0000E+00  0.0000E+00  1.5000E+00
6.3089E-02  4.1843E+03  1.8720E+03  1.0000E+00  0.0000E+00  0.0000E+00  1.5000E+00
7.1594E-02  4.2140E+03  2.1160E+03  1.0000E+00  0.0000E+00  0.0000E+00  1.5000E+00
8.1133E-02  4.2562E+03  2.4100E+03  1.0000E+00  0.0000E+00  0.0000E+00  1.5000E+00
9.1780E-02  4.3065E+03  2.7570E+03  1.0000E+00  0.0000E+00  0.0000E+00  1.5000E+00
1.0365E-01  4.3572E+03  3.1550E+03  1.0000E+00  0.0000E+00  0.0000E+00  1.5000E+00
1.1688E-01  4.4111E+03  3.6110E+03  1.0000E+00  0.0000E+00  0.0000E+00  1.5000E+00
1.3164E-01  4.4654E+03  4.1330E+03  1.0000E+00  0.0000E+00  0.0000E+00  1.5000E+00
1.4809E-01  4.5207E+03  4.7490E+03  1.0000E+00  0.0000E+00  0.0000E+00  1.5000E+00
1.6641E-01  4.5634E+03  5.4340E+03  1.0000E+00  0.0000E+00  0.0000E+00  1.5000E+00
1.8690E-01  4.5747E+03  6.1390E+03  1.0000E+00  0.0000E+00  0.0000E+00  1.5000E+00
2.0999E-01  4.5530E+03  6.8550E+03  1.0000E+00  0.0000E+00  0.0000E+00  1.5000E+00
2.3619E-01  4.5118E+03  7.5930E+03  1.0000E+00  0.0000E+00  0.0000E+00  1.5000E+00
2.6612E-01  4.4828E+03  8.4140E+03  1.0000E+00  0.0000E+00  0.0000E+00  1.5000E+00
3.0030E-01  4.4712E+03  9.3630E+03  1.0000E+00  0.0000E+00  0.0000E+00  1.5000E+00
3.3912E-01  4.4812E+03  1.0490E+04  1.0000E+00  0.0000E+00  0.0000E+00  1.5000E+00
3.8298E-01  4.5017E+03  1.1800E+04  1.0000E+00  0.0000E+00  0.0000E+00  1.5000E+00
4.3245E-01  4.5109E+03  1.3290E+04  1.0000E+00  0.0000E+00  0.0000E+00  1.5000E+00
4.8839E-01  4.5030E+03  1.4940E+04  1.0000E+00  0.0000E+00  0.0000E+00  1.5000E+00
5.5197E-01  4.4947E+03  1.6710E+04  1.0000E+00  0.0000E+00  0.0000E+00  1.5000E+00
6.2458E-01  4.4960E+03  1.8550E+04  1.0000E+00  0.0000E+00  0.0000E+00  1.5000E+00
7.0785E-01  4.5108E+03  2.0470E+04  1.0000E+00  0.0000E+00  0.0000E+00  1.5000E+00
8.0295E-01  4.5520E+03  2.2580E+04  1.0000E+00  0.0000E+00  0.0000E+00  1.5000E+00
9.1098E-01  4.6111E+03  2.4970E+04  1.0000E+00  0.0000E+00  0.0000E+00  1.5000E+00
1.0333E+00  4.6756E+03  2.7740E+04  1.0000E+00  0.0000E+00  0.0000E+00  1.5000E+00
1.1712E+00  4.7530E+03  3.1040E+04  1.0000E+00  0.0000E+00  0.0000E+00  1.5000E+00
1.3263E+00  4.8448E+03  3.4820E+04  1.0000E+00  0.0000E+00  0.0000E+00  1.5000E+00
1.5002E+00  4.9633E+03  3.9380E+04  1.0000E+00  0.0000E+00  0.0000E+00  1.5000E+00
1.6944E+00  5.0745E+03  4.4490E+04  1.0000E+00  0.0000E+00  0.0000E+00  1.5000E+00
1.9123E+00  5.1723E+03  4.9460E+04  1.0000E+00  0.0000E+00  0.0000E+00  1.5000E+00
2.1571E+00  5.2870E+03  5.4590E+04  1.0000E+00  0.0000E+00  0.0000E+00  1.5000E+00
2.4261E+00  5.4305E+03  6.0580E+04  1.0000E+00  0.0000E+00  0.0000E+00  1.5000E+00
2.7063E+00  5.6031E+03  6.7470E+04  1.0000E+00  0.0000E+00  0.0000E+00  1.5000E+00
2.9816E+00  5.7944E+03  7.4590E+04  1.0000E+00  0.0000E+00  0.0000E+00  1.5000E+00
3.2390E+00  6.0053E+03  8.1220E+04  1.0000E+00  0.0000E+00  0.0000E+00  1.5000E+00
3.4699E+00  6.2133E+03  8.7000E+04  1.0000E+00  0.0000E+00  0.0000E+00  1.5000E+00
3.6728E+00  6.4371E+03  9.2050E+04  1.0000E+00  0.0000E+00  0.0000E+00  1.5000E+00
3.8520E+00  6.6526E+03  9.6340E+04  1.0000E+00  0.0000E+00  0.0000E+00  1.5000E+00
4.0133E+00  6.8801E+03  1.0040E+05  1.0000E+00  0.0000E+00  0.0000E+00  1.5000E+00
4.1583E+00  7.1414E+03  1.0390E+05  1.0000E+00  0.0000E+00  0.0000E+00  1.5000E+00
4.2518E+00  7.5502E+03  1.0460E+05  1.0000E+00  0.0000E+00  0.0000E+00  1.5000E+00
4.3474E+00  7.9591E+03  1.0540E+05  1.0000E+00  0.0000E+00  0.0000E+00  1.5000E+00
4.4003E+00  8.3194E+03  1.0550E+05  1.0000E+00  0.0000E+00  0.0000E+00  1.5000E+00
4.4464E+00  8.6719E+03  1.0560E+05  1.0000E+00  0.0000E+00  0.0000E+00  1.5000E+00
4.4930E+00  9.0244E+03  1.0560E+05  1.0000E+00  0.0000E+00  0.0000E+00  1.5000E+00
4.5402E+00  9.3769E+03  1.0570E+05  1.0000E+00  0.0000E+00  0.0000E+00  1.5000E+00
4.5828E+00  9.5746E+03  1.0610E+05  1.0000E+00  0.0000E+00  0.0000E+00  1.5000E+00
4.6249E+00  9.7425E+03  1.0660E+05  1.0000E+00  0.0000E+00  0.0000E+00  1.5000E+00
4.6674E+00  9.9103E+03  1.0710E+05  1.0000E+00  0.0000E+00  0.0000E+00  1.5000E+00
4.7102E+00  1.0078E+04  1.0760E+05  1.0000E+00  0.0000E+00  0.0000E+00  1.5000E+00
4.7663E+00  1.0151E+04  1.0920E+05  1.0000E+00  0.0000E+00  0.0000E+00  1.5000E+00
4.8232E+00  1.0223E+04  1.1090E+05  1.0000E+00  0.0000E+00  0.0000E+00  1.5000E+00
4.8855E+00  1.0290E+04  1.1290E+05  1.0000E+00  0.0000E+00  0.0000E+00  1.5000E+00
4.9657E+00  1.0342E+04  1.1580E+05  1.0000E+00  0.0000E+00  0.0000E+00  1.5000E+00
5.0522E+00  1.0391E+04  1.1890E+05  1.0000E+00  0.0000E+00  0.0000E+00  1.5000E+00
5.1592E+00  1.0435E+04  1.2280E+05  1.0000E+00  0.0000E+00  0.0000E+00  1.5000E+00
5.2842E+00  1.0482E+04  1.2730E+05  1.0000E+00  0.0000E+00  0.0000E+00  1.5000E+00
5.4295E+00  1.0529E+04  1.3220E+05  1.0000E+00  0.0000E+00  0.0000E+00  1.5000E+00
5.6005E+00  1.0576E+04  1.3740E+05  1.0000E+00  0.0000E+00  0.0000E+00  1.5000E+00
5.8020E+00  1.0626E+04  1.4310E+05  1.0000E+00  0.0000E+00  0.0000E+00  1.5000E+00
6.0380E+00  1.0677E+04  1.4930E+05  1.0000E+00  0.0000E+00  0.0000E+00  1.5000E+00
6.3128E+00  1.0728E+04  1.5670E+05  1.0000E+00  0.0000E+00  0.0000E+00  1.5000E+00
6.6354E+00  1.0783E+04  1.6590E+05  1.0000E+00  0.0000E+00  0.0000E+00  1.5000E+00
7.0065E+00  1.0851E+04  1.7680E+05  1.0000E+00  0.0000E+00  0.0000E+00  1.5000E+00
7.4290E+00  1.0951E+04  1.8940E+05  1.0000E+00  0.0000E+00  0.0000E+00  1.5000E+00
7.8964E+00  1.1066E+04  2.0380E+05  1.0000E+00  0.0000E+00  0.0000E+00  1.5000E+00
