7.8947E-03  4.0916E+03  2.5390E+02  1.0000E+00  0.0000E+00  0.0000E+00  1.5000E+00
9.0821E-03  4.1220E+03  2.8850E+02  1.0000E+00  0.0000E+00  0.0000E+00  1.5000E+00
1.0442E-02  4.1610E+03  3.2880E+02  1.0000E+00  0.0000E+00  0.0000E+00  1.5000E+00
1.1995E-02  4.2041E+03  3.7610E+02  1.0000E+00  0.0000E+00  0.0000E+00  1.5000E+00
1.3766E-02  4.2487E+03  4.3070E+02  1.0000E+00  0.0000E+00  0.0000E+00  1.5000E+00
1.5778E-02  4.2906E+03  4.9360E+02  1.0000E+00  0.0000E+00  0.0000E+00  1.5000E+00
1.8057E-02  4.3228E+03  5.6460E+02  1.0000E+00  0.0000E+00  0.0000E+00  1.5000E+00
2.0633E-02  4.3469E+03  6.4450E+02  1.0000E+00  0.0000E+00  0.0000E+00  1.5000E+00
2.3537E-02  4.3679E+03  7.3390E+02  1.0000E+00  0.0000E+00  0.0000E+00  1.5000E+00
2.6812E-02  4.3904E+03  8.3430E+02  1.0000E+00  0.0000E+00  0.0000E+00  1.5000E+00
3.0505E-02  4.4115E+03  9.4590E+02  1.0000E+00  0.0000E+00  0.0000E+00  1.5000E+00
3.4675E-02  4.4401E+03  1.0720E+03  1.0000E+00  0.0000E+00  0.0000E+00  1.5000E+00
3.9392E-02  4.4783E+03  1.2160E+03  1.0000E+00  0.0000E+00  0.0000E+00  1.5000E+00
4.4731E-02  4.5312E+03  1.3850E+03  1.0000E+00  0.0000E+00  0.0000E+00  1.5000E+00
5.0758E-02  4.5985E+03  1.5890E+03  1.0000E+00  0.0000E+00  0.0000E+00  1.5000E+00
5.7522E-02  4.6731E+03  1.8320E+03  1.0000E+00  0.0000E+00  0.0000E+00  1.5000E+00
6.5048E-02  4.7398E+03  2.1080E+03  1.0000E+00  0.0000E+00  0.0000E+00  1.5000E+00
7.3415E-02  4.7847E+03  2.4070E+03  1.0000E+00  0.0000E+00  0.0000E+00  1.5000E+00
8.2767E-02  4.8026E+03  2.7160E+03  1.0000E+00  0.0000E+00  0.0000E+00  1.5000E+00
9.3306E-02  4.8018E+03  3.0360E+03  1.0000E+00  0.0000E+00  0.0000E+00  1.5000E+00
1.0523E-01  4.7924E+03  3.3810E+03  1.0000E+00  0.0000E+00  0.0000E+00  1.5000E+00
1.1876E-01  4.7766E+03  3.7510E+03  1.0000E+00  0.0000E+00  0.0000E+00  1.5000E+00
1.3408E-01  4.7724E+03  4.1790E+03  1.0000E+00  0.0000E+00  0.0000E+00  1.5000E+00
1.5143E-01  4.7705E+03  4.6460E+03  1.0000E+00  0.0000E+00  0.0000E+00  1.5000E+00
1.7103E-01  4.7784E+03  5.1920E+03  1.0000E+00  0.0000E+00  0.0000E+00  1.5000E+00
1.9317E-01  4.7925E+03  5.8110E+03  1.0000E+00  0.0000E+00  0.0000E+00  1.5000E+00
2.1813E-01  4.8162E+03  6.5190E+03  1.0000E+00  0.0000E+00  0.0000E+00  1.5000E+00
2.4622E-01  4.8303E+03  7.3280E+03  1.0000E+00  0.0000E+00  0.0000E+00  1.5000E+00
2.7782E-01  4.8267E+03  8.2000E+03  1.0000E+00  0.0000E+00  0.0000E+00  1.5000E+00
3.1355E-01  4.8381E+03  9.1110E+03  1.0000E+00  0.0000E+00  0.0000E+00  1.5000E+00
3.5422E-01  4.8772E+03  1.0080E+04  1.0000E+00  0.0000E+00  0.0000E+00  1.5000E+00
4.0079E-01  4.8918E+03  1.1080E+04  1.0000E+00  0.0000E+00  0.0000E+00  1.5000E+00
4.5352E-01  4.9660E+03  1.2480E+04  1.0000E+00  0.0000E+00  0.0000E+00  1.5000E+00
5.1224E-01  5.0362E+03  1.4240E+04  1.0000E+00  0.0000E+00  0.0000E+00  1.5000E+00
5.7688E-01  5.0959E+03  1.6260E+04  1.0000E+00  0.0000E+00  0.0000E+00  1.5000E+00
6.4803E-01  5.1479E+03  1.8600E+04  1.0000E+00  0.0000E+00  0.0000E+00  1.5000E+00
7.2638E-01  5.1826E+03  2.1150E+04  1.0000E+00  0.0000E+00  0.0000E+00  1.5000E+00
8.1267E-01  5.2318E+03  2.4050E+04  1.0000E+00  0.0000E+00  0.0000E+00  1.5000E+00
9.0743E-01  5.2916E+03  2.7270E+04  1.0000E+00  0.0000E+00  0.0000E+00  1.5000E+00
1.0116E+00  5.3367E+03  3.0560E+04  1.0000E+00  0.0000E+00  0.0000E+00  1.5000E+00
1.1285E+00  5.3487E+03  3.4200E+04  1.0000E+00  0.0000E+00  0.0000E+00  1.5000E+00
1.2613E+00  5.3514E+03  3.8070E+04  1.0000E+00  0.0000E+00  0.0000E+00  1.5000E+00
1.4130E+00  5.3525E+03  4.2110E+04  1.0000E+00  0.0000E+00  0.0000E+00  1.5000E+00
1.5868E+00  5.3572E+03  4.6540E+04  1.0000E+00  0.0000E+00  0.0000E+00  1.5000E+00
1.7837E+00  5.3945E+03  5.1650E+04  1.0000E+00  0.0000E+00  0.0000E+00  1.5000E+00
2.0064E+00  5.4213E+03  5.6890E+04  1.0000E+00  0.0000E+00  0.0000E+00  1.5000E+00
2.2604E+00  5.4312E+03  6.2620E+04  1.0000E+00  0.0000E+00  0.0000E+00  1.5000E+00
2.5537E+00  5.4317E+03  6.7690E+04  1.0000E+00  0.0000E+00  0.0000E+00  1.5000E+00
2.8933E+00  5.5021E+03  7.2660E+04  1.0000E+00  0.0000E+00  0.0000E+00  1.5000E+00
3.2554E+00  5.6510E+03  8.1310E+04  1.0000E+00  0.0000E+00  0.0000E+00  1.5000E+00
3.6266E+00  5.7688E+03  8.9900E+04  1.0000E+00  0.0000E+00  0.0000E+00  1.5000E+00
4.0145E+00  5.8755E+03  9.5280E+04  1.0000E+00  0.0000E+00  0.0000E+00  1.5000E+00
4.4388E+00  5.9480E+03  9.8070E+04  1.0000E+00  0.0000E+00  0.0000E+00  1.5000E+00
4.9073E+00  6.0355E+03  1.0180E+05  1.0000E+00  0.0000E+00  0.0000E+00  1.5000E+00
5.4058E+00  6.1378E+03  1.1000E+05  1.0000E+00  0.0000E+00  0.0000E+00  1.5000E+00
5.8823E+00  6.3243E+03  1.2540E+05  1.0000E+00  0.0000E+00  0.0000E+00  1.5000E+00
6.3072E+00  6.5010E+03  1.4250E+05  1.0000E+00  0.0000E+00  0.0000E+00  1.5000E+00
6.7143E+00  6.6369E+03  1.5700E+05  1.0000E+00  0.0000E+00  0.0000E+00  1.5000E+00
7.1270E+00  6.7459E+03  1.6790E+05  1.0000E+00  0.0000E+00  0.0000E+00  1.5000E+00
7.5553E+00  6.8665E+03  1.7630E+05  1.0000E+00  0.0000E+00  0.0000E+00  1.5000E+00
7.9991E+00  6.9946E+03  1.8200E+05  1.0000E+00  0.0000E+00  0.0000E+00  1.5000E+00
8.4556E+00  7.1414E+03  1.8590E+05  1.0000E+00  0.0000E+00  0.0000E+00  1.5000E+00
8.9203E+00  7.2958E+03  1.8980E+05  1.0000E+00  0.0000E+00  0.0000E+00  1.5000E+00
9.3977E+00  7.4302E+03  1.9960E+05  1.0000E+00  0.0000E+00  0.0000E+00  1.5000E+00
9.8756E+00  7.6115E+03  2.1210E+05  1.0000E+00  0.0000E+00  0.0000E+00  1.5000E+00
1.0271E+01  8.0212E+03  2.2180E+05  1.0000E+00  0.0000E+00  0.0000E+00  1.5000E+00
1.0571E+01  8.5791E+03  2.2780E+05  1.0000E+00  0.0000E+00  0.0000E+00  1.5000E+00
1.0766E+01  9.0328E+03  2.2760E+05  1.0000E+00  0.0000E+00  0.0000E+00  1.5000E+00
1.0962E+01  9.4057E+03  2.2710E+05  1.0000E+00  0.0000E+00  0.0000E+00  1.5000E+00
1.1150E+01  9.4946E+03  2.2600E+05  1.0000E+00  0.0000E+00  0.0000E+00  1.5000E+00
1.1361E+01  9.5330E+03  2.2650E+05  1.0000E+00  0.0000E+00  0.0000E+00  1.5000E+00
1.1623E+01  9.4474E+03  2.3130E+05  1.0000E+00  0.0000E+00  0.0000E+00  1.5000E+00
1.2014E+01  9.1489E+03  2.3590E+05  1.0000E+00  0.0000E+00  0.0000E+00  1.5000E+00
1.2564E+01  9.2182E+03  2.5310E+05  1.0000E+00  0.0000E+00  0.0000E+00  1.5000E+00
1.3029E+01  9.7722E+03  2.6920E+05  1.0000E+00  0.0000E+00  0.0000E+00  1.5000E+00
1.3381E+01  1.0275E+04  2.8490E+05  1.0000E+00  0.0000E+00  0.0000E+00  1.5000E+00
1.3688E+01  1.0533E+04  2.9900E+05  1.0000E+00  0.0000E+00  0.0000E+00  1.5000E+00
1.4026E+01  1.0569E+04  3.0810E+05  1.0000E+00  0.0000E+00  0.0000E+00  1.5000E+00
1.4405E+01  1.0683E+04  3.2180E+05  1.0000E+00  0.0000E+00  0.0000E+00  1.5000E+00
1.4804E+01  1.0910E+04  3.3360E+05  1.0000E+00  0.0000E+00  0.0000E+00  1.5000E+00
1.5200E+01  1.1189E+04  3.4460E+05  1.0000E+00  0.0000E+00  0.0000E+00  1.5000E+00
