8.5537E-03  4.3981E+03  2.2540E+02  1.0000E+00  0.0000E+00  0.0000E+00  1.5000E+00
9.9806E-03  4.5062E+03  2.6230E+02  1.0000E+00  0.0000E+00  0.0000E+00  1.5000E+00
1.1566E-02  4.6262E+03  3.1390E+02  1.0000E+00  0.0000E+00  0.0000E+00  1.5000E+00
1.3246E-02  4.7332E+03  3.7680E+02  1.0000E+00  0.0000E+00  0.0000E+00  1.5000E+00
1.5029E-02  4.7915E+03  4.4120E+02  1.0000E+00  0.0000E+00  0.0000E+00  1.5000E+00
1.7008E-02  4.7955E+03  5.0620E+02  1.0000E+00  0.0000E+00  0.0000E+00  1.5000E+00
1.9264E-02  4.8055E+03  5.6910E+02  1.0000E+00  0.0000E+00  0.0000E+00  1.5000E+00
2.1827E-02  4.8254E+03  6.3800E+02  1.0000E+00  0.0000E+00  0.0000E+00  1.5000E+00
2.4732E-02  4.8444E+03  7.1360E+02  1.0000E+00  0.0000E+00  0.0000E+00  1.5000E+00
2.8055E-02  4.8493E+03  7.9410E+02  1.0000E+00  0.0000E+00  0.0000E+00  1.5000E+00
3.1876E-02  4.8485E+03  8.8560E+02  1.0000E+00  0.0000E+00  0.0000E+00  1.5000E+00
3.6273E-02  4.8429E+03  9.9670E+02  1.0000E+00  0.0000E+00  0.0000E+00  1.5000E+00
4.1289E-02  4.8314E+03  1.1350E+03  1.0000E+00  0.0000E+00  0.0000E+00  1.5000E+00
4.7013E-02  4.7940E+03  1.2890E+03  1.0000E+00  0.0000E+00  0.0000E+00  1.5000E+00
5.3561E-02  4.7371E+03  1.4510E+03  1.0000E+00  0.0000E+00  0.0000E+00  1.5000E+00
6.1009E-02  4.6694E+03  1.6160E+03  1.0000E+00  0.0000E+00  0.0000E+00  1.5000E+00
6.9402E-02  4.6178E+03  1.8010E+03  1.0000E+00  0.0000E+00  0.0000E+00  1.5000E+00
7.8814E-02  4.5875E+03  2.0110E+03  1.0000E+00  0.0000E+00  0.0000E+00  1.5000E+00
8.9384E-02  4.5567E+03  2.2330E+03  1.0000E+00  0.0000E+00  0.0000E+00  1.5000E+00
1.0130E-01  4.5336E+03  2.4820E+03  1.0000E+00  0.0000E+00  0.0000E+00  1.5000E+00
1.1472E-01  4.5423E+03  2.7860E+03  1.0000E+00  0.0000E+00  0.0000E+00  1.5000E+00
1.2987E-01  4.5697E+03  3.1420E+03  1.0000E+00  0.0000E+00  0.0000E+00  1.5000E+00
1.4695E-01  4.5949E+03  3.5360E+03  1.0000E+00  0.0000E+00  0.0000E+00  1.5000E+00
1.6623E-01  4.6080E+03  3.9630E+03  1.0000E+00  0.0000E+00  0.0000E+00  1.5000E+00
1.8799E-01  4.6124E+03  4.4320E+03  1.0000E+00  0.0000E+00  0.0000E+00  1.5000E+00
2.1255E-01  4.6178E+03  4.9700E+03  1.0000E+00  0.0000E+00  0.0000E+00  1.5000E+00
2.4015E-01  4.6333E+03  5.6100E+03  1.0000E+00  0.0000E+00  0.0000E+00  1.5000E+00
2.7114E-01  4.6661E+03  6.3490E+03  1.0000E+00  0.0000E+00  0.0000E+00  1.5000E+00
3.0594E-01  4.7200E+03  7.2080E+03  1.0000E+00  0.0000E+00  0.0000E+00  1.5000E+00
3.4493E-01  4.7555E+03  8.2000E+03  1.0000E+00  0.0000E+00  0.0000E+00  1.5000E+00
3.8839E-01  4.7868E+03  9.3490E+03  1.0000E+00  0.0000E+00  0.0000E+00  1.5000E+00
4.3692E-01  4.8155E+03  1.0600E+04  1.0000E+00  0.0000E+00  0.0000E+00  1.5000E+00
4.9129E-01  4.8316E+03  1.1950E+04  1.0000E+00  0.0000E+00  0.0000E+00  1.5000E+00
5.5236E-01  4.8394E+03  1.3430E+04  1.0000E+00  0.0000E+00  0.0000E+00  1.5000E+00
6.2102E-01  4.8517E+03  1.5110E+04  1.0000E+00  0.0000E+00  0.0000E+00  1.5000E+00
6.9812E-01  4.8776E+03  1.7030E+04  1.0000E+00  0.0000E+00  0.0000E+00  1.5000E+00
7.8470E-01  4.9058E+03  1.9200E+04  1.0000E+00  0.0000E+00  0.0000E+00  1.5000E+00
8.8204E-01  4.9324E+03  2.1580E+04  1.0000E+00  0.0000E+00  0.0000E+00  1.5000E+00
9.9174E-01  4.9572E+03  2.4150E+04  1.0000E+00  0.0000E+00  0.0000E+00  1.5000E+00
1.1158E+00  4.9701E+03  2.6910E+04  1.0000E+00  0.0000E+00  0.0000E+00  1.5000E+00
1.2565E+00  4.9799E+03  2.9950E+04  1.0000E+00  0.0000E+00  0.0000E+00  1.5000E+00
1.4161E+00  5.0069E+03  3.3360E+04  1.0000E+00  0.0000E+00  0.0000E+00  1.5000E+00
1.5966E+00  5.0595E+03  3.7240E+04  1.0000E+00  0.0000E+00  0.0000E+00  1.5000E+00
1.8000E+00  5.1402E+03  4.1710E+04  1.0000E+00  0.0000E+00  0.0000E+00  1.5000E+00
2.0262E+00  5.2442E+03  4.7050E+04  1.0000E+00  0.0000E+00  0.0000E+00  1.5000E+00
2.2732E+00  5.3624E+03  5.3370E+04  1.0000E+00  0.0000E+00  0.0000E+00  1.5000E+00
2.5367E+00  5.4745E+03  6.0360E+04  1.0000E+00  0.0000E+00  0.0000E+00  1.5000E+00
2.8166E+00  5.5780E+03  6.7580E+04  1.0000E+00  0.0000E+00  0.0000E+00  1.5000E+00
3.1117E+00  5.6829E+03  7.5130E+04  1.0000E+00  0.0000E+00  0.0000E+00  1.5000E+00
3.4175E+00  5.8030E+03  8.3010E+04  1.0000E+00  0.0000E+00  0.0000E+00  1.5000E+00
3.7228E+00  5.9515E+03  9.0600E+04  1.0000E+00  0.0000E+00  0.0000E+00  1.5000E+00
4.0182E+00  6.1248E+03  9.7770E+04  1.0000E+00  0.0000E+00  0.0000E+00  1.5000E+00
4.2923E+00  6.3194E+03  1.0480E+05  1.0000E+00  0.0000E+00  0.0000E+00  1.5000E+00
4.5393E+00  6.5297E+03  1.1120E+05  1.0000E+00  0.0000E+00  0.0000E+00  1.5000E+00
4.7545E+00  6.7740E+03  1.1690E+05  1.0000E+00  0.0000E+00  0.0000E+00  1.5000E+00
4.9495E+00  7.0125E+03  1.2200E+05  1.0000E+00  0.0000E+00  0.0000E+00  1.5000E+00
5.1281E+00  7.2182E+03  1.2630E+05  1.0000E+00  0.0000E+00  0.0000E+00  1.5000E+00
5.2370E+00  7.6333E+03  1.2870E+05  1.0000E+00  0.0000E+00  0.0000E+00  1.5000E+00
5.3334E+00  8.0886E+03  1.3080E+05  1.0000E+00  0.0000E+00  0.0000E+00  1.5000E+00
5.4231E+00  8.5226E+03  1.3260E+05  1.0000E+00  0.0000E+00  0.0000E+00  1.5000E+00
5.4701E+00  8.8482E+03  1.3350E+05  1.0000E+00  0.0000E+00  0.0000E+00  1.5000E+00
5.5176E+00  9.1738E+03  1.3430E+05  1.0000E+00  0.0000E+00  0.0000E+00  1.5000E+00
5.5654E+00  9.4994E+03  1.3520E+05  1.0000E+00  0.0000E+00  0.0000E+00  1.5000E+00
5.6137E+00  9.8250E+03  1.3610E+05  1.0000E+00  0.0000E+00  0.0000E+00  1.5000E+00
5.6632E+00  1.0052E+04  1.3700E+05  1.0000E+00  0.0000E+00  0.0000E+00  1.5000E+00
5.7139E+00  1.0180E+04  1.3800E+05  1.0000E+00  0.0000E+00  0.0000E+00  1.5000E+00
5.7651E+00  1.0309E+04  1.3890E+05  1.0000E+00  0.0000E+00  0.0000E+00  1.5000E+00
5.8168E+00  1.0437E+04  1.3990E+05  1.0000E+00  0.0000E+00  0.0000E+00  1.5000E+00
5.8830E+00  1.0516E+04  1.4140E+05  1.0000E+00  0.0000E+00  0.0000E+00  1.5000E+00
5.9584E+00  1.0565E+04  1.4320E+05  1.0000E+00  0.0000E+00  0.0000E+00  1.5000E+00
6.0364E+00  1.0614E+04  1.4500E+05  1.0000E+00  0.0000E+00  0.0000E+00  1.5000E+00
6.1449E+00  1.0649E+04  1.4770E+05  1.0000E+00  0.0000E+00  0.0000E+00  1.5000E+00
6.2631E+00  1.0683E+04  1.5060E+05  1.0000E+00  0.0000E+00  0.0000E+00  1.5000E+00
6.4085E+00  1.0712E+04  1.5460E+05  1.0000E+00  0.0000E+00  0.0000E+00  1.5000E+00
6.5839E+00  1.0752E+04  1.5960E+05  1.0000E+00  0.0000E+00  0.0000E+00  1.5000E+00
6.7896E+00  1.0798E+04  1.6560E+05  1.0000E+00  0.0000E+00  0.0000E+00  1.5000E+00
7.0309E+00  1.0850E+04  1.7270E+05  1.0000E+00  0.0000E+00  0.0000E+00  1.5000E+00
7.3114E+00  1.0908E+04  1.8110E+05  1.0000E+00  0.0000E+00  0.0000E+00  1.5000E+00
7.6412E+00  1.0971E+04  1.9060E+05  1.0000E+00  0.0000E+00  0.0000E+00  1.5000E+00
8.0200E+00  1.1036E+04  2.0110E+05  1.0000E+00  0.0000E+00  0.0000E+00  1.5000E+00
8.4591E+00  1.1106E+04  2.1310E+05  1.0000E+00  0.0000E+00  0.0000E+00  1.5000E+00
