      200.000     0.000000
      250.000     0.000000
      303.000     0.000000
      350.000     0.000000
      400.000     0.000000
      450.000     0.000000
      500.000    0.0100737
      550.000    0.0114571
      600.000    0.0128384
      650.000    0.0140969
      700.000    0.0151417
      750.000    0.0159516
      800.000    0.0165614
      810.000    0.0166518
      820.000    0.0167422
      830.000    0.0168326
      840.000    0.0169231
      850.000    0.0170135
      860.000    0.0170805
      870.000    0.0171378
      880.000    0.0171951
      890.000    0.0172524
      900.000    0.0173013
      920.000    0.0173836
      930.000    0.0174247
      940.000    0.0174658
      950.000    0.0174963
      960.000    0.0175256
      970.000    0.0175549
      980.000    0.0175842
      990.000    0.0176134
      1000.00    0.0176390
      1020.00    0.0176880
      1030.00    0.0177125
      1040.00    0.0177370
      1050.00    0.0177618
      1060.00    0.0177898
      1070.00    0.0178179
      1080.00    0.0178460
      1090.00    0.0178741
      1110.00    0.0179302
      1120.00    0.0179679
      1130.00    0.0180106
      1140.00    0.0180534
      1150.00    0.0180962
      1160.00    0.0181390
      1170.00    0.0181818
      1180.00    0.0182246
      1190.00    0.0182770
      1210.00    0.0184103
      1220.00    0.0184769
      1230.00    0.0185436
      1250.00    0.0186768
      1260.00    0.0187435
      1270.00    0.0188158
      1280.00    0.0189201
      1290.00    0.0190245
      1300.00    0.0191288
      1310.00    0.0192331
      1327.15    0.0194121
      1329.81    0.0194398
      1340.00    0.0195461
      1350.00    0.0196504
      1360.00    0.0197548
      1370.00    0.0198928
      1380.00    0.0200479
      1390.00    0.0202030
      1400.00    0.0203581
      1410.00    0.0205132
      1420.00    0.0206684
      1430.00    0.0208235
      1440.00    0.0209786
      1450.00    0.0211337
      1460.00    0.0212889
      1470.00    0.0214440
      1480.00    0.0216454
      1490.00    0.0218730
      1500.00    0.0221005
      1510.00    0.0223281
      1540.00    0.0230108
      1550.00    0.0232384
      1560.00    0.0234659
      1580.00    0.0239211
      1600.00    0.0243762
      1610.00    0.0246711
      1650.00    0.0259800
      1660.00    0.0263072
      1670.00    0.0266345
      1690.00    0.0272889
      1700.00    0.0276161
      1710.00    0.0279433
      1720.00    0.0282706
      1730.00    0.0285978
      1740.00    0.0289250
      1750.00    0.0292522
      1760.00    0.0296096
      1770.00    0.0300791
      1780.00    0.0305486
      1800.00    0.0314876
      1810.00    0.0319571
      1820.00    0.0324265
      1830.00    0.0328960
      1840.00    0.0333655
      1850.00    0.0338350
      1860.00    0.0343045
      1871.61    0.0348496
      1875.35    0.0350252
      1880.00    0.0352435
      1890.00    0.0357130
      1900.00    0.0361824
      1910.00    0.0366519
      1920.00    0.0371214
      1930.00    0.0375909
      1940.00    0.0380604
      1970.00    0.0399861
      1980.00    0.0406669
      2000.00    0.0420287
      2010.00    0.0427095
      2020.00    0.0433904
      2040.00    0.0447521
      2060.00    0.0461138
      2090.00    0.0481564
      2100.00    0.0488372
      2110.00    0.0495181
      2120.00    0.0501989
      2130.00    0.0508798
      2140.00    0.0515606
      2150.00    0.0522415
      2160.00    0.0529223
      2170.00    0.0536032
      2180.00    0.0543478
      2200.00    0.0563572
      2210.00    0.0573619
      2220.00    0.0583665
      2230.00    0.0593712
      2240.00    0.0603759
      2280.00    0.0643947
      2290.00    0.0653993
      2300.00    0.0664040
      2310.00    0.0674087
      2320.00    0.0684134
      2330.00    0.0694181
      2340.00    0.0704228
      2350.00    0.0714275
      2360.00    0.0724321
      2370.00    0.0734368
      2380.00    0.0744415
      2390.00    0.0754462
      2400.00    0.0764509
      2420.00    0.0784603
      2430.00    0.0794649
      2440.00    0.0804696
      2450.00    0.0814743
      2460.00    0.0824790
      2470.00    0.0834837
      2480.00    0.0848208
      2490.00    0.0863486
      2500.00    0.0878764
      2530.00    0.0924599
      2540.00    0.0939877
      2550.00    0.0955155
      2560.00    0.0970434
      2570.00    0.0985712
      2580.00     0.100099
      2590.00     0.101627
      2610.00     0.104682
      2620.00     0.106210
      2630.00     0.107738
      2640.00     0.109266
      2650.00     0.110794
      2660.00     0.112322
      2670.00     0.113849
      2680.00     0.115377
      2690.00     0.116905
      2700.00     0.118433
      2710.00     0.119961
      2720.00     0.121489
      2730.00     0.123016
      2740.00     0.124544
      2750.00     0.126072
      2760.00     0.127600
      2770.00     0.129128
      2780.00     0.130655
      2790.00     0.132183
      2800.00     0.133711
      2810.00     0.135239
      2820.00     0.136767
      2830.00     0.138295
      2840.00     0.139822
      2850.00     0.141350
      2880.00     0.147526
      2890.00     0.149943
      2900.00     0.152360
      2910.00     0.154778
      2950.00     0.164448
      2960.00     0.166865
      2970.00     0.169283
      2980.00     0.171700
      2990.00     0.174118
      3000.00     0.176535
      3010.00     0.178953
      3020.00     0.181370
      3030.00     0.183788
      3040.00     0.186205
      3050.00     0.188623
      3060.00     0.191040
      3070.00     0.193458
      3080.00     0.195875
      3090.00     0.198293
      3120.00     0.205545
      3140.00     0.210380
      3150.00     0.212798
      3160.00     0.215215
      3170.00     0.217633
      3180.00     0.220050
      3190.00     0.222468
      3200.00     0.224885
      3210.00     0.227303
      3220.00     0.229720
      3230.00     0.232138
      3240.00     0.234555
      3250.00     0.236972
      3260.00     0.239390
      3270.00     0.241807
      3280.00     0.244225
      3290.00     0.246642
      3300.00     0.249060
      3310.00     0.251477
      3320.00     0.253895
      3330.00     0.256312
      3340.00     0.258730
      3350.00     0.261147
      3360.00     0.263565
      3370.00     0.265982
      3380.00     0.268400
      3420.00     0.282107
      3450.00     0.294263
      3460.00     0.298316
      3470.00     0.302368
      3480.00     0.306420
      3490.00     0.310472
      3500.00     0.314525
      3510.00     0.318577
      3520.00     0.322629
      3530.00     0.326681
      3540.00     0.330734
      3550.00     0.334786
      3560.00     0.338838
      3570.00     0.342890
      3580.00     0.346942
      3590.00     0.350995
      3600.00     0.355047
      3610.00     0.359099
      3620.00     0.363151
      3630.00     0.367204
      3660.00     0.379360
      3670.00     0.383413
      3690.00     0.391517
      3700.00     0.395569
      3710.00     0.399622
      3720.00     0.403674
      3730.00     0.407726
      3740.00     0.411778
      3770.00     0.423935
      3780.00     0.427987
      3790.00     0.432040
      3800.00     0.436092
      3810.00     0.440144
      3820.00     0.444196
      3830.00     0.448248
      3840.00     0.452301
      3860.00     0.460405
      3870.00     0.464457
      3890.00     0.472562
      3900.00     0.476614
      3910.00     0.480666
      3920.00     0.484719
      3930.00     0.488771
      3940.00     0.492823
      3950.00     0.496875
      3960.00     0.500928
      3970.00     0.504980
      3980.00     0.509032
      3990.00     0.513084
      4000.00     0.517137
      4010.00     0.521189
      4020.00     0.525241
      4030.00     0.529293
      4050.00     0.537398
      4110.00     0.561711
      4120.00     0.565763
      4130.00     0.569816
      4140.00     0.573868
      4150.00     0.577920
      4160.00     0.581972
      4170.00     0.586025
      4180.00     0.592519
      4190.00     0.599895
      4200.00     0.607271
      4210.00     0.614647
      4220.00     0.622024
      4230.00     0.629400
      4240.00     0.636776
      4250.00     0.644152
      4260.00     0.651528
      4270.00     0.658905
      4280.00     0.666281
      4290.00     0.673657
      4300.00     0.681033
      4310.00     0.688409
      4320.00     0.695786
      4330.00     0.703162
      4340.00     0.710538
      4350.00     0.717914
      4360.00     0.725290
      4370.00     0.732667
      4380.00     0.740043
      4390.00     0.747419
      4400.00     0.754795
      4410.00     0.762172
      4420.00     0.769548
      4430.00     0.776924
      4440.00     0.784300
      4450.00     0.791676
      4460.00     0.799053
      4470.00     0.806429
      4480.00     0.813805
      4490.00     0.821181
      4500.00     0.828557
      4510.00     0.835934
      4520.00     0.843310
      4530.00     0.850686
      4540.00     0.858062
      4560.00     0.872815
      4570.00     0.880191
      4580.00     0.887567
      4590.00     0.894943
      4600.00     0.902319
      4610.00     0.909696
      4620.00     0.917072
      4630.00     0.924448
      4640.00     0.931824
      4650.00     0.939201
      4660.00     0.946577
      4670.00     0.953953
      4680.00     0.961329
      4690.00     0.968705
      4700.00     0.976082
      4710.00     0.983458
      4720.00     0.990834
      4730.00     0.998210
      4740.00      1.00559
      4750.00      1.01296
      4760.00      1.02034
      4770.00      1.02771
      4780.00      1.03509
      4790.00      1.04247
      4800.00      1.04984
      4810.00      1.05722
      4820.00      1.06460
      4830.00      1.07197
      4840.00      1.07935
      4850.00      1.08672
      4860.00      1.09410
      4870.00      1.10148
      4880.00      1.10885
      4890.00      1.11623
      4900.00      1.12361
      4910.00      1.13098
      4920.00      1.13836
      4930.00      1.14573
      4940.00      1.15311
      4950.00      1.16049
      4960.00      1.16786
      4970.00      1.17524
      4980.00      1.18262
      4990.00      1.18999
      5000.00      1.19737
      5010.00      1.20474
      5020.00      1.21212
      5030.00      1.21950
      5040.00      1.22687
      5050.00      1.23425
      5060.00      1.24163
      5070.00      1.24900
      5080.00      1.25638
      5090.00      1.26375
      5100.00      1.27113
      5110.00      1.27851
      5120.00      1.28588
      5130.00      1.29326
      5140.00      1.30063
      5150.00      1.30801
      5160.00      1.31539
      5170.00      1.32276
      5180.00      1.33014
      5190.00      1.33752
      5200.00      1.34489
      5210.00      1.35227
      5220.00      1.35964
      5230.00      1.36702
      5240.00      1.37440
      5250.00      1.38177
      5260.00      1.38915
      5270.00      1.39653
      5280.00      1.40390
      5290.00      1.41128
      5300.00      1.41865
      5310.00      1.42603
      5320.00      1.43341
      5330.00      1.44078
      5340.00      1.44816
      5350.00      1.45554
      5360.00      1.46291
      5370.00      1.47029
      5380.00      1.47766
      5390.00      1.48504
      5400.00      1.49242
      5410.00      1.49979
      5420.00      1.50981
      5430.00      1.52035
      5440.00      1.53088
      5450.00      1.54142
      5460.00      1.55196
      5470.00      1.56249
      5480.00      1.57303
      5490.00      1.58357
      5500.00      1.59410
      5510.00      1.60464
      5520.00      1.61518
      5530.00      1.62571
      5540.00      1.63625
      5550.00      1.64679
      5560.00      1.65732
      5570.00      1.66786
      5580.00      1.67840
      5590.00      1.68893
      5600.00      1.69947
      5610.00      1.71001
      5620.00      1.72054
      5630.00      1.73108
      5640.00      1.74162
      5650.00      1.75215
      5660.00      1.76269
      5670.00      1.77323
      5680.00      1.78376
      5690.00      1.79430
      5700.00      1.80484
      5710.00      1.81537
      5720.00      1.82591
      5730.00      1.83645
      5740.00      1.84698
      5750.00      1.85752
      5760.00      1.86917
      5770.00      1.88137
      5780.00      1.89357
      5790.00      1.90577
      5800.00      1.91797
      5810.00      1.93017
      5820.00      1.94237
      5830.00      1.95457
      5840.00      1.96677
      5850.00      1.97897
      5860.00      1.99117
      5870.00      2.00337
      5880.00      2.01557
      5890.00      2.02777
      5900.00      2.03997
      5910.00      2.05217
      5920.00      2.06437
      5930.00      2.07657
      5940.00      2.08877
      5950.00      2.10097
      5960.00      2.11317
      5970.00      2.12537
      5980.00      2.13756
      5990.00      2.14976
      6000.00      2.16196
      6010.00      2.17416
      6020.00      2.18636
      6030.00      2.19856
      6040.00      2.21076
      6050.00      2.22296
      6060.00      2.23516
      6070.00      2.24736
      6080.00      2.25956
      6090.00      2.27176
      6100.00      2.28396
      6110.00      2.29616
      6120.00      2.30836
      6130.00      2.32056
      6140.00      2.33276
      6150.00      2.34682
      6160.00      2.36108
      6170.00      2.37535
      6180.00      2.38961
      6190.00      2.40388
      6200.00      2.41814
      6210.00      2.43240
      6220.00      2.44667
      6230.00      2.46093
      6240.00      2.47520
      6250.00      2.48946
      6260.00      2.50373
      6270.00      2.51799
      6280.00      2.53226
      6290.00      2.54652
      6300.00      2.56079
      6310.00      2.57505
      6320.00      2.58932
      6330.00      2.60358
      6340.00      2.61785
      6350.00      2.63211
      6360.00      2.64638
      6370.00      2.66064
      6380.00      2.67491
      6390.00      2.68917
      6400.00      2.70344
      6410.00      2.71770
      6420.00      2.73197
      6430.00      2.74623
      6440.00      2.76050
      6450.00      2.77476
      6460.00      2.78903
      6470.00      2.80329
      6480.00      2.81756
      6490.00      2.83182
      6500.00      2.84609
      6510.00      2.86035
      6520.00      2.87462
      6530.00      2.88888
      6540.00      2.90315
      6550.00      2.91741
      6560.00      2.93168
      6570.00      2.94594
      6580.00      2.96021
      6590.00      2.97580
      6600.00      2.99261
      6610.00      3.00942
      6620.00      3.02622
      6630.00      3.04303
      6640.00      3.05984
      6650.00      3.07665
      6660.00      3.09345
      6670.00      3.11026
      6680.00      3.12707
      6690.00      3.14388
      6700.00      3.16068
      6710.00      3.17749
      6720.00      3.19430
      6730.00      3.21111
      6740.00      3.22791
      6750.00      3.24472
      6760.00      3.26153
      6770.00      3.27834
      6780.00      3.29514
      6790.00      3.31195
      6800.00      3.32876
      6810.00      3.34556
      6820.00      3.36237
      6830.00      3.37918
      6840.00      3.39599
      6850.00      3.41279
      6860.00      3.42960
      6870.00      3.44641
      6880.00      3.46322
      6890.00      3.48002
      6900.00      3.49683
      6910.00      3.51364
      6920.00      3.53045
      6930.00      3.54725
      6940.00      3.56406
      6950.00      3.58087
      6960.00      3.59767
      6970.00      3.61448
      6980.00      3.63129
      6990.00      3.64810
      7000.00      3.66490
      7010.00      3.68171
      7020.00      3.69852
      7030.00      3.71533
      7040.00      3.73213
      7050.00      3.74894
      7060.00      3.76575
      7070.00      3.78256
      7080.00      3.79936
      7090.00      3.81617
      7100.00      3.83374
      7110.00      3.85377
      7120.00      3.87381
      7130.00      3.89384
      7140.00      3.91387
      7170.00      3.97397
      7180.00      3.99400
      7190.00      4.01404
      7200.00      4.03407
      7210.00      4.05410
      7220.00      4.07414
      7230.00      4.09417
      7240.00      4.11420
      7250.00      4.13424
      7260.00      4.15427
      7270.00      4.17430
      7280.00      4.19433
      7290.00      4.21437
      7300.00      4.23440
      7310.00      4.25443
      7320.00      4.27447
      7330.00      4.29450
      7340.00      4.31453
      7350.00      4.33457
      7360.00      4.35460
      7370.00      4.37463
      7380.00      4.39466
      7390.00      4.41470
      7400.00      4.43473
      7410.00      4.45476
      7430.00      4.49483
      7460.00      4.55493
      7470.00      4.57496
      7480.00      4.59499
      7490.00      4.61503
      7500.00      4.63506
      7510.00      4.65509
      7520.00      4.67513
      7530.00      4.69516
      7540.00      4.71519
      7550.00      4.73522
      7560.00      4.75526
      7570.00      4.77529
      7580.00      4.79532
      7590.00      4.81536
      7600.00      4.83539
      7610.00      4.85542
      7620.00      4.87546
      7630.00      4.89549
      7640.00      4.91552
      7650.00      4.93555
      7660.00      4.95559
      7670.00      4.97562
      7680.00      4.99565
      7690.00      5.01569
      7700.00      5.03689
      7710.00      5.06103
      7720.00      5.08516
      7730.00      5.10930
      7740.00      5.13344
      7750.00      5.15757
      7760.00      5.18171
      7770.00      5.20585
      7780.00      5.22998
      7790.00      5.25412
      7800.00      5.27825
      7810.00      5.30239
      7820.00      5.32653
      7830.00      5.35066
      7840.00      5.37480
      7850.00      5.39894
      7860.00      5.42307
      7870.00      5.44721
      7880.00      5.47134
      7890.00      5.49548
      7900.00      5.51962
      7910.00      5.54375
      7920.00      5.56789
      7930.00      5.59203
      7940.00      5.61616
      7950.00      5.64030
      7960.00      5.66443
      7970.00      5.68857
      7980.00      5.71271
      7990.00      5.73684
      8000.00      5.76098
      8010.00      5.78512
      8020.00      5.80925
      8030.00      5.83339
      8040.00      5.85753
      8050.00      5.88166
      8060.00      5.90580
      8070.00      5.92993
      8080.00      5.95407
      8090.00      5.97821
      8100.00      6.00234
      8110.00      6.02648
      8120.00      6.05062
      8130.00      6.07475
      8170.00      6.17130
      8180.00      6.19543
      8290.00      6.46093
      8300.00      6.48507
      8310.00      6.50921
      8320.00      6.53334
      8330.00      6.55748
      8340.00      6.58161
      8350.00      6.60575
      8360.00      6.62989
      8370.00      6.65402
      8380.00      6.67816
      8390.00      6.70230
      8400.00      6.72643
      8410.00      6.75206
      8420.00      6.78165
      8430.00      6.81125
      8440.00      6.84085
      8450.00      6.87044
      8460.00      6.90004
      8470.00      6.92964
      8480.00      6.95923
      8490.00      6.98883
      8500.00      7.01843
      8510.00      7.04802
      8520.00      7.07762
      8530.00      7.10722
      8540.00      7.13681
      8550.00      7.16641
      8560.00      7.19601
      8570.00      7.22561
      8580.00      7.25520
      8590.00      7.28480
      8600.00      7.31440
      8610.00      7.34399
      8620.00      7.37359
      8630.00      7.40319
      8640.00      7.43278
      8650.00      7.46238
      8660.00      7.49198
      8670.00      7.52157
      8680.00      7.55117
      8690.00      7.58077
      8700.00      7.61036
      8710.00      7.63996
      8720.00      7.66956
      8730.00      7.69915
      8740.00      7.72875
      8750.00      7.75835
      8760.00      7.78795
      8770.00      7.81754
      8780.00      7.84714
      8790.00      7.87674
      8800.00      7.90633
      8810.00      7.93593
      8820.00      7.96553
      8830.00      7.99512
      8840.00      8.02472
      8850.00      8.05432
      8860.00      8.08391
      8870.00      8.11351
      8880.00      8.14311
      8890.00      8.17270
      8900.00      8.20230
      8910.00      8.23190
      8920.00      8.26150
      8930.00      8.29109
      8940.00      8.32069
      8950.00      8.35029
      8960.00      8.37988
      8970.00      8.40948
      8980.00      8.43908
      8990.00      8.46867
      9000.00      8.49827
      9010.00      8.52787
      9020.00      8.55746
      9030.00      8.58706
      9040.00      8.61666
      9050.00      8.64625
      9060.00      8.67585
      9070.00      8.70545
      9080.00      8.73504
      9090.00      8.76464
      9100.00      8.79424
      9110.00      8.82384
      9120.00      8.85343
      9130.00      8.88303
      9140.00      8.91263
      9150.00      8.94222
      9160.00      8.97182
      9170.00      9.00142
      9180.00      9.03101
      9190.00      9.06061
      9200.00      9.09021
      9210.00      9.11980
      9220.00      9.14940
      9230.00      9.17900
      9240.00      9.20860
      9250.00      9.23819
      9260.00      9.26779
      9270.00      9.30349
      9280.00      9.34049
      9290.00      9.37749
      9300.00      9.41449
      9310.00      9.45149
      9320.00      9.48849
      9330.00      9.52549
      9340.00      9.56249
      9350.00      9.59949
      9360.00      9.63649
      9370.00      9.67349
      9380.00      9.71049
      9390.00      9.74749
      9400.00      9.78449
      9410.00      9.82149
      9420.00      9.85849
      9430.00      9.89549
      9440.00      9.93249
      9450.00      9.96949
      9460.00      10.0065
      9470.00      10.0435
      9480.00      10.0805
      9490.00      10.1175
      9500.00      10.1545
      9510.00      10.1915
      9520.00      10.2285
      9530.00      10.2655
      9540.00      10.3025
      9550.00      10.3395
      9560.00      10.3765
      9570.00      10.4135
      9580.00      10.4505
      9590.00      10.4875
      9600.00      10.5245
      9610.00      10.5615
      9620.00      10.5985
      9630.00      10.6355
      9640.00      10.6725
      9650.00      10.7095
      9660.00      10.7465
      9670.00      10.7835
      9680.00      10.8205
      9690.00      10.8575
      9700.00      10.8945
      9710.00      10.9315
      9720.00      10.9685
      9730.00      11.0055
      9740.00      11.0425
      9750.00      11.0795
      9760.00      11.1165
      9770.00      11.1535
      9780.00      11.1905
      9790.00      11.2275
      9800.00      11.2645
      9810.00      11.3015
      9820.00      11.3385
      9830.00      11.3755
      9840.00      11.4125
      9850.00      11.4495
      9860.00      11.4865
      9870.00      11.5235
      9880.00      11.5605
      9890.00      11.5975
      9900.00      11.6345
      9910.00      11.6715
      9920.00      11.7085
      9930.00      11.7455
      9940.00      11.7825
      9950.00      11.8195
      9960.00      11.8565
      9970.00      11.8935
      9980.00      11.9305
      9990.00      11.9675
      10000.0      12.0045
      10010.0      12.0415
      10020.0      12.0785
      10030.0      12.1155
      10040.0      12.1525
      10050.0      12.1895
      10060.0      12.2265
      10070.0      12.2635
      10080.0      12.3005
      10090.0      12.3375
      10100.0      12.3745
      10110.0      12.4115
      10120.0      12.4485
      10130.0      12.4855
      10140.0      12.5225
      10150.0      12.5595
      10160.0      12.5965
      10170.0      12.6335
      10180.0      12.6705
      10190.0      12.7075
      10200.0      12.7445
      10210.0      12.7815
      10220.0      12.8185
      10230.0      12.8555
      10240.0      12.8925
      10250.0      12.9295
      10260.0      12.9665
      10270.0      13.0035
      10280.0      13.0405
      10290.0      13.0775
      10300.0      13.1145
      10310.0      13.1520
      10320.0      13.1993
      10330.0      13.2467
      10340.0      13.2941
      10350.0      13.3414
      10360.0      13.3888
      10370.0      13.4362
      10380.0      13.4836
      10390.0      13.5309
      10400.0      13.5783
      10410.0      13.6257
      10420.0      13.6730
      10430.0      13.7204
      10440.0      13.7678
      10450.0      13.8152
      10460.0      13.8625
      10470.0      13.9099
      10480.0      13.9573
      10490.0      14.0046
      10500.0      14.0520
      10510.0      14.0994
      10520.0      14.1467
      10530.0      14.1941
      10540.0      14.2415
      10550.0      14.2889
      10560.0      14.3362
      10570.0      14.3836
      10580.0      14.4310
      10590.0      14.4783
      10600.0      14.5257
      10610.0      14.5731
      10620.0      14.6205
      10630.0      14.6678
      10640.0      14.7152
      10650.0      14.7626
      10660.0      14.8099
      10670.0      14.8573
      10680.0      14.9047
      10690.0      14.9521
      10700.0      14.9994
      10710.0      15.0468
      10720.0      15.0942
      10730.0      15.1415
      10740.0      15.1889
      10750.0      15.2363
      10760.0      15.2836
      10770.0      15.3310
      10780.0      15.3784
      10790.0      15.4258
      10800.0      15.4731
      10810.0      15.5205
      10820.0      15.5679
      10830.0      15.6152
      10840.0      15.6626
      10850.0      15.7100
      10860.0      15.7574
      10870.0      15.8047
      10880.0      15.8521
      10890.0      15.8995
      10900.0      15.9468
      10910.0      15.9942
      10920.0      16.0416
      10930.0      16.0889
      10940.0      16.1363
      10950.0      16.1837
      10960.0      16.2311
      10970.0      16.2784
      10980.0      16.3258
      10990.0      16.3732
      11000.0      16.4205
      11010.0      16.4679
      11020.0      16.5153
      11030.0      16.5627
      11040.0      16.6100
      11050.0      16.6574
      11060.0      16.7048
      11070.0      16.7521
      11080.0      16.7995
      11090.0      16.8469
      11100.0      16.8942
      11110.0      16.9416
      11120.0      16.9890
      11130.0      17.0364
      11140.0      17.0837
      11150.0      17.1311
      11160.0      17.1785
      11170.0      17.2258
      11180.0      17.2732
      11190.0      17.3206
      11200.0      17.3680
      11210.0      17.4153
      11220.0      17.4627
      11230.0      17.5101
      11240.0      17.5574
      11250.0      17.6048
      11260.0      17.6522
      11270.0      17.6995
      11280.0      17.7469
      11290.0      17.7943
      11300.0      17.8417
      11310.0      17.8890
      11320.0      17.9364
      11330.0      17.9838
      11340.0      18.0311
      11350.0      18.0785
      11360.0      18.1259
      11370.0      18.1733
      11380.0      18.2206
      11390.0      18.2680
      11400.0      18.3154
      11410.0      18.3627
      11420.0      18.4101
      11430.0      18.4575
      11440.0      18.5048
      11450.0      18.5522
      11460.0      18.5996
      11470.0      18.6470
      11480.0      18.6943
      11490.0      18.7417
      11500.0      18.7891
      11510.0      18.8364
      11520.0      18.8838
      11530.0      18.9312
      11540.0      18.9786
      11550.0      19.0259
      11560.0      19.0733
      11570.0      19.1207
      11580.0      19.1680
      11590.0      19.2154
      11600.0      19.2628
      11610.0      19.3102
      11620.0      19.3575
      11630.0      19.4130
      11640.0      19.4758
      11650.0      19.5385
      11660.0      19.6013
      11670.0      19.6641
      11680.0      19.7269
      11690.0      19.7896
      11700.0      19.8524
      11710.0      19.9152
      11720.0      19.9779
      11730.0      20.0407
      11740.0      20.1035
      11750.0      20.1663
      11760.0      20.2290
      11770.0      20.2918
      11780.0      20.3546
      11790.0      20.4174
      11800.0      20.4801
      11810.0      20.5429
      11820.0      20.6057
      11830.0      20.6685
      11840.0      20.7312
      11850.0      20.7940
      11860.0      20.8568
      11870.0      20.9195
      11880.0      20.9823
      11890.0      21.0451
      11900.0      21.1079
      11910.0      21.1706
      11920.0      21.2334
      11930.0      21.2962
      11940.0      21.3590
      11950.0      21.4217
      11960.0      21.4845
      11970.0      21.5473
      11980.0      21.6101
      11990.0      21.6728
      12000.0      21.7356
      12010.0      21.7984
      12020.0      21.8611
      12030.0      21.9239
      12040.0      21.9867
      12050.0      22.0495
      12060.0      22.1122
      12070.0      22.1750
      12080.0      22.2378
      12090.0      22.3006
      12100.0      22.3633
      12110.0      22.4261
      12120.0      22.4889
      12130.0      22.5517
      12140.0      22.6144
      12150.0      22.6772
      12160.0      22.7400
      12170.0      22.8027
      12180.0      22.8655
      12190.0      22.9283
      12200.0      22.9911
      12210.0      23.0538
      12220.0      23.1166
      12230.0      23.1794
      12240.0      23.2422
      12250.0      23.3049
      12260.0      23.3677
      12270.0      23.4305
      12280.0      23.4933
      12290.0      23.5560
      12300.0      23.6188
      12310.0      23.6816
      12320.0      23.7443
      12330.0      23.8071
      12340.0      23.8699
      12350.0      23.9327
      12360.0      23.9954
      12370.0      24.0582
      12380.0      24.1210
      12390.0      24.1838
      12400.0      24.2465
      12410.0      24.3093
      12420.0      24.3721
      12430.0      24.4349
      12440.0      24.4976
      12450.0      24.5604
      12460.0      24.6232
      12470.0      24.6859
      12480.0      24.7487
      12490.0      24.8115
      12500.0      24.8743
      12510.0      24.9370
      12520.0      24.9998
      12530.0      25.0626
      12540.0      25.1254
      12550.0      25.1881
      12560.0      25.2509
      12570.0      25.3137
      12580.0      25.3765
      12590.0      25.4392
      12600.0      25.5020
      12610.0      25.5648
      12620.0      25.6275
      12630.0      25.6903
      12640.0      25.7531
      12650.0      25.8159
      12660.0      25.8786
      12670.0      25.9414
      12680.0      26.0042
      12690.0      26.0670
      12700.0      26.1297
      12710.0      26.1925
      12720.0      26.2553
      12730.0      26.3181
      12740.0      26.3808
      12750.0      26.4436
      12760.0      26.5064
      12770.0      26.5691
      12780.0      26.6319
      12790.0      26.6947
      12800.0      26.7575
      12810.0      26.8202
      12820.0      26.8830
      12830.0      26.9458
      12840.0      27.0086
      12850.0      27.0713
      12860.0      27.1341
      12870.0      27.1969
      12880.0      27.2597
      12890.0      27.3224
      12900.0      27.3852
      12910.0      27.4480
      12920.0      27.5107
      12930.0      27.5735
      12940.0      27.6363
      12950.0      27.6991
      12960.0      27.7618
      12970.0      27.8246
      12980.0      27.8874
      12990.0      27.9502
      13000.0      28.0129
      13010.0      28.0757
      13020.0      28.1385
      13030.0      28.2013
      13040.0      28.2640
      13050.0      28.3268
      13060.0      28.3896
      13070.0      28.4524
      13080.0      28.5151
      13090.0      28.5779
      13100.0      28.6407
      13110.0      28.7034
      13120.0      28.7662
      13130.0      28.8290
      13140.0      28.8918
      13150.0      28.9545
      13160.0      29.0173
      13170.0      29.0801
      13180.0      29.1429
      13190.0      29.2056
      13200.0      29.2684
      13210.0      29.3312
      13220.0      29.3939
      13230.0      29.4567
      13240.0      29.5195
      13250.0      29.5823
      13260.0      29.6450
      13270.0      29.7078
      13280.0      29.7706
      13290.0      29.8334
      13300.0      29.8961
      13310.0      29.9589
      13320.0      30.0217
      13330.0      30.0912
      13340.0      30.1661
      13350.0      30.2411
      13360.0      30.3161
      13370.0      30.3911
      13380.0      30.4661
      13390.0      30.5411
      13400.0      30.6161
      13410.0      30.6911
      13420.0      30.7661
      13430.0      30.8410
      13440.0      30.9160
      13450.0      30.9910
      13460.0      31.0660
      13470.0      31.1410
      13480.0      31.2160
      13490.0      31.2910
      13500.0      31.3660
      13510.0      31.4409
      13520.0      31.5159
      13530.0      31.5909
      13540.0      31.6659
      13550.0      31.7409
      13560.0      31.8159
      13570.0      31.8909
      13580.0      31.9659
      13590.0      32.0408
      13600.0      32.1158
      13610.0      32.1908
      13620.0      32.2658
      13630.0      32.3408
      13640.0      32.4158
      13650.0      32.4908
      13660.0      32.5658
      13670.0      32.6407
      13680.0      32.7157
      13690.0      32.7907
      13700.0      32.8657
      13710.0      32.9407
      13720.0      33.0157
      13730.0      33.0928
      13740.0      33.1730
      13750.0      33.2532
      13760.0      33.3335
      13770.0      33.4137
      13780.0      33.4939
      13790.0      33.5741
      13800.0      33.6543
      13810.0      33.7346
      13820.0      33.8148
      13830.0      33.8950
      13840.0      33.9752
      13850.0      34.0554
      13860.0      34.1357
      13870.0      34.2159
      13880.0      34.2961
      13890.0      34.3763
      13900.0      34.4565
      13910.0      34.5367
      13920.0      34.6170
      13930.0      34.6972
      13940.0      34.7774
      13950.0      34.8576
      13960.0      34.9378
      13970.0      35.0181
      13980.0      35.0983
      13990.0      35.1785
      14000.0      35.2587
      14010.0      35.3389
      14020.0      35.4191
      14030.0      35.4994
      14040.0      35.5796
      14050.0      35.6598
      14060.0      35.7400
      14070.0      35.8202
      14080.0      35.9005
      14090.0      35.9807
      14100.0      36.0609
      14110.0      36.1411
      14120.0      36.2213
      14130.0      36.3016
      14140.0      36.3818
      14150.0      36.4620
      14160.0      36.5465
      14170.0      36.6322
      14180.0      36.7180
      14190.0      36.8037
      14200.0      36.8895
      14210.0      36.9752
      14220.0      37.0610
      14230.0      37.1467
      14240.0      37.2325
      14250.0      37.3182
      14260.0      37.4039
      14270.0      37.4897
      14280.0      37.5754
      14290.0      37.6612
      14300.0      37.7469
      14310.0      37.8327
      14320.0      37.9184
      14330.0      38.0042
      14340.0      38.0899
      14350.0      38.1757
      14360.0      38.2614
      14370.0      38.3471
      14380.0      38.4329
      14390.0      38.5186
      14400.0      38.6044
      14410.0      38.6901
      14420.0      38.7759
      14430.0      38.8616
      14440.0      38.9474
      14450.0      39.0331
      14460.0      39.1189
      14470.0      39.2046
      14480.0      39.2903
      14490.0      39.3761
      14500.0      39.4618
      14510.0      39.5476
      14520.0      39.6333
      14530.0      39.7191
      14540.0      39.8048
      14550.0      39.8906
      14560.0      39.9763
      14570.0      40.0621
      14580.0      40.1478
      14590.0      40.2335
      14600.0      40.3193
      14610.0      40.4078
      14620.0      40.5002
      14630.0      40.5926
      14640.0      40.6850
      14650.0      40.7774
      14660.0      40.8698
      14670.0      40.9622
      14680.0      41.0546
      14690.0      41.1470
      14700.0      41.2394
      14710.0      41.3318
      14720.0      41.4243
      14730.0      41.5167
      14740.0      41.6091
      14750.0      41.7015
      14760.0      41.7939
      14770.0      41.8863
      14780.0      41.9787
      14790.0      42.0711
      14800.0      42.1635
      14810.0      42.2559
      14820.0      42.3484
      14830.0      42.4408
      14840.0      42.5332
      14850.0      42.6256
      14860.0      42.7180
      14870.0      42.8104
      14880.0      42.9028
      14890.0      42.9952
      14900.0      43.0876
      14910.0      43.1800
      14920.0      43.2724
      14930.0      43.3649
      14940.0      43.4573
      14950.0      43.5497
      14960.0      43.6421
      14970.0      43.7345
      14980.0      43.8269
      14990.0      43.9193
      15000.0      44.0117
      15010.0      44.1041
      15020.0      44.1965
      15030.0      44.2889
      15040.0      44.3814
      15050.0      44.4738
      15060.0      44.5662
      15070.0      44.6586
      15080.0      44.7510
      15090.0      44.8437
      15100.0      44.9431
      15110.0      45.0426
      15120.0      45.1420
      15130.0      45.2415
      15140.0      45.3409
      15150.0      45.4404
      15160.0      45.5398
      15170.0      45.6392
      15180.0      45.7387
      15190.0      45.8381
      15200.0      45.9376
      15210.0      46.0370
      15220.0      46.1365
      15230.0      46.2359
      15240.0      46.3354
      15250.0      46.4348
      15260.0      46.5343
      15270.0      46.6337
      15280.0      46.7332
      15290.0      46.8326
      15300.0      46.9321
      15310.0      47.0315
      15320.0      47.1310
      15330.0      47.2304
      15340.0      47.3299
      15350.0      47.4293
      15360.0      47.5288
      15370.0      47.6282
      15380.0      47.7277
      15390.0      47.8271
      15400.0      47.9266
      15410.0      48.0260
      15420.0      48.1255
      15430.0      48.2249
      15440.0      48.3244
      15450.0      48.4238
      15460.0      48.5233
      15470.0      48.6227
      15480.0      48.7222
      15490.0      48.8216
      15500.0      48.9210
      15510.0      49.0205
      15520.0      49.1199
      15530.0      49.2194
      15540.0      49.3188
      15550.0      49.4183
      15560.0      49.5177
      15570.0      49.6172
      15580.0      49.7166
      15590.0      49.8161
      15600.0      49.9155
     15606.48      49.9800
      15610.0     0.000000
      15620.0     0.000000
      15630.0     0.000000
      15640.0     0.000000
      15650.0     0.000000
      15660.0     0.000000
      15670.0     0.000000
      15680.0     0.000000
      15690.0     0.000000
      15700.0     0.000000
      15710.0     0.000000
      15720.0     0.000000
      15730.0     0.000000
      15740.0     0.000000
      15750.0     0.000000
      15760.0     0.000000
      15770.0     0.000000
      15780.0     0.000000
      15790.0     0.000000
      15800.0     0.000000
      15810.0     0.000000
      15820.0     0.000000
      15830.0     0.000000
      15840.0     0.000000
      15850.0     0.000000
      15860.0     0.000000
      15870.0     0.000000
      15880.0     0.000000
      15890.0     0.000000
      15900.0     0.000000
      15910.0     0.000000
      15920.0     0.000000
      15930.0     0.000000
      15940.0     0.000000
      15950.0     0.000000
      15960.0     0.000000
      15970.0     0.000000
      15980.0     0.000000
      15990.0     0.000000
      16000.0     0.000000
      16010.0     0.000000
      16020.0     0.000000
      16030.0     0.000000
      16040.0     0.000000
      16050.0     0.000000
      16060.0     0.000000
      16070.0     0.000000
      16080.0     0.000000
      16090.0     0.000000
      16100.0     0.000000
      16110.0     0.000000
      16120.0     0.000000
      16130.0     0.000000
      16140.0     0.000000
      16150.0     0.000000
      16160.0     0.000000
      16170.0     0.000000
      16180.0     0.000000
      16190.0     0.000000
      16200.0     0.000000
      16210.0     0.000000
      16220.0     0.000000
      16230.0     0.000000
      16240.0     0.000000
      16250.0     0.000000
      16260.0     0.000000
      16270.0     0.000000
      16280.0     0.000000
      16290.0     0.000000
      16300.0     0.000000
      16310.0     0.000000
      16320.0     0.000000
      16330.0     0.000000
      16340.0     0.000000
      16350.0     0.000000
      16360.0     0.000000
      16370.0     0.000000
      16380.0     0.000000
      16390.0     0.000000
      16400.0     0.000000
      16410.0     0.000000
      16420.0     0.000000
      16430.0     0.000000
      16440.0     0.000000
      16450.0     0.000000
      16460.0     0.000000
      16470.0     0.000000
      16480.0     0.000000
      16490.0     0.000000
      16500.0     0.000000
      16510.0     0.000000
      16520.0     0.000000
      16530.0     0.000000
      16540.0     0.000000
      16550.0     0.000000
      16560.0     0.000000
      16570.0     0.000000
      16580.0     0.000000
      16590.0     0.000000
      16600.0     0.000000
      16610.0     0.000000
      16620.0     0.000000
      16630.0     0.000000
      16640.0     0.000000
      16650.0     0.000000
      16660.0     0.000000
      16670.0     0.000000
      16680.0     0.000000
      16690.0     0.000000
      16700.0     0.000000
      16710.0     0.000000
      16720.0     0.000000
      16730.0     0.000000
      16740.0     0.000000
      16750.0     0.000000
      16760.0     0.000000
      16770.0     0.000000
      16780.0     0.000000
      16790.0     0.000000
      16800.0     0.000000
      16810.0     0.000000
      16820.0     0.000000
      16830.0     0.000000
      16840.0     0.000000
      16850.0     0.000000
      16860.0     0.000000
      16870.0     0.000000
      16880.0     0.000000
      16890.0     0.000000
      16900.0     0.000000
      16910.0     0.000000
      16920.0     0.000000
      16930.0     0.000000
      16940.0     0.000000
      16950.0     0.000000
      16960.0     0.000000
      16970.0     0.000000
      16980.0     0.000000
      16990.0     0.000000
      17000.0     0.000000
      17010.0     0.000000
      17020.0     0.000000
      17030.0     0.000000
      17040.0     0.000000
      17050.0     0.000000
      17060.0     0.000000
      17070.0     0.000000
      17080.0     0.000000
      17090.0     0.000000
      17100.0     0.000000
      17110.0     0.000000
      17120.0     0.000000
      17130.0     0.000000
      17140.0     0.000000
      17150.0     0.000000
      17160.0     0.000000
      17170.0     0.000000
      17180.0     0.000000
      17190.0     0.000000
      17200.0     0.000000
      17210.0     0.000000
      17220.0     0.000000
      17230.0     0.000000
      17240.0     0.000000
      17250.0     0.000000
      17260.0     0.000000
      17270.0     0.000000
      17280.0     0.000000
      17290.0     0.000000
      17300.0     0.000000
      17310.0     0.000000
      17320.0     0.000000
      17330.0     0.000000
      17340.0     0.000000
      17350.0     0.000000
      17360.0     0.000000
      17370.0     0.000000
      17380.0     0.000000
      17390.0     0.000000
      17400.0     0.000000
      17410.0     0.000000
      17420.0     0.000000
      17430.0     0.000000
      17440.0     0.000000
      17450.0     0.000000
      17460.0     0.000000
      17470.0     0.000000
      17480.0     0.000000
      17490.0     0.000000
      17500.0     0.000000
      17510.0     0.000000
      17520.0     0.000000
      17530.0     0.000000
      17540.0     0.000000
      17550.0     0.000000
      17560.0     0.000000
      17570.0     0.000000
      17580.0     0.000000
      17590.0     0.000000
      17600.0     0.000000
      17610.0     0.000000
      17620.0     0.000000
      17630.0     0.000000
      17640.0     0.000000
      17650.0     0.000000
      17660.0     0.000000
      17670.0     0.000000
      17680.0     0.000000
      17690.0     0.000000
      17700.0     0.000000
      17710.0     0.000000
      17720.0     0.000000
      17730.0     0.000000
      17740.0     0.000000
      17750.0     0.000000
      17760.0     0.000000
      17770.0     0.000000
      17780.0     0.000000
      17790.0     0.000000
      17800.0     0.000000
      17810.0     0.000000
      17820.0     0.000000
      17830.0     0.000000
      17840.0     0.000000
      17850.0     0.000000
      17860.0     0.000000
      17870.0     0.000000
      17880.0     0.000000
      17890.0     0.000000
      17900.0     0.000000
      17910.0     0.000000
      17920.0     0.000000
      17930.0     0.000000
      17940.0     0.000000
      17950.0     0.000000
      17960.0     0.000000
      17970.0     0.000000
      17980.0     0.000000
      17990.0     0.000000
      18000.0     0.000000
      18010.0     0.000000
      18020.0     0.000000
      18030.0     0.000000
      18040.0     0.000000
      18050.0     0.000000
      18060.0     0.000000
      18070.0     0.000000
      18080.0     0.000000
      18090.0     0.000000
      18100.0     0.000000
      18110.0     0.000000
      18120.0     0.000000
      18130.0     0.000000
      18140.0     0.000000
      18150.0     0.000000
      18160.0     0.000000
      18170.0     0.000000
      18180.0     0.000000
      18190.0     0.000000
      18200.0     0.000000
      18210.0     0.000000
      18220.0     0.000000
      18230.0     0.000000
      18240.0     0.000000
      18250.0     0.000000
      18260.0     0.000000
      18270.0     0.000000
      18280.0     0.000000
      18290.0     0.000000
      18300.0     0.000000
      18310.0     0.000000
      18320.0     0.000000
      18330.0     0.000000
      18340.0     0.000000
      18350.0     0.000000
      18360.0     0.000000
      18370.0     0.000000
      18380.0     0.000000
      18390.0     0.000000
      18400.0     0.000000
      18410.0     0.000000
      18420.0     0.000000
      18430.0     0.000000
      18440.0     0.000000
      18450.0     0.000000
      18460.0     0.000000
      18470.0     0.000000
      18480.0     0.000000
      18490.0     0.000000
      18500.0     0.000000
      18510.0     0.000000
      18520.0     0.000000
      18530.0     0.000000
      18540.0     0.000000
      18550.0     0.000000
      18560.0     0.000000
      18570.0     0.000000
      18580.0     0.000000
      18590.0     0.000000
      18600.0     0.000000
      18610.0     0.000000
      18620.0     0.000000
      18630.0     0.000000
      18640.0     0.000000
      18650.0     0.000000
      18660.0     0.000000
      18670.0     0.000000
      18680.0     0.000000
      18690.0     0.000000
      18700.0     0.000000
      18710.0     0.000000
      18720.0     0.000000
      18730.0     0.000000
      18740.0     0.000000
      18750.0     0.000000
      18760.0     0.000000
      18770.0     0.000000
      18780.0     0.000000
      18790.0     0.000000
      18800.0     0.000000
      18810.0     0.000000
      18820.0     0.000000
      18830.0     0.000000
      18840.0     0.000000
      18850.0     0.000000
      18860.0     0.000000
      18870.0     0.000000
      18880.0     0.000000
      18890.0     0.000000
      18900.0     0.000000
      18910.0     0.000000
      18920.0     0.000000
      18930.0     0.000000
      18940.0     0.000000
      18950.0     0.000000
      18960.0     0.000000
      18970.0     0.000000
      18980.0     0.000000
      18990.0     0.000000
      19000.0     0.000000
      19010.0     0.000000
      19020.0     0.000000
      19030.0     0.000000
      19040.0     0.000000
      19050.0     0.000000
      19060.0     0.000000
      19070.0     0.000000
      19080.0     0.000000
      19090.0     0.000000
      19100.0     0.000000
      19110.0     0.000000
      19120.0     0.000000
      19130.0     0.000000
      19140.0     0.000000
      19150.0     0.000000
      19160.0     0.000000
      19170.0     0.000000
      19180.0     0.000000
      19190.0     0.000000
      19200.0     0.000000
      19210.0     0.000000
      19220.0     0.000000
      19230.0     0.000000
      19240.0     0.000000
      19250.0     0.000000
      19260.0     0.000000
      19270.0     0.000000
      19280.0     0.000000
      19290.0     0.000000
      19300.0     0.000000
      19310.0     0.000000
      19320.0     0.000000
      19330.0     0.000000
      19340.0     0.000000
      19350.0     0.000000
      19360.0     0.000000
      19370.0     0.000000
      19380.0     0.000000
      19390.0     0.000000
      19400.0     0.000000
      19410.0     0.000000
      19420.0     0.000000
      19430.0     0.000000
      19440.0     0.000000
      19450.0     0.000000
      19460.0     0.000000
      19470.0     0.000000
      19480.0     0.000000
      19490.0     0.000000
      19500.0     0.000000
      19510.0     0.000000
      19520.0     0.000000
      19530.0     0.000000
      19540.0     0.000000
      19550.0     0.000000
      19560.0     0.000000
      19570.0     0.000000
      19580.0     0.000000
      19590.0     0.000000
      19600.0     0.000000
      19610.0     0.000000
      19620.0     0.000000
      19630.0     0.000000
      19640.0     0.000000
      19650.0     0.000000
      19660.0     0.000000
      19670.0     0.000000
      19680.0     0.000000
      19690.0     0.000000
      19700.0     0.000000
      19710.0     0.000000
      19720.0     0.000000
      19730.0     0.000000
      19740.0     0.000000
      19750.0     0.000000
      19760.0     0.000000
      19770.0     0.000000
      19780.0     0.000000
      19790.0     0.000000
      19800.0     0.000000
      19810.0     0.000000
      19820.0     0.000000
      19830.0     0.000000
      19840.0     0.000000
      19850.0     0.000000
      19860.0     0.000000
      19870.0     0.000000
      19880.0     0.000000
      19890.0     0.000000
      19900.0     0.000000
      19910.0     0.000000
      19920.0     0.000000
      19930.0     0.000000
      19940.0     0.000000
      19950.0     0.000000
      19960.0     0.000000
      19970.0     0.000000
      19980.0     0.000000
      19990.0     0.000000
      20000.0     0.000000
      30000.0     0.000000
