
12345678901234
 HEII      HE2 4      HE2 5      0

   30     0.000      1.5849E-02  2.5119E-02  3.9811E-02  6.3096E-02   .1000
           .1585       .2512       .3981       .5012       .6310       .7943
           1.000       1.259       1.585       1.995       2.512       3.162
           3.981       5.012       6.310       10.00       15.85       25.12
           39.81       63.10       100.0       158.5       251.2       398.1
 T   6     4.000       4.301       4.602       4.903       5.204       5.505
 E  11     10.50       11.50       12.00       12.50       13.00       13.50
           14.00       14.50       15.00       16.00       17.00

  
 -10.077 -10.079 -10.082 -10.090 -10.111 -10.165 -10.302 -10.660 -11.537 -12.390
 -13.714 -15.029 -15.345 -15.586 -15.820 -16.048 -16.273 -16.496 -16.718 -16.940
 -17.163 -17.612 -18.070 -18.542 -19.026 -19.522 -20.027 -20.537 -21.047 -21.562
  
 -10.225 -10.226 -10.227 -10.230 -10.240 -10.266 -10.333 -10.505 -10.955 -11.380
 -12.054 -13.124 -14.717 -15.610 -15.861 -16.098 -16.329 -16.556 -16.780 -17.004
 -17.226 -17.670 -18.117 -18.572 -19.041 -19.521 -20.012 -20.517 -21.027 -21.537
  
 -10.398 -10.398 -10.399 -10.401 -10.406 -10.420 -10.454 -10.542 -10.761 -10.979
 -11.319 -11.857 -12.710 -14.052 -15.712 -16.134 -16.377 -16.612 -16.842 -17.069
 -17.292 -17.737 -18.180 -18.626 -19.081 -19.546 -20.021 -20.506 -21.007 -21.517
  
 -10.544 -10.544 -10.545 -10.546 -10.548 -10.555 -10.571 -10.614 -10.723 -10.830
 -11.005 -11.273 -11.699 -12.374 -13.444 -15.102 -16.389 -16.653 -16.893 -17.127
 -17.356 -17.806 -18.250 -18.691 -19.136 -19.591 -20.051 -20.521 -21.006 -21.502
  
 -10.674 -10.674 -10.674 -10.675 -10.676 -10.679 -10.687 -10.707 -10.760 -10.813
 -10.896 -11.029 -11.252 -11.587 -12.120 -12.967 -14.308 -16.241 -16.927 -17.173
 -17.411 -17.872 -18.322 -18.768 -19.210 -19.650 -20.101 -20.561 -21.026 -21.506
  
 -10.800 -10.800 -10.800 -10.800 -10.800 -10.801 -10.805 -10.814 -10.839 -10.865
 -10.905 -10.971 -11.075 -11.259 -11.522 -11.942 -12.610 -13.673 -15.350 -17.138
 -17.449 -17.928 -18.389 -18.839 -19.285 -19.730 -20.170 -20.616 -21.071 -21.536
  
 -10.050 -10.052 -10.056 -10.064 -10.086 -10.142 -10.281 -10.632 -11.507 -12.340
 -13.475 -14.114 -14.377 -14.620 -14.854 -15.084 -15.310 -15.535 -15.758 -15.979
 -16.201 -16.647 -17.098 -17.559 -18.034 -18.522 -19.023 -19.534 -20.044 -20.555
  
 -10.198 -10.200 -10.201 -10.206 -10.216 -10.244 -10.314 -10.488 -10.930 -11.357
 -12.031 -13.068 -14.237 -14.642 -14.890 -15.128 -15.361 -15.590 -15.815 -16.039
 -16.261 -16.704 -17.149 -17.599 -18.058 -18.530 -19.016 -19.514 -20.024 -20.534
  
 -10.347 -10.347 -10.348 -10.350 -10.355 -10.369 -10.403 -10.490 -10.710 -10.927
 -11.266 -11.802 -12.647 -13.912 -14.876 -15.158 -15.403 -15.640 -15.871 -16.098
 -16.324 -16.769 -17.212 -17.656 -18.104 -18.562 -19.030 -19.512 -20.012 -20.514
  
 -10.495 -10.495 -10.496 -10.496 -10.499 -10.506 -10.523 -10.565 -10.674 -10.780
 -10.956 -11.224 -11.648 -12.321 -13.379 -14.819 -15.424 -15.676 -15.918 -16.153
 -16.383 -16.836 -17.282 -17.723 -18.166 -18.614 -19.069 -19.536 -20.010 -20.502
  
 -10.643 -10.643 -10.643 -10.644 -10.645 -10.648 -10.656 -10.676 -10.730 -10.782
 -10.865 -10.998 -11.221 -11.556 -12.089 -12.933 -14.247 -15.610 -15.946 -16.194
 -16.433 -16.897 -17.349 -17.796 -18.238 -18.680 -19.126 -19.574 -20.038 -20.518
  
 -10.778 -10.778 -10.778 -10.778 -10.778 -10.779 -10.783 -10.793 -10.818 -10.844
 -10.885 -10.950 -11.055 -11.237 -11.501 -11.921 -12.590 -13.650 -15.245 -16.206
 -16.466 -16.948 -17.412 -17.865 -18.311 -18.755 -19.197 -19.642 -20.092 -20.546
  
 -10.050 -10.052 -10.056 -10.064 -10.085 -10.140 -10.277 -10.625 -11.480 -12.269
 -13.184 -13.633 -13.893 -14.138 -14.373 -14.604 -14.831 -15.056 -15.279 -15.501
 -15.723 -16.167 -16.616 -17.073 -17.543 -18.027 -18.523 -19.029 -19.543 -20.057
  
 -10.196 -10.196 -10.198 -10.202 -10.212 -10.239 -10.307 -10.480 -10.921 -11.341
 -12.000 -12.968 -13.830 -14.155 -14.405 -14.645 -14.878 -15.108 -15.333 -15.558
 -15.780 -16.224 -16.667 -17.115 -17.571 -18.040 -18.521 -19.015 -19.518 -20.027
  
 -10.351 -10.351 -10.352 -10.354 -10.360 -10.374 -10.408 -10.495 -10.715 -10.929
 -11.267 -11.800 -12.629 -13.758 -14.404 -14.671 -14.917 -15.155 -15.386 -15.615
 -15.840 -16.287 -16.730 -17.173 -17.620 -18.074 -18.540 -19.019 -19.512 -20.012
  
 -10.499 -10.499 -10.499 -10.500 -10.503 -10.510 -10.527 -10.570 -10.680 -10.787
 -10.958 -11.227 -11.651 -12.321 -13.354 -14.524 -14.936 -15.188 -15.430 -15.666
 -15.897 -16.351 -16.798 -17.241 -17.683 -18.129 -18.581 -19.044 -19.520 -20.006
  
 -10.646 -10.646 -10.647 -10.647 -10.648 -10.652 -10.660 -10.681 -10.736 -10.789
 -10.873 -11.007 -11.224 -11.561 -12.094 -12.935 -14.194 -15.168 -15.456 -15.704
 -15.944 -16.410 -16.863 -17.311 -17.754 -18.196 -18.641 -19.091 -19.549 -20.021
  
 -10.797 -10.797 -10.798 -10.798 -10.798 -10.800 -10.804 -10.814 -10.841 -10.867
 -10.908 -10.975 -11.080 -11.256 -11.522 -11.944 -12.614 -13.666 -15.102 -15.718
 -15.975 -16.459 -16.923 -17.378 -17.826 -18.270 -18.712 -19.155 -19.604 -20.061
  
 -10.061 -10.063 -10.066 -10.075 -10.096 -10.149 -10.282 -10.616 -11.424 -12.114
 -12.788 -13.150 -13.410 -13.655 -13.892 -14.124 -14.353 -14.579 -14.802 -15.025
 -15.246 -15.690 -16.136 -16.589 -17.055 -17.533 -18.025 -18.527 -19.038 -19.552
  
 -10.198 -10.199 -10.200 -10.205 -10.215 -10.242 -10.310 -10.480 -10.908 -11.317
 -11.941 -12.771 -13.374 -13.670 -13.920 -14.161 -14.396 -14.626 -14.853 -15.078
 -15.301 -15.745 -16.188 -16.634 -17.086 -17.550 -18.026 -18.516 -19.017 -19.525
  
 -10.337 -10.338 -10.338 -10.340 -10.346 -10.359 -10.393 -10.478 -10.694 -10.908
 -11.239 -11.758 -12.543 -13.462 -13.920 -14.184 -14.431 -14.670 -14.903 -15.132
 -15.358 -15.806 -16.250 -16.692 -17.137 -17.588 -18.050 -18.524 -19.011 -19.510
  
 -10.486 -10.486 -10.486 -10.487 -10.489 -10.496 -10.512 -10.555 -10.662 -10.767
 -10.942 -11.206 -11.625 -12.279 -13.244 -14.115 -14.447 -14.700 -14.943 -15.179
 -15.412 -15.867 -16.315 -16.759 -17.201 -17.645 -18.094 -18.553 -19.025 -19.510
  
 -10.639 -10.639 -10.639 -10.640 -10.641 -10.644 -10.653 -10.675 -10.729 -10.783
 -10.867 -11.001 -11.214 -11.550 -12.080 -12.905 -14.035 -14.694 -14.966 -15.215
 -15.456 -15.923 -16.379 -16.827 -17.271 -17.713 -18.156 -18.604 -19.060 -19.528
  
 -10.797 -10.797 -10.797 -10.797 -10.798 -10.799 -10.804 -10.814 -10.842 -10.868
 -10.910 -10.977 -11.083 -11.254 -11.521 -11.943 -12.610 -13.637 -14.808 -15.228
 -15.485 -15.970 -16.436 -16.892 -17.341 -17.786 -18.228 -18.670 -19.116 -19.570
  
 -10.091 -10.093 -10.096 -10.103 -10.123 -10.172 -10.294 -10.597 -11.291 -11.825
 -12.319 -12.656 -12.925 -13.174 -13.412 -13.645 -13.874 -14.101 -14.326 -14.549
 -14.772 -15.216 -15.660 -16.111 -16.570 -17.042 -17.528 -18.027 -18.535 -19.048
  
 -10.225 -10.226 -10.228 -10.232 -10.242 -10.267 -10.332 -10.493 -10.892 -11.264
 -11.804 -12.438 -12.891 -13.183 -13.435 -13.677 -13.913 -14.144 -14.373 -14.599
 -14.823 -15.268 -15.711 -16.155 -16.605 -17.064 -17.535 -18.020 -18.518 -19.024
  
 -10.365 -10.366 -10.366 -10.368 -10.374 -10.387 -10.420 -10.503 -10.712 -10.915
 -11.230 -11.714 -12.395 -13.066 -13.433 -13.697 -13.945 -14.184 -14.419 -14.649
 -14.877 -15.327 -15.771 -16.214 -16.657 -17.105 -17.563 -18.032 -18.515 -19.010
  
 -10.508 -10.508 -10.509 -10.510 -10.512 -10.519 -10.536 -10.578 -10.684 -10.788
 -10.955 -11.213 -11.618 -12.235 -13.056 -13.659 -13.959 -14.212 -14.456 -14.694
 -14.927 -15.384 -15.834 -16.278 -16.721 -17.164 -17.611 -18.066 -18.534 -19.014
  
 -10.653 -10.653 -10.653 -10.653 -10.655 -10.658 -10.666 -10.687 -10.740 -10.792
 -10.875 -11.006 -11.220 -11.548 -12.063 -12.840 -13.747 -14.208 -14.476 -14.727
 -14.969 -15.437 -15.895 -16.345 -16.790 -17.232 -17.673 -18.120 -18.573 -19.037
  
 -10.796 -10.796 -10.796 -10.796 -10.797 -10.798 -10.802 -10.812 -10.838 -10.864
 -10.905 -10.971 -11.075 -11.250 -11.512 -11.927 -12.577 -13.534 -14.401 -14.738
 -14.995 -15.481 -15.949 -16.407 -16.857 -17.303 -17.745 -18.187 -18.631 -19.083
  
 -10.153 -10.154 -10.157 -10.163 -10.179 -10.219 -10.320 -10.566 -11.078 -11.443
 -11.812 -12.136 -12.417 -12.678 -12.926 -13.165 -13.397 -13.626 -13.852 -14.076
 -14.299 -14.743 -15.188 -15.635 -16.090 -16.556 -17.036 -17.530 -18.034 -18.545
  
 -10.267 -10.267 -10.268 -10.272 -10.280 -10.302 -10.358 -10.497 -10.837 -11.135
 -11.540 -11.993 -12.376 -12.678 -12.942 -13.192 -13.431 -13.664 -13.894 -14.121
 -14.346 -14.793 -15.236 -15.680 -16.127 -16.581 -17.047 -17.526 -18.019 -18.522
  
 -10.395 -10.396 -10.396 -10.398 -10.403 -10.415 -10.445 -10.521 -10.710 -10.892
 -11.167 -11.571 -12.095 -12.588 -12.932 -13.206 -13.459 -13.700 -13.936 -14.167
 -14.396 -14.847 -15.294 -15.736 -16.179 -16.625 -17.079 -17.544 -18.022 -18.513
  
 -10.528 -10.528 -10.528 -10.529 -10.532 -10.538 -10.554 -10.594 -10.695 -10.792
 -10.947 -11.186 -11.552 -12.084 -12.718 -13.196 -13.511 -13.779 -14.030 -14.269
 -14.491 -14.902 -15.353 -15.799 -16.241 -16.684 -17.130 -17.582 -18.045 -18.520
  
 -10.667 -10.667 -10.667 -10.667 -10.669 -10.672 -10.680 -10.701 -10.753 -10.803
 -10.883 -11.010 -11.211 -11.523 -12.002 -12.682 -13.374 -13.767 -14.037 -14.279
 -14.506 -14.951 -15.410 -15.862 -16.308 -16.751 -17.193 -17.638 -18.088 -18.549
  
 -10.809 -10.809 -10.810 -10.810 -10.810 -10.812 -10.816 -10.826 -10.853 -10.878
 -10.919 -10.984 -11.087 -11.253 -11.509 -11.911 -12.526 -13.352 -13.970 -14.255
 -14.491 -14.992 -15.461 -15.921 -16.373 -16.820 -17.263 -17.705 -18.149 -18.598
  
 -10.276 -10.276 -10.278 -10.283 -10.294 -10.325 -10.400 -10.574 -10.899 -11.116
 -11.359 -11.621 -11.889 -12.158 -12.415 -12.664 -12.907 -13.144 -13.376 -13.603
 -13.828 -14.273 -14.717 -15.163 -15.614 -16.073 -16.546 -17.033 -17.533 -18.042
  
 -10.364 -10.364 -10.365 -10.367 -10.374 -10.391 -10.435 -10.542 -10.791 -10.991
 -11.247 -11.540 -11.846 -12.145 -12.419 -12.680 -12.932 -13.175 -13.412 -13.643
 -13.870 -14.318 -14.763 -15.207 -15.652 -16.102 -16.562 -17.035 -17.522 -18.022
  
 -10.463 -10.463 -10.463 -10.465 -10.468 -10.478 -10.502 -10.564 -10.716 -10.862
 -11.068 -11.352 -11.703 -12.068 -12.398 -12.685 -12.952 -13.206 -13.449 -13.685
 -13.915 -14.368 -14.816 -15.261 -15.703 -16.148 -16.598 -17.057 -17.530 -18.015
  
 -10.573 -10.573 -10.573 -10.574 -10.575 -10.581 -10.594 -10.628 -10.714 -10.797
 -10.933 -11.128 -11.418 -11.811 -12.256 -12.643 -12.952 -13.223 -13.478 -13.721
 -13.958 -14.419 -14.873 -15.321 -15.764 -16.206 -16.650 -17.099 -17.558 -18.028
  
 -10.699 -10.699 -10.700 -10.700 -10.701 -10.704 -10.711 -10.730 -10.777 -10.823
 -10.895 -11.009 -11.187 -11.457 -11.852 -12.365 -12.857 -13.209 -13.489 -13.748
 -13.993 -14.466 -14.927 -15.381 -15.828 -16.272 -16.714 -17.157 -17.604 -18.061
  
 -10.831 -10.831 -10.831 -10.831 -10.832 -10.833 -10.837 -10.847 -10.872 -10.896
 -10.935 -10.995 -11.091 -11.245 -11.480 -11.841 -12.363 -12.983 -13.447 -13.751
 -14.012 -14.503 -14.975 -15.437 -15.890 -16.339 -16.783 -17.225 -17.667 -18.114
  
 -10.460 -10.460 -10.461 -10.463 -10.472 -10.493 -10.544 -10.658 -10.857 -10.983
 -11.123 -11.281 -11.463 -11.674 -11.910 -12.150 -12.394 -12.644 -12.881 -13.118
 -13.351 -13.806 -14.252 -14.696 -15.143 -15.600 -16.064 -16.543 -17.035 -17.540
  
 -10.520 -10.520 -10.520 -10.522 -10.526 -10.539 -10.571 -10.647 -10.812 -10.936
 -11.084 -11.251 -11.440 -11.658 -11.897 -12.150 -12.410 -12.662 -12.908 -13.148
 -13.385 -13.846 -14.292 -14.736 -15.180 -15.629 -16.083 -16.550 -17.030 -17.523
  
 -10.591 -10.591 -10.591 -10.592 -10.595 -10.602 -10.621 -10.667 -10.778 -10.878
 -11.012 -11.185 -11.388 -11.617 -11.873 -12.144 -12.419 -12.682 -12.936 -13.182
 -13.423 -13.891 -14.341 -14.787 -15.230 -15.674 -16.121 -16.576 -17.042 -17.522
  
 -10.675 -10.675 -10.675 -10.676 -10.677 -10.681 -10.691 -10.718 -10.785 -10.848
 -10.948 -11.087 -11.278 -11.521 -11.803 -12.105 -12.407 -12.689 -12.956 -13.212
 -13.461 -13.937 -14.393 -14.843 -15.288 -15.732 -16.174 -16.621 -17.075 -17.539
  
 -10.771 -10.771 -10.771 -10.771 -10.772 -10.774 -10.780 -10.795 -10.833 -10.870
 -10.928 -11.017 -11.159 -11.358 -11.631 -11.970 -12.330 -12.664 -12.959 -13.232
 -13.490 -13.979 -14.444 -14.899 -15.349 -15.795 -16.237 -16.679 -17.125 -17.577
  
 -10.879 -10.879 -10.879 -10.879 -10.879 -10.880 -10.883 -10.891 -10.912 -10.932
 -10.965 -11.016 -11.097 -11.231 -11.421 -11.702 -12.083 -12.519 -12.911 -13.228
 -13.504 -14.014 -14.488 -14.952 -15.408 -15.858 -16.304 -16.747 -17.188 -17.633
  
 -10.705 -10.705 -10.705 -10.707 -10.711 -10.724 -10.755 -10.822 -10.939 -11.015
 -11.101 -11.197 -11.305 -11.429 -11.574 -11.744 -11.940 -12.155 -12.388 -12.623
 -12.858 -13.329 -13.787 -14.235 -14.680 -15.130 -15.589 -16.060 -16.543 -17.040
  
 -10.736 -10.736 -10.736 -10.737 -10.740 -10.748 -10.769 -10.819 -10.923 -10.999
 -11.089 -11.189 -11.300 -11.424 -11.566 -11.735 -11.934 -12.157 -12.396 -12.632
 -12.880 -13.356 -13.820 -14.269 -14.713 -15.159 -15.610 -16.071 -16.543 -17.029
  
 -10.779 -10.778 -10.779 -10.779 -10.781 -10.785 -10.798 -10.831 -10.907 -10.973
 -11.059 -11.164 -11.283 -11.412 -11.557 -11.725 -11.927 -12.159 -12.403 -12.657
 -12.911 -13.394 -13.861 -14.315 -14.760 -15.203 -15.648 -16.100 -16.560 -17.033
  
 -10.834 -10.834 -10.834 -10.834 -10.835 -10.838 -10.845 -10.865 -10.914 -10.959
 -11.028 -11.120 -11.238 -11.379 -11.534 -11.710 -11.917 -12.153 -12.411 -12.679
 -12.934 -13.431 -13.908 -14.367 -14.814 -15.257 -15.701 -16.146 -16.596 -17.056
  
 -10.903 -10.903 -10.903 -10.903 -10.903 -10.905 -10.909 -10.920 -10.949 -10.977
 -11.020 -11.085 -11.183 -11.311 -11.476 -11.667 -11.884 -12.133 -12.406 -12.684
 -12.953 -13.466 -13.952 -14.419 -14.871 -15.318 -15.762 -16.205 -16.648 -17.097
  
 -10.985 -10.985 -10.985 -10.985 -10.985 -10.986 -10.988 -10.994 -11.011 -11.027
 -11.052 -11.092 -11.154 -11.251 -11.384 -11.568 -11.800 -12.069 -12.364 -12.668
 -12.958 -13.495 -13.993 -14.467 -14.926 -15.378 -15.826 -16.270 -16.712 -17.155
  
 -11.356 -11.356 -11.355 -11.355 -11.355 -11.355 -11.358 -11.364 -11.384 -11.401
 -11.424 -11.454 -11.490 -11.534 -11.586 -11.646 -11.717 -11.800 -11.897 -12.010
 -12.140 -12.464 -12.866 -13.313 -13.768 -14.222 -14.674 -15.126 -15.588 -16.061
  
 -11.348 -11.348 -11.348 -11.348 -11.347 -11.348 -11.351 -11.360 -11.380 -11.398
 -11.424 -11.456 -11.496 -11.541 -11.593 -11.653 -11.723 -11.805 -11.900 -12.008
 -12.135 -12.454 -12.861 -13.318 -13.777 -14.234 -14.685 -15.134 -15.590 -16.057
  
 -11.334 -11.333 -11.333 -11.333 -11.333 -11.334 -11.337 -11.346 -11.368 -11.386
 -11.413 -11.448 -11.491 -11.540 -11.594 -11.655 -11.727 -11.809 -11.903 -12.010
 -12.134 -12.453 -12.869 -13.337 -13.806 -14.265 -14.717 -15.162 -15.612 -16.070
  
 -11.325 -11.325 -11.325 -11.325 -11.325 -11.326 -11.328 -11.336 -11.355 -11.373
 -11.399 -11.433 -11.478 -11.531 -11.589 -11.654 -11.728 -11.812 -11.907 -12.013
 -12.136 -12.456 -12.884 -13.364 -13.847 -14.309 -14.762 -15.207 -15.651 -16.101
  
 -11.332 -11.332 -11.332 -11.332 -11.332 -11.333 -11.335 -11.340 -11.354 -11.367
 -11.388 -11.418 -11.458 -11.512 -11.575 -11.646 -11.725 -11.813 -11.909 -12.016
 -12.138 -12.459 -12.904 -13.396 -13.886 -14.359 -14.816 -15.261 -15.704 -16.148
  
 -11.358 -11.358 -11.358 -11.358 -11.358 -11.358 -11.359 -11.362 -11.371 -11.380
 -11.393 -11.414 -11.445 -11.490 -11.550 -11.625 -11.711 -11.806 -11.908 -12.017
 -12.138 -12.461 -12.915 -13.433 -13.929 -14.410 -14.871 -15.320 -15.764 -16.206
  
 -12.032 -12.031 -12.031 -12.030 -12.029 -12.028 -12.029 -12.029 -12.031 -12.032
 -12.033 -12.035 -12.038 -12.043 -12.050 -12.061 -12.076 -12.097 -12.126 -12.161
 -12.206 -12.323 -12.491 -12.722 -13.026 -13.404 -13.832 -14.280 -14.731 -15.183
  
 -12.058 -12.058 -12.057 -12.057 -12.056 -12.055 -12.054 -12.056 -12.056 -12.058
 -12.059 -12.062 -12.065 -12.069 -12.076 -12.087 -12.102 -12.123 -12.151 -12.186
 -12.228 -12.339 -12.495 -12.709 -12.997 -13.365 -13.791 -14.239 -14.694 -15.148
  
 -12.052 -12.051 -12.051 -12.051 -12.050 -12.049 -12.048 -12.048 -12.051 -12.051
 -12.053 -12.056 -12.060 -12.065 -12.074 -12.086 -12.104 -12.127 -12.157 -12.194
 -12.237 -12.347 -12.499 -12.706 -12.987 -13.354 -13.786 -14.240 -14.697 -15.149
  
 -12.025 -12.024 -12.024 -12.024 -12.023 -12.023 -12.022 -12.022 -12.023 -12.025
 -12.027 -12.030 -12.036 -12.043 -12.055 -12.070 -12.092 -12.119 -12.153 -12.193
 -12.238 -12.350 -12.504 -12.708 -12.986 -13.359 -13.802 -14.262 -14.722 -15.175
  
 -11.991 -11.991 -11.991 -11.990 -11.990 -11.990 -11.990 -11.989 -11.990 -11.992
 -11.995 -11.999 -12.003 -12.013 -12.027 -12.048 -12.074 -12.108 -12.146 -12.188
 -12.235 -12.351 -12.508 -12.712 -12.990 -13.372 -13.829 -14.298 -14.764 -15.217
  
 -11.951 -11.951 -11.951 -11.951 -11.951 -11.951 -11.951 -11.951 -11.952 -11.954
 -11.957 -11.962 -11.970 -11.981 -11.999 -12.024 -12.056 -12.095 -12.138 -12.183
 -12.231 -12.351 -12.514 -12.718 -12.996 -13.386 -13.862 -14.342 -14.812 -15.268


 HEII      HE2 4      HE2 6      0

   30     0.000      1.5849E-02  2.5119E-02  3.9811E-02  6.3096E-02   .1000
           .1585       .2512       .3162       .3981       .5012       .6310
           .7943       1.000       1.259       1.585       1.995       2.512
           3.162       3.981       6.310       10.00       15.85       25.12
           39.81       63.10       100.0       158.5       251.2       398.1
 T   6     4.000       4.301       4.602       4.903       5.204       5.505
 E  11     10.50       11.50       12.00       12.50       13.00       13.50
           14.00       14.50       15.00       16.00       17.00

  
 -10.239 -10.244 -10.253 -10.274 -10.327 -10.459 -10.793 -11.629 -12.438 -13.671
 -14.783 -15.092 -15.340 -15.580 -15.815 -16.048 -16.280 -16.512 -16.744 -16.979
 -17.453 -17.938 -18.434 -18.937 -19.449 -19.964 -20.474 -20.989 -21.509 -22.024
  
 -10.388 -10.391 -10.395 -10.406 -10.432 -10.499 -10.665 -11.084 -11.491 -12.136
 -13.150 -14.602 -15.348 -15.606 -15.850 -16.088 -16.321 -16.554 -16.785 -17.016
 -17.481 -17.953 -18.435 -18.928 -19.429 -19.934 -20.444 -20.959 -21.474 -21.984
  
 -10.539 -10.540 -10.543 -10.548 -10.561 -10.594 -10.678 -10.887 -11.091 -11.414
 -11.925 -12.734 -14.000 -15.475 -15.871 -16.121 -16.362 -16.598 -16.831 -17.062
 -17.523 -17.986 -18.455 -18.935 -19.423 -19.924 -20.429 -20.934 -21.444 -21.954
  
 -10.690 -10.691 -10.692 -10.695 -10.701 -10.718 -10.760 -10.865 -10.966 -11.128
 -11.384 -11.789 -12.431 -13.447 -14.999 -16.120 -16.389 -16.635 -16.874 -17.109
 -17.572 -18.032 -18.493 -18.961 -19.438 -19.923 -20.419 -20.924 -21.429 -21.934
  
 -10.841 -10.841 -10.842 -10.843 -10.846 -10.855 -10.876 -10.928 -10.979 -11.060
 -11.188 -11.390 -11.712 -12.221 -13.028 -14.301 -16.060 -16.654 -16.907 -17.150
 -17.622 -18.084 -18.543 -19.005 -19.468 -19.938 -20.423 -20.919 -21.419 -21.924
  
 -10.991 -10.991 -10.992 -10.992 -10.994 -10.998 -11.009 -11.035 -11.060 -11.101
 -11.165 -11.266 -11.427 -11.681 -12.085 -12.725 -13.738 -15.324 -16.872 -17.174
 -17.664 -18.135 -18.597 -19.057 -19.517 -19.978 -20.448 -20.928 -21.419 -21.919
  
 -10.242 -10.248 -10.256 -10.277 -10.329 -10.460 -10.788 -11.604 -12.366 -13.321
 -13.848 -14.118 -14.368 -14.609 -14.845 -15.078 -15.310 -15.541 -15.771 -16.003
 -16.471 -16.949 -17.438 -17.938 -18.445 -18.957 -19.472 -19.990 -20.502 -21.022
  
 -10.392 -10.394 -10.399 -10.409 -10.435 -10.501 -10.667 -11.082 -11.483 -12.113
 -13.057 -14.007 -14.375 -14.630 -14.876 -15.114 -15.348 -15.581 -15.811 -16.042
 -16.503 -16.970 -17.445 -17.932 -18.429 -18.933 -19.442 -19.952 -20.470 -20.980
  
 -10.542 -10.543 -10.545 -10.550 -10.564 -10.597 -10.680 -10.888 -11.091 -11.411
 -11.918 -12.710 -13.839 -14.608 -14.891 -15.142 -15.385 -15.622 -15.856 -16.087
 -16.547 -17.007 -17.472 -17.945 -18.429 -18.924 -19.425 -19.930 -20.440 -20.950
  
 -10.692 -10.693 -10.694 -10.696 -10.703 -10.719 -10.761 -10.865 -10.967 -11.128
 -11.383 -11.786 -12.424 -13.413 -14.649 -15.149 -15.408 -15.655 -15.896 -16.132
 -16.595 -17.055 -17.514 -17.978 -18.449 -18.930 -19.421 -19.920 -20.429 -20.930
  
 -10.842 -10.842 -10.842 -10.844 -10.847 -10.855 -10.876 -10.928 -10.979 -11.060
 -11.188 -11.390 -11.711 -12.218 -13.019 -14.239 -15.352 -15.670 -15.924 -16.168
 -16.642 -17.106 -17.566 -18.024 -18.485 -18.954 -19.432 -19.919 -20.419 -20.920
  
 -10.991 -10.991 -10.992 -10.992 -10.994 -10.998 -11.008 -11.035 -11.060 -11.100
 -11.164 -11.266 -11.426 -11.681 -12.084 -12.721 -13.726 -15.165 -15.924 -16.189
 -16.681 -17.154 -17.618 -18.077 -18.535 -18.995 -19.461 -19.935 -20.419 -20.919
  
 -10.252 -10.257 -10.265 -10.285 -10.335 -10.462 -10.779 -11.554 -12.235 -12.962
 -13.364 -13.632 -13.883 -14.124 -14.361 -14.594 -14.826 -15.057 -15.287 -15.518
 -15.984 -16.458 -16.943 -17.439 -17.944 -18.455 -18.970 -19.486 -20.001 -20.519
  
 -10.396 -10.399 -10.403 -10.413 -10.439 -10.503 -10.666 -11.071 -11.461 -12.061
 -12.892 -13.569 -13.886 -14.142 -14.389 -14.628 -14.863 -15.096 -15.326 -15.557
 -16.017 -16.482 -16.954 -17.437 -17.930 -18.433 -18.941 -19.453 -19.964 -20.479
  
 -10.543 -10.544 -10.546 -10.551 -10.564 -10.597 -10.679 -10.885 -11.085 -11.401
 -11.896 -12.652 -13.600 -14.129 -14.402 -14.654 -14.897 -15.135 -15.369 -15.601
 -16.061 -16.520 -16.984 -17.454 -17.934 -18.425 -18.926 -19.432 -19.942 -20.454
  
 -10.692 -10.693 -10.694 -10.697 -10.703 -10.720 -10.761 -10.865 -10.966 -11.125
 -11.378 -11.777 -12.403 -13.341 -14.288 -14.659 -14.918 -15.166 -15.407 -15.643
 -16.108 -16.568 -17.027 -17.489 -17.957 -18.435 -18.923 -19.421 -19.925 -20.434
  
 -10.843 -10.843 -10.844 -10.845 -10.848 -10.856 -10.877 -10.929 -10.980 -11.060
 -11.187 -11.389 -11.708 -12.211 -12.999 -14.121 -14.892 -15.178 -15.433 -15.678
 -16.153 -16.618 -17.077 -17.535 -17.996 -18.462 -18.938 -19.423 -19.919 -20.419
  
 -10.993 -10.993 -10.993 -10.994 -10.996 -11.000 -11.010 -11.036 -11.062 -11.102
 -11.166 -11.267 -11.427 -11.681 -12.082 -12.716 -13.700 -14.930 -15.434 -15.696
 -16.190 -16.664 -17.129 -17.588 -18.046 -18.506 -18.970 -19.443 -19.925 -20.419
  
 -10.277 -10.281 -10.289 -10.307 -10.352 -10.466 -10.749 -11.403 -11.919 -12.423
 -12.784 -13.075 -13.348 -13.609 -13.862 -14.108 -14.344 -14.575 -14.805 -15.036
 -15.499 -15.969 -16.449 -16.941 -17.443 -17.953 -18.467 -18.983 -19.501 -20.019
  
 -10.410 -10.413 -10.416 -10.426 -10.450 -10.511 -10.662 -11.037 -11.388 -11.901
 -12.530 -13.021 -13.345 -13.623 -13.886 -14.138 -14.378 -14.612 -14.843 -15.073
 -15.533 -15.995 -16.464 -16.942 -17.433 -17.932 -18.439 -18.951 -19.464 -19.977
  
 -10.550 -10.551 -10.553 -10.558 -10.570 -10.602 -10.680 -10.878 -11.068 -11.366
 -11.824 -12.480 -13.179 -13.600 -13.892 -14.160 -14.409 -14.648 -14.883 -15.115
 -15.576 -16.035 -16.496 -16.963 -17.440 -17.928 -18.426 -18.931 -19.439 -19.950
  
 -10.693 -10.694 -10.695 -10.697 -10.703 -10.719 -10.760 -10.861 -10.959 -11.115
 -11.359 -11.743 -12.331 -13.139 -13.817 -14.159 -14.426 -14.677 -14.918 -15.155
 -15.622 -16.082 -16.540 -17.000 -17.465 -17.940 -18.425 -18.921 -19.424 -19.930
  
 -10.839 -10.840 -10.840 -10.841 -10.845 -10.853 -10.873 -10.925 -10.974 -11.054
 -11.179 -11.377 -11.689 -12.179 -12.924 -13.859 -14.404 -14.686 -14.942 -15.187
 -15.665 -16.131 -16.591 -17.048 -17.507 -17.972 -18.443 -18.926 -19.419 -19.919
  
 -10.988 -10.988 -10.988 -10.989 -10.991 -10.995 -11.005 -11.031 -11.056 -11.096
 -11.159 -11.259 -11.418 -11.669 -12.065 -12.686 -13.614 -14.560 -14.941 -15.203
 -15.699 -16.174 -16.640 -17.101 -17.559 -18.017 -18.479 -18.949 -19.428 -19.919
  
 -10.354 -10.356 -10.362 -10.375 -10.410 -10.497 -10.714 -11.192 -11.554 -11.925
 -12.242 -12.523 -12.793 -13.057 -13.317 -13.573 -13.825 -14.073 -14.317 -14.555
 -15.016 -15.483 -15.958 -16.445 -16.944 -17.451 -17.964 -18.481 -18.999 -19.517
  
 -10.461 -10.463 -10.466 -10.474 -10.494 -10.545 -10.672 -10.982 -11.262 -11.650
 -12.098 -12.485 -12.795 -13.074 -13.344 -13.605 -13.860 -14.109 -14.353 -14.591
 -15.050 -15.511 -15.976 -16.451 -16.937 -17.433 -17.938 -18.448 -18.961 -19.475
  
 -10.582 -10.583 -10.585 -10.589 -10.600 -10.629 -10.699 -10.875 -11.044 -11.302
 -11.684 -12.189 -12.689 -13.054 -13.348 -13.624 -13.888 -14.142 -14.391 -14.631
 -15.092 -15.551 -16.010 -16.475 -16.948 -17.432 -17.926 -18.429 -18.937 -19.448
  
 -10.714 -10.714 -10.715 -10.717 -10.723 -10.738 -10.776 -10.870 -10.962 -11.107
 -11.331 -11.676 -12.180 -12.796 -13.286 -13.615 -13.898 -14.165 -14.422 -14.668
 -15.136 -15.597 -16.055 -16.514 -16.978 -17.449 -17.930 -18.422 -18.923 -19.429
  
 -10.852 -10.852 -10.853 -10.854 -10.857 -10.865 -10.884 -10.934 -10.981 -11.057
 -11.176 -11.365 -11.659 -12.110 -12.756 -13.445 -13.871 -14.169 -14.441 -14.697
 -15.176 -15.643 -16.105 -16.562 -17.021 -17.483 -17.952 -18.431 -18.921 -19.419
  
 -10.995 -10.995 -10.995 -10.996 -10.997 -11.001 -11.011 -11.037 -11.061 -11.100
 -11.162 -11.259 -11.413 -11.656 -12.036 -12.617 -13.415 -14.088 -14.434 -14.709
 -15.208 -15.685 -16.152 -16.614 -17.072 -17.530 -17.990 -18.457 -18.934 -19.421
  
 -10.532 -10.531 -10.532 -10.537 -10.552 -10.592 -10.706 -10.976 -11.208 -11.489
 -11.764 -12.014 -12.261 -12.510 -12.760 -13.012 -13.266 -13.521 -13.774 -14.027
 -14.523 -15.001 -15.472 -15.954 -16.446 -16.950 -17.462 -17.977 -18.495 -19.015
  
 -10.587 -10.587 -10.588 -10.592 -10.604 -10.635 -10.714 -10.915 -11.094 -11.350
 -11.666 -11.980 -12.261 -12.525 -12.786 -13.045 -13.302 -13.559 -13.813 -14.065
 -14.558 -15.029 -15.493 -15.963 -16.443 -16.935 -17.438 -17.946 -18.459 -18.973
  
 -10.667 -10.667 -10.668 -10.671 -10.679 -10.700 -10.752 -10.882 -11.008 -11.195
 -11.466 -11.820 -12.192 -12.513 -12.797 -13.069 -13.335 -13.596 -13.853 -14.106
 -14.599 -15.069 -15.528 -15.990 -16.459 -16.939 -17.429 -17.929 -18.435 -18.945
  
 -10.769 -10.769 -10.770 -10.772 -10.777 -10.789 -10.820 -10.898 -10.973 -11.094
 -11.274 -11.545 -11.923 -12.365 -12.753 -13.067 -13.349 -13.621 -13.885 -14.143
 -14.641 -15.113 -15.572 -16.030 -16.491 -16.959 -17.437 -17.925 -18.423 -18.927
  
 -10.887 -10.888 -10.888 -10.889 -10.892 -10.899 -10.916 -10.960 -11.002 -11.069
 -11.174 -11.340 -11.592 -11.965 -12.459 -12.953 -13.321 -13.619 -13.899 -14.167
 -14.677 -15.157 -15.619 -16.078 -16.536 -16.996 -17.462 -17.938 -18.424 -18.920
  
 -11.017 -11.017 -11.018 -11.018 -11.020 -11.023 -11.033 -11.056 -11.079 -11.115
 -11.172 -11.262 -11.405 -11.625 -11.964 -12.459 -13.064 -13.554 -13.888 -14.175
 -14.706 -15.196 -15.664 -16.127 -16.586 -17.044 -17.503 -17.968 -18.441 -18.925
  
 -10.853 -10.850 -10.848 -10.843 -10.834 -10.822 -10.821 -10.897 -10.998 -11.153
 -11.359 -11.598 -11.857 -12.120 -12.379 -12.632 -12.880 -13.124 -13.363 -13.598
 -14.060 -14.522 -14.989 -15.465 -15.951 -16.450 -16.959 -17.474 -17.992 -18.512
  
 -10.847 -10.845 -10.844 -10.843 -10.842 -10.843 -10.856 -10.918 -10.993 -11.119
 -11.308 -11.554 -11.830 -12.110 -12.383 -12.645 -12.899 -13.147 -13.389 -13.626
 -14.090 -14.550 -15.011 -15.477 -15.953 -16.439 -16.938 -17.443 -17.956 -18.470
  
 -10.863 -10.862 -10.862 -10.862 -10.863 -10.870 -10.889 -10.943 -11.006 -11.100
 -11.250 -11.472 -11.760 -12.073 -12.372 -12.652 -12.916 -13.171 -13.419 -13.659
 -14.126 -14.588 -15.046 -15.506 -15.972 -16.447 -16.932 -17.429 -17.933 -18.443
  
 -10.907 -10.907 -10.907 -10.907 -10.909 -10.915 -10.932 -10.977 -11.021 -11.099
 -11.207 -11.378 -11.628 -11.957 -12.313 -12.636 -12.920 -13.189 -13.444 -13.690
 -14.165 -14.629 -15.089 -15.547 -16.006 -16.472 -16.944 -17.429 -17.923 -18.426
  
 -10.980 -10.980 -10.980 -10.980 -10.982 -10.986 -10.998 -11.029 -11.060 -11.108
 -11.184 -11.306 -11.487 -11.756 -12.122 -12.531 -12.890 -13.187 -13.458 -13.713
 -14.199 -14.670 -15.134 -15.594 -16.052 -16.511 -16.974 -17.446 -17.928 -18.420
  
 -11.078 -11.078 -11.078 -11.079 -11.080 -11.083 -11.090 -11.109 -11.128 -11.157
 -11.204 -11.277 -11.396 -11.573 -11.843 -12.229 -12.701 -13.125 -13.447 -13.721
 -14.226 -14.707 -15.177 -15.641 -16.101 -16.559 -17.017 -17.479 -17.949 -18.428
  
 -11.280 -11.277 -11.274 -11.266 -11.247 -11.210 -11.143 -11.092 -11.091 -11.123
 -11.195 -11.308 -11.463 -11.654 -11.874 -12.114 -12.362 -12.610 -12.857 -13.100
 -13.579 -14.046 -14.511 -14.981 -15.462 -15.954 -16.458 -16.970 -17.487 -18.008
  
 -11.249 -11.248 -11.246 -11.241 -11.231 -11.209 -11.171 -11.121 -11.114 -11.132
 -11.189 -11.293 -11.444 -11.635 -11.862 -12.110 -12.366 -12.622 -12.874 -13.121
 -13.604 -14.072 -14.532 -14.997 -15.467 -15.948 -16.440 -16.942 -17.452 -17.966
  
 -11.212 -11.211 -11.210 -11.208 -11.204 -11.194 -11.177 -11.154 -11.147 -11.158
 -11.197 -11.281 -11.420 -11.612 -11.842 -12.101 -12.371 -12.636 -12.895 -13.147
 -13.636 -14.106 -14.566 -15.026 -15.490 -15.959 -16.439 -16.931 -17.432 -17.940
  
 -11.189 -11.188 -11.188 -11.187 -11.185 -11.183 -11.179 -11.177 -11.180 -11.194
 -11.224 -11.286 -11.398 -11.572 -11.806 -12.080 -12.363 -12.643 -12.912 -13.171
 -13.670 -14.145 -14.607 -15.067 -15.525 -15.987 -16.456 -16.935 -17.425 -17.925
  
 -11.193 -11.192 -11.191 -11.191 -11.191 -11.191 -11.193 -11.200 -11.209 -11.225
 -11.253 -11.308 -11.391 -11.529 -11.737 -12.014 -12.326 -12.631 -12.918 -13.188
 -13.700 -14.182 -14.650 -15.111 -15.569 -16.027 -16.488 -16.957 -17.434 -17.923
  
 -11.227 -11.227 -11.227 -11.227 -11.227 -11.227 -11.230 -11.239 -11.248 -11.264
 -11.288 -11.328 -11.400 -11.500 -11.659 -11.896 -12.214 -12.569 -12.898 -13.189
 -13.723 -14.217 -14.690 -15.156 -15.617 -16.075 -16.533 -16.993 -17.460 -17.936
  
 -11.684 -11.682 -11.680 -11.675 -11.665 -11.641 -11.588 -11.512 -11.469 -11.433
 -11.410 -11.410 -11.442 -11.512 -11.619 -11.759 -11.928 -12.121 -12.335 -12.567
 -13.041 -13.518 -13.999 -14.483 -14.973 -15.467 -15.960 -16.467 -16.982 -17.502
  
 -11.692 -11.691 -11.690 -11.686 -11.677 -11.657 -11.616 -11.536 -11.493 -11.451
 -11.422 -11.414 -11.438 -11.501 -11.604 -11.744 -11.915 -12.113 -12.334 -12.571
 -13.049 -13.524 -13.998 -14.474 -14.954 -15.440 -15.947 -16.444 -16.950 -17.463
  
 -11.668 -11.667 -11.666 -11.664 -11.658 -11.643 -11.613 -11.556 -11.509 -11.469
 -11.437 -11.422 -11.438 -11.493 -11.590 -11.730 -11.905 -12.109 -12.337 -12.582
 -13.071 -13.552 -14.028 -14.501 -14.976 -15.454 -15.951 -16.437 -16.933 -17.438
  
 -11.619 -11.618 -11.618 -11.617 -11.613 -11.605 -11.587 -11.552 -11.525 -11.487
 -11.459 -11.442 -11.447 -11.491 -11.580 -11.717 -11.892 -12.104 -12.341 -12.595
 -13.099 -13.588 -14.067 -14.541 -15.012 -15.484 -15.971 -16.446 -16.930 -17.426
  
 -11.566 -11.566 -11.565 -11.565 -11.563 -11.559 -11.551 -11.535 -11.522 -11.506
 -11.489 -11.473 -11.474 -11.503 -11.574 -11.698 -11.875 -12.090 -12.338 -12.603
 -13.127 -13.627 -14.112 -14.588 -15.058 -15.526 -16.006 -16.471 -16.944 -17.428
  
 -11.530 -11.530 -11.529 -11.529 -11.528 -11.526 -11.523 -11.519 -11.515 -11.511
 -11.507 -11.506 -11.512 -11.534 -11.585 -11.683 -11.843 -12.061 -12.321 -12.599
 -13.149 -13.664 -14.158 -14.638 -15.108 -15.575 -16.051 -16.510 -16.973 -17.445
  
 -12.306 -12.304 -12.304 -12.302 -12.301 -12.300 -12.297 -12.292 -12.286 -12.276
 -12.261 -12.239 -12.210 -12.176 -12.142 -12.110 -12.087 -12.080 -12.097 -12.146
 -12.347 -12.662 -13.067 -13.527 -13.999 -14.482 -14.975 -15.475 -15.983 -16.489
  
 -12.369 -12.369 -12.368 -12.367 -12.366 -12.364 -12.361 -12.349 -12.342 -12.331
 -12.314 -12.289 -12.257 -12.219 -12.178 -12.140 -12.108 -12.093 -12.101 -12.143
 -12.332 -12.642 -13.046 -13.506 -13.978 -14.460 -14.950 -15.448 -15.952 -16.456
  
 -12.419 -12.419 -12.418 -12.417 -12.416 -12.414 -12.409 -12.400 -12.387 -12.374
 -12.354 -12.326 -12.289 -12.245 -12.198 -12.152 -12.115 -12.093 -12.096 -12.134
 -12.320 -12.633 -13.047 -13.511 -13.981 -14.455 -14.935 -15.422 -15.917 -16.437
  
 -12.459 -12.459 -12.458 -12.458 -12.456 -12.454 -12.449 -12.437 -12.427 -12.407
 -12.384 -12.352 -12.311 -12.261 -12.207 -12.155 -12.113 -12.087 -12.087 -12.122
 -12.309 -12.631 -13.057 -13.532 -14.006 -14.481 -14.958 -15.438 -15.925 -16.434
  
 -12.480 -12.480 -12.480 -12.480 -12.479 -12.476 -12.471 -12.458 -12.447 -12.431
 -12.407 -12.368 -12.324 -12.271 -12.213 -12.156 -12.108 -12.079 -12.077 -12.111
 -12.300 -12.631 -13.072 -13.560 -14.042 -14.519 -14.994 -15.469 -15.948 -16.446
  
 -12.470 -12.470 -12.470 -12.470 -12.469 -12.467 -12.462 -12.452 -12.442 -12.427
 -12.405 -12.375 -12.326 -12.275 -12.217 -12.158 -12.107 -12.074 -12.070 -12.101
 -12.291 -12.632 -13.089 -13.592 -14.083 -14.564 -15.040 -15.511 -15.984 -16.473
  
 -12.878 -12.877 -12.876 -12.875 -12.874 -12.875 -12.874 -12.875 -12.875 -12.875
 -12.874 -12.872 -12.870 -12.867 -12.863 -12.856 -12.845 -12.829 -12.806 -12.777
 -12.723 -12.701 -12.761 -12.950 -13.258 -13.655 -14.115 -14.588 -15.068 -15.554
  
 -12.958 -12.957 -12.956 -12.955 -12.954 -12.954 -12.954 -12.954 -12.954 -12.954
 -12.954 -12.953 -12.951 -12.948 -12.945 -12.939 -12.930 -12.915 -12.893 -12.866
 -12.806 -12.761 -12.785 -12.936 -13.209 -13.579 -14.024 -14.492 -14.973 -15.465
  
 -13.016 -13.015 -13.014 -13.014 -13.013 -13.012 -13.011 -13.012 -13.011 -13.011
 -13.011 -13.010 -13.008 -13.006 -13.002 -12.996 -12.986 -12.970 -12.947 -12.917
 -12.848 -12.788 -12.794 -12.927 -13.187 -13.548 -13.989 -14.454 -14.934 -15.426
  
 -13.064 -13.064 -13.064 -13.063 -13.062 -13.061 -13.060 -13.060 -13.060 -13.059
 -13.058 -13.058 -13.056 -13.053 -13.048 -13.041 -13.029 -13.010 -12.983 -12.948
 -12.868 -12.795 -12.790 -12.917 -13.176 -13.542 -13.986 -14.449 -14.922 -15.405
  
 -13.111 -13.111 -13.111 -13.110 -13.110 -13.109 -13.108 -13.106 -13.106 -13.106
 -13.105 -13.103 -13.100 -13.097 -13.091 -13.081 -13.066 -13.043 -13.010 -12.969
 -12.874 -12.790 -12.779 -12.906 -13.170 -13.547 -14.001 -14.469 -14.942 -15.422
  
 -13.163 -13.163 -13.163 -13.163 -13.162 -13.162 -13.161 -13.159 -13.158 -13.157
 -13.156 -13.153 -13.146 -13.141 -13.132 -13.119 -13.100 -13.071 -13.032 -12.984
 -12.872 -12.779 -12.765 -12.895 -13.168 -13.559 -14.026 -14.501 -14.977 -15.454
 

 HEII      HE2 4      HE2 7      0

   36     0.000      1.5849E-03  2.5119E-03  3.9811E-03  6.3096E-03  1.0000E-02
          1.5849E-02  2.5119E-02  3.9811E-02  6.3096E-02   .1000       .1585
           .1995       .2512       .3162       .3981       .5012       .6310
           .7943       1.000       1.259       1.585       1.995       2.512
           3.162       3.981       6.310       10.00       15.85       25.12
           39.81       63.10       100.0       158.5       251.2       398.1
 T   6     4.000       4.301       4.602       4.903       5.204       5.505
 E  11     10.50       11.50       12.00       12.50       13.00       13.50
           14.00       14.50       15.00       16.00       17.00

  
 -10.318 -10.318 -10.318 -10.318 -10.319 -10.321 -10.326 -10.338 -10.369 -10.446
 -10.641 -11.130 -11.604 -12.352 -13.489 -14.578 -14.910 -15.159 -15.401 -15.639
 -15.874 -16.110 -16.346 -16.584 -16.822 -17.066 -17.557 -18.057 -18.563 -19.072
 -19.581 -20.096 -20.611 -21.121 -21.636 -22.156
  
 -10.467 -10.467 -10.467 -10.467 -10.468 -10.469 -10.471 -10.477 -10.492 -10.531
 -10.628 -10.872 -11.112 -11.488 -12.084 -13.021 -14.374 -15.160 -15.423 -15.669
 -15.909 -16.145 -16.379 -16.614 -16.848 -17.085 -17.565 -18.054 -18.552 -19.054
 -19.561 -20.071 -20.581 -21.091 -21.601 -22.111
  
 -10.613 -10.613 -10.613 -10.613 -10.613 -10.613 -10.614 -10.617 -10.625 -10.644
 -10.692 -10.814 -10.932 -11.124 -11.422 -11.894 -12.642 -13.813 -15.243 -15.689
 -15.939 -16.181 -16.419 -16.653 -16.887 -17.120 -17.590 -18.066 -18.553 -19.047
 -19.551 -20.056 -20.561 -21.071 -21.581 -22.091
  
 -10.763 -10.763 -10.763 -10.763 -10.763 -10.763 -10.764 -10.765 -10.769 -10.778
 -10.801 -10.862 -10.920 -11.014 -11.163 -11.404 -11.778 -12.371 -13.310 -14.751
 -15.924 -16.207 -16.454 -16.694 -16.930 -17.163 -17.628 -18.096 -18.570 -19.052
 -19.546 -20.046 -20.551 -21.061 -21.566 -22.071
  
 -10.917 -10.917 -10.918 -10.918 -10.918 -10.918 -10.918 -10.919 -10.921 -10.925
 -10.938 -10.968 -10.998 -11.045 -11.119 -11.238 -11.427 -11.724 -12.196 -12.943
 -14.122 -15.793 -16.472 -16.724 -16.968 -17.206 -17.675 -18.139 -18.604 -19.076
 -19.555 -20.046 -20.546 -21.046 -21.551 -22.061
  
 -11.074 -11.074 -11.074 -11.074 -11.074 -11.074 -11.074 -11.074 -11.075 -11.077
 -11.083 -11.098 -11.113 -11.136 -11.174 -11.233 -11.326 -11.475 -11.713 -12.086
 -12.678 -13.616 -15.086 -16.657 -16.992 -17.241 -17.720 -18.187 -18.650 -19.113
 -19.580 -20.060 -20.550 -21.046 -21.546 -22.051
  
 -10.323 -10.323 -10.323 -10.323 -10.324 -10.326 -10.330 -10.342 -10.372 -10.448
 -10.638 -11.115 -11.570 -12.262 -13.131 -13.658 -13.937 -14.186 -14.429 -14.666
 -14.902 -15.136 -15.370 -15.605 -15.841 -16.079 -16.563 -17.058 -17.561 -18.070
 -18.581 -19.094 -19.607 -20.119 -20.638 -21.149
  
 -10.471 -10.471 -10.471 -10.471 -10.471 -10.472 -10.474 -10.480 -10.495 -10.533
 -10.629 -10.869 -11.106 -11.475 -12.052 -12.911 -13.805 -14.190 -14.448 -14.695
 -14.935 -15.170 -15.404 -15.637 -15.871 -16.105 -16.578 -17.061 -17.553 -18.054
 -18.560 -19.070 -19.579 -20.088 -20.598 -21.109
  
 -10.620 -10.620 -10.620 -10.620 -10.620 -10.620 -10.622 -10.625 -10.632 -10.651
 -10.700 -10.821 -10.939 -11.127 -11.423 -11.890 -12.618 -13.653 -14.415 -14.710
 -14.961 -15.205 -15.443 -15.677 -15.911 -16.143 -16.609 -17.080 -17.560 -18.050
 -18.549 -19.054 -19.561 -20.068 -20.578 -21.088
  
 -10.767 -10.767 -10.767 -10.767 -10.767 -10.767 -10.768 -10.770 -10.773 -10.783
 -10.807 -10.868 -10.927 -11.021 -11.170 -11.406 -11.779 -12.368 -13.279 -14.436
 -14.964 -15.226 -15.474 -15.715 -15.952 -16.186 -16.650 -17.115 -17.584 -18.062
 -18.550 -19.046 -19.549 -20.058 -20.566 -21.068
  
 -10.917 -10.917 -10.917 -10.917 -10.917 -10.918 -10.918 -10.919 -10.920 -10.925
 -10.937 -10.968 -10.997 -11.044 -11.118 -11.236 -11.425 -11.722 -12.191 -12.931
 -14.056 -15.149 -15.490 -15.742 -15.988 -16.227 -16.696 -17.160 -17.623 -18.090
 -18.565 -19.050 -19.545 -20.046 -20.548 -21.058
  
 -11.065 -11.065 -11.065 -11.065 -11.065 -11.065 -11.065 -11.065 -11.066 -11.068
 -11.074 -11.089 -11.104 -11.127 -11.164 -11.223 -11.317 -11.465 -11.703 -12.075
 -12.665 -13.592 -14.934 -15.737 -16.007 -16.258 -16.739 -17.207 -17.670 -18.132
 -18.598 -19.071 -19.553 -20.046 -20.546 -21.048
  
 -10.337 -10.337 -10.337 -10.337 -10.338 -10.340 -10.344 -10.356 -10.384 -10.456
 -10.637 -11.084 -11.504 -12.110 -12.782 -13.192 -13.455 -13.701 -13.944 -14.182
 -14.417 -14.651 -14.884 -15.118 -15.352 -15.590 -16.071 -16.561 -17.061 -17.568
 -18.079 -18.592 -19.106 -19.620 -20.137 -20.656
  
 -10.479 -10.479 -10.479 -10.479 -10.480 -10.481 -10.483 -10.489 -10.504 -10.541
 -10.634 -10.867 -11.094 -11.447 -11.988 -12.736 -13.380 -13.703 -13.961 -14.208
 -14.448 -14.684 -14.918 -15.151 -15.384 -15.618 -16.088 -16.567 -17.055 -17.554
 -18.059 -18.568 -19.078 -19.588 -20.100 -20.611
  
 -10.625 -10.625 -10.625 -10.625 -10.626 -10.626 -10.627 -10.630 -10.637 -10.656
 -10.704 -10.823 -10.938 -11.123 -11.411 -11.863 -12.549 -13.411 -13.940 -14.222
 -14.473 -14.717 -14.955 -15.190 -15.424 -15.656 -16.120 -16.590 -17.067 -17.553
 -18.050 -18.553 -19.060 -19.568 -20.074 -20.581
  
 -10.771 -10.771 -10.771 -10.771 -10.771 -10.771 -10.772 -10.773 -10.777 -10.786
 -10.810 -10.870 -10.928 -11.021 -11.167 -11.402 -11.769 -12.342 -13.195 -14.086
 -14.475 -14.736 -14.986 -15.227 -15.464 -15.698 -16.162 -16.626 -17.094 -17.569
 -18.053 -18.547 -19.049 -19.554 -20.061 -20.571
  
 -10.920 -10.920 -10.920 -10.921 -10.921 -10.921 -10.921 -10.922 -10.924 -10.928
 -10.940 -10.971 -11.000 -11.047 -11.121 -11.238 -11.425 -11.719 -12.183 -12.907
 -13.936 -14.699 -14.999 -15.252 -15.498 -15.737 -16.207 -16.671 -17.133 -17.599
 -18.073 -18.555 -19.047 -19.546 -20.051 -20.556
  
 -11.068 -11.068 -11.068 -11.068 -11.068 -11.068 -11.069 -11.069 -11.070 -11.072
 -11.078 -11.093 -11.108 -11.132 -11.169 -11.228 -11.321 -11.469 -11.704 -12.075
 -12.660 -13.566 -14.717 -15.250 -15.515 -15.766 -16.248 -16.717 -17.181 -17.643
 -18.107 -18.578 -19.057 -19.547 -20.045 -20.546
  
 -10.380 -10.380 -10.381 -10.381 -10.381 -10.383 -10.386 -10.396 -10.421 -10.483
 -10.637 -11.013 -11.352 -11.816 -12.321 -12.708 -13.002 -13.256 -13.480 -13.699
 -13.934 -14.168 -14.401 -14.633 -14.867 -15.102 -15.578 -16.064 -16.561 -17.066
 -17.576 -18.090 -18.604 -19.118 -19.634 -20.152
  
 -10.506 -10.506 -10.506 -10.507 -10.507 -10.508 -10.510 -10.515 -10.528 -10.562
 -10.647 -10.859 -11.062 -11.373 -11.832 -12.419 -12.924 -13.245 -13.493 -13.725
 -13.963 -14.200 -14.434 -14.667 -14.899 -15.132 -15.599 -16.074 -16.559 -17.054
 -17.557 -18.065 -18.575 -19.087 -19.598 -20.110
  
 -10.643 -10.643 -10.643 -10.643 -10.643 -10.643 -10.644 -10.647 -10.654 -10.672
 -10.717 -10.830 -10.939 -11.112 -11.380 -11.793 -12.389 -13.054 -13.470 -13.738
 -13.985 -14.230 -14.469 -14.704 -14.938 -15.170 -15.633 -16.100 -16.573 -17.057
 -17.550 -18.051 -18.558 -19.066 -19.575 -20.084
  
 -10.782 -10.782 -10.782 -10.782 -10.782 -10.782 -10.783 -10.784 -10.788 -10.797
 -10.820 -10.878 -10.935 -11.025 -11.166 -11.391 -11.740 -12.276 -13.014 -13.659
 -13.987 -14.247 -14.497 -14.739 -14.977 -15.211 -15.675 -16.138 -16.604 -17.076
 -17.556 -18.048 -18.548 -19.052 -19.560 -20.067
  
 -10.927 -10.927 -10.927 -10.927 -10.927 -10.927 -10.927 -10.928 -10.930 -10.934
 -10.946 -10.975 -11.004 -11.050 -11.122 -11.237 -11.421 -11.707 -12.155 -12.834
 -13.689 -14.222 -14.507 -14.762 -15.008 -15.249 -15.720 -16.184 -16.645 -17.110
 -17.580 -18.059 -18.547 -19.045 -19.548 -20.055
  
 -11.071 -11.071 -11.071 -11.071 -11.071 -11.071 -11.072 -11.072 -11.073 -11.075
 -11.081 -11.096 -11.110 -11.133 -11.169 -11.227 -11.319 -11.465 -11.699 -12.062
 -12.631 -13.478 -14.364 -14.758 -15.023 -15.275 -15.759 -16.229 -16.693 -17.154
 -17.617 -18.085 -18.562 -19.048 -19.544 -20.045
  
 -10.490 -10.490 -10.490 -10.490 -10.490 -10.491 -10.493 -10.499 -10.515 -10.557
 -10.660 -10.911 -11.120 -11.413 -11.764 -12.120 -12.433 -12.708 -12.966 -13.214
 -13.452 -13.686 -13.919 -14.152 -14.385 -14.618 -15.090 -15.572 -16.064 -16.565
 -17.074 -17.586 -18.101 -18.617 -19.133 -19.651
  
 -10.578 -10.578 -10.578 -10.578 -10.578 -10.579 -10.580 -10.584 -10.593 -10.619
 -10.684 -10.843 -10.997 -11.222 -11.542 -11.949 -12.359 -12.694 -12.973 -13.233
 -13.478 -13.716 -13.951 -14.184 -14.416 -14.648 -15.113 -15.585 -16.066 -16.556
 -17.057 -17.563 -18.073 -18.585 -19.097 -19.609
  
 -10.694 -10.694 -10.694 -10.694 -10.694 -10.694 -10.695 -10.697 -10.703 -10.718
 -10.757 -10.853 -10.945 -11.092 -11.313 -11.643 -12.093 -12.586 -12.974 -13.272
 -13.534 -13.768 -13.986 -14.219 -14.453 -14.686 -15.149 -15.613 -16.083 -16.562
 -17.052 -17.551 -18.056 -18.564 -19.073 -19.582
  
 -10.817 -10.817 -10.817 -10.817 -10.817 -10.818 -10.818 -10.819 -10.823 -10.831
 -10.852 -10.905 -10.956 -11.037 -11.164 -11.365 -11.670 -12.119 -12.692 -13.192
 -13.520 -13.778 -14.012 -14.251 -14.490 -14.725 -15.190 -15.652 -16.116 -16.585
 -17.063 -17.551 -18.047 -18.551 -19.057 -19.565
  
 -10.951 -10.951 -10.951 -10.951 -10.951 -10.951 -10.952 -10.952 -10.954 -10.959
 -10.970 -10.998 -11.025 -11.068 -11.136 -11.244 -11.415 -11.680 -12.087 -12.672
 -13.326 -13.749 -14.023 -14.272 -14.518 -14.760 -15.232 -15.697 -16.159 -16.621
 -17.089 -17.565 -18.051 -18.546 -19.048 -19.553
  
 -11.090 -11.090 -11.090 -11.090 -11.090 -11.090 -11.091 -11.091 -11.092 -11.094
 -11.100 -11.114 -11.128 -11.150 -11.186 -11.242 -11.331 -11.471 -11.694 -12.039
 -12.568 -13.295 -13.936 -14.268 -14.532 -14.784 -15.269 -15.741 -16.205 -16.667
 -17.129 -17.595 -18.068 -18.552 -19.045 -19.545
  
 -10.692 -10.692 -10.691 -10.691 -10.691 -10.692 -10.692 -10.695 -10.703 -10.725
 -10.779 -10.902 -11.008 -11.158 -11.364 -11.610 -11.861 -12.133 -12.424 -12.691
 -12.947 -13.194 -13.435 -13.670 -13.903 -14.136 -14.605 -15.082 -15.569 -16.066
 -16.572 -17.083 -17.598 -18.115 -18.632 -19.150
  
 -10.743 -10.743 -10.743 -10.743 -10.743 -10.743 -10.743 -10.744 -10.750 -10.764
 -10.802 -10.894 -10.985 -11.111 -11.294 -11.535 -11.821 -12.117 -12.419 -12.703
 -12.967 -13.219 -13.464 -13.701 -13.933 -14.165 -14.630 -15.098 -15.575 -16.061
 -16.557 -17.061 -17.570 -18.082 -18.594 -19.107
  
 -10.809 -10.809 -10.809 -10.809 -10.809 -10.808 -10.809 -10.810 -10.813 -10.822
 -10.847 -10.911 -10.972 -11.073 -11.214 -11.418 -11.701 -12.037 -12.381 -12.698
 -12.978 -13.241 -13.492 -13.733 -13.968 -14.202 -14.665 -15.129 -15.596 -16.071
 -16.556 -17.052 -17.555 -18.062 -18.571 -19.081
  
 -10.894 -10.894 -10.894 -10.894 -10.894 -10.894 -10.894 -10.895 -10.897 -10.903
 -10.918 -10.958 -10.997 -11.058 -11.153 -11.305 -11.526 -11.841 -12.242 -12.650
 -12.992 -13.280 -13.548 -13.802 -14.035 -14.244 -14.705 -15.168 -15.630 -16.097
 -16.571 -17.055 -17.549 -18.050 -18.555 -19.063
  
 -11.001 -11.001 -11.001 -11.001 -11.001 -11.001 -11.002 -11.002 -11.003 -11.007
 -11.016 -11.039 -11.062 -11.099 -11.156 -11.245 -11.388 -11.602 -11.922 -12.361
 -12.847 -13.240 -13.543 -13.810 -14.055 -14.278 -14.745 -15.211 -15.673 -16.135
 -16.601 -17.073 -17.555 -18.047 -18.547 -19.051
  
 -11.122 -11.122 -11.122 -11.122 -11.122 -11.122 -11.122 -11.122 -11.123 -11.125
 -11.130 -11.143 -11.155 -11.175 -11.207 -11.257 -11.337 -11.461 -11.658 -11.956
 -12.395 -12.957 -13.457 -13.793 -14.059 -14.300 -14.780 -15.253 -15.719 -16.180
 -16.642 -17.106 -17.577 -18.057 -18.547 -19.045
  
 -10.948 -10.948 -10.948 -10.948 -10.948 -10.948 -10.949 -10.951 -10.957 -10.973
 -11.007 -11.064 -11.103 -11.149 -11.217 -11.325 -11.475 -11.628 -11.848 -12.106
 -12.366 -12.655 -12.913 -13.166 -13.411 -13.652 -14.123 -14.595 -15.076 -15.569
 -16.070 -16.580 -17.094 -17.611 -18.129 -18.648
  
 -10.982 -10.982 -10.982 -10.982 -10.982 -10.982 -10.982 -10.983 -10.986 -10.995
 -11.016 -11.061 -11.096 -11.146 -11.214 -11.312 -11.448 -11.615 -11.833 -12.105
 -12.376 -12.671 -12.935 -13.190 -13.437 -13.679 -14.148 -14.614 -15.087 -15.567
 -16.059 -16.560 -17.068 -17.579 -18.092 -18.606
  
 -11.019 -11.019 -11.019 -11.019 -11.019 -11.019 -11.019 -11.019 -11.020 -11.025
 -11.037 -11.069 -11.098 -11.143 -11.205 -11.297 -11.420 -11.589 -11.814 -12.091
 -12.382 -12.683 -12.957 -13.218 -13.468 -13.712 -14.182 -14.645 -15.111 -15.582
 -16.062 -16.554 -17.054 -17.560 -18.068 -18.578
  
 -11.064 -11.064 -11.064 -11.064 -11.064 -11.064 -11.064 -11.064 -11.065 -11.068
 -11.075 -11.095 -11.116 -11.149 -11.200 -11.284 -11.386 -11.547 -11.765 -12.044
 -12.365 -12.680 -12.971 -13.241 -13.498 -13.746 -14.220 -14.684 -15.146 -15.611
 -16.081 -16.560 -17.050 -17.549 -18.054 -18.561
  
 -11.122 -11.122 -11.121 -11.121 -11.121 -11.121 -11.121 -11.121 -11.122 -11.124
 -11.130 -11.145 -11.159 -11.181 -11.216 -11.271 -11.355 -11.493 -11.678 -11.940
 -12.275 -12.636 -12.965 -13.252 -13.520 -13.775 -14.258 -14.726 -15.189 -15.650
 -16.113 -16.583 -17.061 -17.549 -18.046 -18.549
  
 -11.204 -11.204 -11.204 -11.203 -11.203 -11.203 -11.203 -11.203 -11.203 -11.204
 -11.207 -11.215 -11.224 -11.238 -11.261 -11.298 -11.355 -11.443 -11.586 -11.791
 -12.088 -12.473 -12.884 -13.233 -13.524 -13.793 -14.290 -14.765 -15.233 -15.695
 -16.156 -16.619 -17.086 -17.563 -18.049 -18.544
  
 -11.228 -11.227 -11.227 -11.227 -11.227 -11.227 -11.227 -11.229 -11.233 -11.245
 -11.272 -11.323 -11.356 -11.387 -11.411 -11.433 -11.465 -11.524 -11.622 -11.775
 -11.917 -12.085 -12.355 -12.576 -12.872 -13.130 -13.630 -14.112 -14.589 -15.075
 -15.571 -16.077 -16.590 -17.106 -17.625 -18.145
  
 -11.249 -11.249 -11.249 -11.249 -11.249 -11.249 -11.249 -11.250 -11.252 -11.260
 -11.279 -11.319 -11.347 -11.380 -11.410 -11.436 -11.467 -11.521 -11.613 -11.760
 -11.905 -12.078 -12.357 -12.587 -12.888 -13.149 -13.651 -14.131 -14.601 -15.078
 -15.564 -16.060 -16.565 -17.075 -17.588 -18.102
  
 -11.276 -11.276 -11.276 -11.276 -11.276 -11.276 -11.276 -11.276 -11.278 -11.282
 -11.292 -11.318 -11.339 -11.365 -11.396 -11.431 -11.468 -11.520 -11.607 -11.745
 -11.896 -12.078 -12.363 -12.608 -12.911 -13.176 -13.681 -14.161 -14.627 -15.096
 -15.572 -16.058 -16.553 -17.057 -17.566 -18.076
  
 -11.307 -11.307 -11.307 -11.307 -11.307 -11.307 -11.307 -11.307 -11.307 -11.309
 -11.315 -11.329 -11.341 -11.360 -11.386 -11.418 -11.462 -11.520 -11.602 -11.728
 -11.884 -12.080 -12.361 -12.630 -12.932 -13.204 -13.716 -14.198 -14.663 -15.127
 -15.595 -16.070 -16.554 -17.049 -17.552 -18.058
  
 -11.341 -11.341 -11.341 -11.341 -11.341 -11.341 -11.341 -11.341 -11.342 -11.342
 -11.345 -11.352 -11.360 -11.371 -11.389 -11.417 -11.456 -11.513 -11.594 -11.710
 -11.862 -12.075 -12.347 -12.642 -12.946 -13.228 -13.749 -14.238 -14.704 -15.167
 -15.629 -16.095 -16.569 -17.053 -17.547 -18.048
  
 -11.384 -11.384 -11.384 -11.384 -11.384 -11.384 -11.383 -11.383 -11.383 -11.384
 -11.385 -11.390 -11.394 -11.401 -11.413 -11.432 -11.462 -11.509 -11.585 -11.685
 -11.826 -12.035 -12.302 -12.623 -12.942 -13.241 -13.778 -14.275 -14.746 -15.210
 -15.672 -16.134 -16.599 -17.072 -17.554 -18.046
  
 -11.544 -11.544 -11.544 -11.544 -11.544 -11.544 -11.543 -11.543 -11.544 -11.549
 -11.560 -11.584 -11.605 -11.632 -11.663 -11.694 -11.721 -11.741 -11.759 -11.786
 -11.838 -11.925 -12.055 -12.219 -12.328 -12.604 -13.087 -13.606 -14.101 -14.587
 -15.076 -15.577 -16.085 -16.601 -17.119 -17.640
  
 -11.547 -11.547 -11.547 -11.547 -11.547 -11.546 -11.546 -11.546 -11.547 -11.551
 -11.561 -11.586 -11.605 -11.632 -11.665 -11.700 -11.730 -11.752 -11.767 -11.789
 -11.834 -11.916 -12.044 -12.207 -12.313 -12.598 -13.095 -13.618 -14.111 -14.592
 -15.072 -15.564 -16.064 -16.571 -17.084 -17.599
  
 -11.554 -11.553 -11.553 -11.553 -11.553 -11.553 -11.553 -11.553 -11.554 -11.557
 -11.564 -11.584 -11.602 -11.626 -11.657 -11.694 -11.728 -11.754 -11.771 -11.790
 -11.830 -11.908 -12.036 -12.198 -12.312 -12.603 -13.116 -13.643 -14.136 -14.612
 -15.084 -15.566 -16.056 -16.556 -17.062 -17.572
  
 -11.570 -11.570 -11.570 -11.570 -11.570 -11.570 -11.570 -11.570 -11.570 -11.572
 -11.577 -11.590 -11.602 -11.621 -11.646 -11.678 -11.713 -11.745 -11.769 -11.790
 -11.828 -11.901 -12.029 -12.190 -12.320 -12.612 -13.143 -13.676 -14.170 -14.643
 -15.110 -15.582 -16.062 -16.552 -17.051 -17.555
  
 -11.596 -11.596 -11.596 -11.596 -11.596 -11.596 -11.596 -11.596 -11.596 -11.597
 -11.600 -11.607 -11.614 -11.625 -11.641 -11.664 -11.692 -11.724 -11.757 -11.788
 -11.829 -11.899 -12.022 -12.178 -12.333 -12.617 -13.171 -13.710 -14.208 -14.683
 -15.146 -15.611 -16.081 -16.560 -17.050 -17.547
  
 -11.627 -11.627 -11.627 -11.627 -11.627 -11.627 -11.627 -11.627 -11.627 -11.628
 -11.629 -11.633 -11.636 -11.642 -11.650 -11.664 -11.683 -11.709 -11.739 -11.779
 -11.829 -11.899 -12.012 -12.165 -12.343 -12.614 -13.194 -13.743 -14.247 -14.725
 -15.188 -15.650 -16.114 -16.584 -17.061 -17.549
  
 -12.219 -12.219 -12.219 -12.219 -12.219 -12.218 -12.217 -12.217 -12.216 -12.215
 -12.217 -12.218 -12.220 -12.222 -12.226 -12.230 -12.238 -12.248 -12.263 -12.282
 -12.306 -12.332 -12.357 -12.380 -12.401 -12.426 -12.535 -12.732 -13.116 -13.550
 -14.088 -14.593 -15.090 -15.591 -16.103 -16.622
  
 -12.231 -12.231 -12.231 -12.231 -12.230 -12.230 -12.230 -12.229 -12.228 -12.227
 -12.228 -12.231 -12.231 -12.234 -12.238 -12.243 -12.251 -12.262 -12.278 -12.299
 -12.325 -12.353 -12.381 -12.405 -12.424 -12.444 -12.536 -12.774 -13.051 -13.512
 -14.067 -14.574 -15.071 -15.567 -16.073 -16.586
  
 -12.226 -12.226 -12.226 -12.226 -12.226 -12.226 -12.225 -12.225 -12.224 -12.224
 -12.224 -12.225 -12.227 -12.227 -12.231 -12.237 -12.246 -12.259 -12.278 -12.302
 -12.331 -12.363 -12.394 -12.419 -12.436 -12.451 -12.532 -12.766 -13.033 -13.508
 -14.071 -14.577 -15.069 -15.559 -16.057 -16.563
  
 -12.206 -12.206 -12.206 -12.206 -12.206 -12.206 -12.206 -12.205 -12.205 -12.205
 -12.205 -12.206 -12.208 -12.211 -12.216 -12.221 -12.232 -12.248 -12.270 -12.298
 -12.331 -12.366 -12.400 -12.426 -12.441 -12.453 -12.526 -12.760 -13.033 -13.525
 -14.093 -14.597 -15.083 -15.564 -16.054 -16.551
  
 -12.185 -12.185 -12.185 -12.185 -12.185 -12.185 -12.184 -12.184 -12.184 -12.184
 -12.184 -12.186 -12.188 -12.191 -12.196 -12.205 -12.216 -12.234 -12.258 -12.290
 -12.326 -12.365 -12.402 -12.428 -12.442 -12.451 -12.518 -12.757 -13.042 -13.554
 -14.125 -14.628 -15.110 -15.582 -16.062 -16.551
  
 -12.172 -12.172 -12.172 -12.172 -12.172 -12.172 -12.172 -12.172 -12.172 -12.172
 -12.172 -12.173 -12.175 -12.178 -12.183 -12.191 -12.203 -12.221 -12.245 -12.278
 -12.317 -12.359 -12.398 -12.427 -12.441 -12.448 -12.511 -12.754 -13.056 -13.589
 -14.162 -14.666 -15.146 -15.613 -16.083 -16.561
  
 -12.795 -12.795 -12.795 -12.794 -12.794 -12.794 -12.793 -12.792 -12.791 -12.791
 -12.792 -12.792 -12.792 -12.793 -12.793 -12.794 -12.794 -12.795 -12.797 -12.799
 -12.802 -12.808 -12.815 -12.827 -12.842 -12.862 -12.911 -12.960 -13.016 -13.146
 -13.415 -13.724 -14.205 -14.708 -15.204 -15.690
  
 -12.887 -12.887 -12.886 -12.886 -12.886 -12.886 -12.885 -12.885 -12.884 -12.883
 -12.883 -12.884 -12.883 -12.884 -12.884 -12.885 -12.885 -12.886 -12.887 -12.888
 -12.890 -12.894 -12.899 -12.907 -12.918 -12.933 -12.977 -13.027 -13.072 -13.156
 -13.370 -13.588 -14.068 -14.590 -15.096 -15.594
  
 -12.918 -12.918 -12.918 -12.918 -12.918 -12.918 -12.918 -12.917 -12.916 -12.915
 -12.914 -12.915 -12.916 -12.915 -12.915 -12.916 -12.917 -12.918 -12.918 -12.920
 -12.922 -12.925 -12.930 -12.937 -12.948 -12.963 -13.007 -13.060 -13.102 -13.164
 -13.333 -13.575 -14.007 -14.544 -15.059 -15.563
  
 -12.918 -12.918 -12.918 -12.918 -12.918 -12.918 -12.917 -12.917 -12.916 -12.916
 -12.915 -12.914 -12.914 -12.915 -12.916 -12.915 -12.916 -12.917 -12.918 -12.920
 -12.922 -12.926 -12.932 -12.940 -12.952 -12.969 -13.018 -13.076 -13.116 -13.167
 -13.323 -13.551 -13.986 -14.536 -15.053 -15.555
  
 -12.898 -12.898 -12.898 -12.898 -12.898 -12.898 -12.898 -12.897 -12.897 -12.896
 -12.895 -12.894 -12.894 -12.894 -12.895 -12.896 -12.896 -12.897 -12.899 -12.901
 -12.904 -12.909 -12.916 -12.927 -12.942 -12.963 -13.020 -13.083 -13.121 -13.164
 -13.320 -13.643 -14.003 -14.550 -15.065 -15.562
  
 -12.869 -12.869 -12.869 -12.869 -12.869 -12.869 -12.869 -12.868 -12.868 -12.868
 -12.867 -12.866 -12.866 -12.865 -12.865 -12.866 -12.867 -12.869 -12.870 -12.874
 -12.878 -12.885 -12.895 -12.909 -12.928 -12.953 -13.018 -13.086 -13.121 -13.158
 -13.315 -13.648 -14.025 -14.578 -15.091 -15.582

