1199.497559   4151.015625  4.66878e+01  1.72761e-10
1185.219238   4126.811523  5.15849e+01  1.92374e-10
1171.063232   4113.955078  5.73062e+01  2.14754e-10
1156.911865   4120.096191  6.33775e+01  2.37358e-10
1142.636353   4154.896973  7.12928e+01  2.64984e-10
1128.530273   4130.689941  7.92926e+01  2.96837e-10
1114.737183   4087.376953  8.75774e+01  3.31824e-10
1101.159058   4071.942871  9.72536e+01  3.70249e-10
1087.670654   4055.017822  1.07300e+02  4.10482e-10
1074.101807   4052.586670  1.17923e+02  4.51774e-10
1060.229614   4067.320801  1.29157e+02  4.93099e-10
1045.886841   4127.344238  1.42367e+02  5.35668e-10
1030.787964   4156.169434  1.53572e+02  5.73870e-10
1014.496582   4147.041992  1.61512e+02  6.05097e-10
 996.793396   4166.671387  1.73125e+02  6.45756e-10
 978.316467   4208.920898  1.91283e+02  7.06471e-10
 959.427917   4266.106445  2.12749e+02  7.75373e-10
 940.539429   4338.150391  2.43995e+02  8.74224e-10
 922.897766   4387.369141  2.87381e+02  1.01897e-09
 906.881897   4408.482422  3.34601e+02  1.18146e-09
 892.101440   4419.510742  3.85437e+02  1.35826e-09
 878.348572   4448.512207  4.44889e+02  1.55772e-09
 865.468079   4489.238770  5.10766e+02  1.77251e-09
 853.136108   4529.216309  5.77672e+02  1.98734e-09
 841.078125   4563.483887  6.46643e+02  2.20814e-09
 829.143066   4575.706055  7.16214e+02  2.43960e-09
 817.138489   4564.043945  7.82109e+02  2.67139e-09
 804.802979   4565.747070  8.46243e+02  2.88987e-09
 791.914673   4581.103516  9.12874e+02  3.10683e-09
 778.466248   4606.368164  9.93284e+02  3.36231e-09
 764.659851   4624.460449  1.08621e+03  3.66235e-09
 750.458618   4629.703613  1.17635e+03  3.96270e-09
 735.568848   4646.933105  1.26226e+03  4.23650e-09
 719.813721   4667.270508  1.35972e+03  4.54400e-09
 703.393250   4691.131836  1.47804e+03  4.91503e-09
 686.338440   4725.563477  1.59793e+03  5.27441e-09
 668.393066   4758.826660  1.72019e+03  5.63914e-09
 649.734558   4783.415527  1.88123e+03  6.13524e-09
 630.960510   4824.263672  2.08276e+03  6.73580e-09
 612.228577   4886.517578  2.30960e+03  7.37417e-09
 593.811523   4960.770996  2.55929e+03  8.04876e-09
 575.652283   5021.636230  2.81927e+03  8.75852e-09
 557.854004   5084.422852  3.12035e+03  9.57447e-09
 540.552124   5142.212891  3.42920e+03  1.04043e-08
 523.237549   5171.974121  3.72524e+03  1.12383e-08
 505.666626   5208.553223  4.09813e+03  1.22775e-08
 488.656616   5251.194824  4.52851e+03  1.34575e-08
 471.781372   5289.036133  4.98562e+03  1.47022e-08
 455.032593   5300.578613  5.51207e+03  1.62257e-08
 438.538696   5256.733887  6.47485e+03  1.92248e-08
 423.826782   5258.167480  7.89705e+03  2.34359e-08
 410.684448   5279.485840  9.06263e+03  2.67804e-08
 397.979492   5223.240723  1.02738e+04  3.07065e-08
 385.532837   5204.177734  1.17462e+04  3.52405e-08
 373.599121   5206.963379  1.30989e+04  3.92700e-08
 360.449463   5227.072153  1.47682e+04  4.39111e-08
 343.864624   5252.434089  1.68737e+04  4.97647e-08
 322.471924   5285.148322  1.95895e+04  5.73152e-08
 299.208496   5320.723317  2.25428e+04  6.55260e-08
 251.733765   5393.322821  2.85697e+04  8.22821e-08
 239.353271   5412.255371  3.01414e+04  8.66518e-08
 233.609863   5443.099609  4.22930e+04  1.21148e-07
 229.005127   5484.560547  5.30000e+04  1.50760e-07
 225.356934   5525.985840  6.20508e+04  1.75268e-07
 221.994019   5563.615723  7.04380e+04  1.97598e-07
 218.558838   5602.347168  7.84431e+04  2.18632e-07
 215.285400   5640.911133  8.50071e+04  2.35261e-07
 211.824219   5680.618164  9.09247e+04  2.49860e-07
 208.100586   5718.847656  9.61283e+04  2.62473e-07
 204.130615   5750.448730  9.95998e+04  2.70424e-07
 199.686157   5777.941406  1.02779e+05  2.77733e-07
 194.764648   5796.601562  1.06082e+05  2.85580e-07
 189.158203   5812.475586  1.09435e+05  2.93808e-07
 182.675903   5835.953125  1.10067e+05  2.94288e-07
 175.282227   5904.488281  1.09930e+05  2.90669e-07
 167.286499   6076.074707  1.11910e+05  2.87533e-07
 159.693115   6258.740234  1.13963e+05  2.84304e-07
 152.241577   6393.074707  1.14951e+05  2.80398e-07
 143.978882   6444.087891  1.13445e+05  2.74724e-07
 134.282959   6471.202637  1.10650e+05  2.66880e-07
 123.239624   6580.037109  1.12579e+05  2.66905e-07
 113.018188   6735.431152  1.22678e+05  2.84290e-07
 104.034302   6848.249512  1.35009e+05  3.07781e-07
  95.155640   6872.365234  1.45234e+05  3.29459e-07
  85.609375   6852.131836  1.57633e+05  3.59012e-07
  75.287354   6821.664062  1.74551e+05  3.99292e-07
  64.989746   6906.520020  1.94481e+05  4.39096e-07
  55.713989   7067.554199  2.08516e+05  4.60419e-07
  46.989990   7197.118164  2.18810e+05  4.73991e-07
  37.917236   7182.891602  2.34486e+05  5.09232e-07
  30.106201   7551.682617  2.55575e+05  5.28978e-07
  25.482300   7977.323730  2.70537e+05  5.28286e-07
  22.606079   8398.213867  2.78615e+05  5.16301e-07
  19.643677   8841.487305  2.86627e+05  5.01892e-07
  16.898071   9264.190430  2.93379e+05  4.85344e-07
  15.310791   9466.490234  2.94741e+05  4.75539e-07
  13.529419   9687.613281  2.96294e+05  4.64843e-07
  11.570557   9921.522461  2.98038e+05  4.53564e-07
   9.479736  10156.578125  2.99955e+05  4.42287e-07
   7.348633  10372.449219  3.02003e+05  4.32032e-07
   5.341675  10527.563477  3.04195e+05  4.25763e-07
   3.116943  10683.190430  3.06698e+05  4.19929e-07
   2.821289  10702.894531  3.07033e+05  4.19212e-07
   2.521851  10722.592773  3.07374e+05  4.18501e-07
   2.218628  10742.264648  3.07719e+05  4.17797e-07
   1.911987  10761.884766  3.08070e+05  4.17102e-07
   1.601685  10781.429688  3.08426e+05  4.16417e-07
   1.287842  10800.872070  3.08786e+05  4.15743e-07
   0.970703  10820.182617  3.09152e+05  4.15083e-07
   0.650146  10839.331055  3.09522e+05  4.14437e-07
   0.326660  10858.285156  3.09897e+05  4.13807e-07
   0.000000  10877.009766  3.10277e+05  4.13196e-07
