1190.795532   4130.342285  5.02358e+01  1.87046e-10
1176.607178   4117.448242  5.58495e+01  2.09024e-10
1162.476196   4114.176270  6.17750e+01  2.31508e-10
1148.212158   4149.997559  6.92303e+01  2.57573e-10
1134.047363   4141.269531  7.73417e+01  2.88670e-10
1120.168701   4095.905762  8.53774e+01  3.22757e-10
1106.556641   4074.509033  9.47305e+01  3.60321e-10
1093.059570   4060.127930  1.04780e+02  4.00367e-10
1079.524292   4052.562256  1.15304e+02  4.41547e-10
1065.753174   4059.669434  1.26188e+02  4.82636e-10
1051.540771   4110.643066  1.38913e+02  5.25110e-10
1036.671509   4156.625977  1.51213e+02  5.64971e-10
1020.720398   4149.537598  1.59529e+02  5.97363e-10
1003.342773   4156.255859  1.69319e+02  6.33187e-10
 984.990540   4199.293457  1.86498e+02  6.90294e-10
 966.200500   4251.391113  2.06920e+02  7.56694e-10
 947.210632   4318.393066  2.34592e+02  8.44501e-10
 929.150452   4379.987793  2.75949e+02  9.80187e-10
 912.769165   4404.465820  3.22649e+02  1.14014e-09
 897.710571   4414.439941  3.71861e+02  1.31170e-09
 883.717346   4440.103027  4.29361e+02  1.50611e-09
 870.629089   4478.556152  4.93999e+02  1.71839e-09
 858.198120   4519.798340  5.60964e+02  1.93382e-09
 846.094727   4555.598145  6.29036e+02  2.15166e-09
 834.144409   4575.622559  6.99090e+02  2.38115e-09
 822.174683   4567.496094  7.65895e+02  2.61413e-09
 809.942200   4564.315918  8.30519e+02  2.83680e-09
 797.210571   4575.436035  8.95397e+02  3.05114e-09
 783.887146   4599.688477  9.71507e+02  3.29322e-09
 770.149719   4622.938965  1.06267e+03  3.58463e-09
 756.077454   4627.024414  1.15447e+03  3.89118e-09
 741.384521   4641.863770  1.24054e+03  4.16817e-09
 725.841858   4662.707031  1.33321e+03  4.45971e-09
 709.561707   4683.163086  1.44715e+03  4.82000e-09
 692.689087   4716.713867  1.56869e+03  5.18786e-09
 674.982117   4752.293945  1.68817e+03  5.54207e-09
 656.442932   4775.633301  1.83592e+03  5.99716e-09
 637.672119   4812.778320  2.03109e+03  6.58405e-09
 618.907288   4868.162598  2.24967e+03  7.20954e-09
 600.393311   4944.642090  2.49766e+03  7.88034e-09
 582.182129   5005.755371  2.75087e+03  8.57365e-09
 564.272644   5069.637207  3.04108e+03  9.35713e-09
 546.872742   5129.737793  3.35560e+03  1.02058e-08
 529.619080   5169.204102  3.65108e+03  1.10203e-08
 512.041748   5194.244141  3.99229e+03  1.19915e-08
 494.899902   5245.809082  4.42495e+03  1.31639e-08
 477.982178   5274.942383  4.86866e+03  1.43998e-08
 461.241211   5304.680176  5.35519e+03  1.57452e-08
 444.581909   5271.657227  6.19497e+03  1.83428e-08
 429.296387   5252.349609  7.57163e+03  2.24979e-08
 415.916138   5276.216797  8.77957e+03  2.59606e-08
 403.158325   5244.132324  9.95224e+03  2.96323e-08
 390.594360   5203.329102  1.13577e+04  3.40846e-08
 378.539429   5210.928711  1.28340e+04  3.84472e-08
 365.982056   5145.418945  1.32921e+04  4.04173e-08
 350.467773   5178.660272  1.49483e+04  4.48948e-08
 330.250366   5221.978641  1.71066e+04  5.07295e-08
 307.783447   5270.116877  1.95050e+04  5.72135e-08
 260.608154   5371.195950  2.45411e+04  7.08284e-08
 243.647583   5407.536133  2.63517e+04  7.57233e-08
 236.825684   5433.873535  3.95468e+04  1.13506e-07
 232.124023   5473.468750  5.03975e+04  1.43597e-07
 228.182129   5516.943359  5.99709e+04  1.69702e-07
 224.863159   5554.030762  6.83480e+04  1.92054e-07
 221.427246   5592.682129  7.65239e+04  2.13627e-07
 218.114868   5631.098633  8.34941e+04  2.31505e-07
 214.732178   5670.699219  8.94830e+04  2.46319e-07
 211.064331   5709.637695  9.49406e+04  2.59627e-07
 207.180054   5743.006348  9.88070e+04  2.68633e-07
 202.856323   5771.540527  1.01990e+05  2.75897e-07
 198.063965   5793.069336  1.05188e+05  2.83443e-07
 192.645508   5808.229004  1.08645e+05  2.91827e-07
 186.402710   5828.294922  1.10224e+05  2.95145e-07
 179.223633   5868.667480  1.09551e+05  2.91465e-07
 171.333130   6030.170898  1.11380e+05  2.88319e-07
 163.607300   6213.677246  1.13472e+05  2.85166e-07
 156.154175   6367.717285  1.14906e+05  2.81456e-07
 148.177979   6440.550293  1.14162e+05  2.76613e-07
 138.885864   6456.247070  1.11098e+05  2.68528e-07
 127.996460   6543.881836  1.11196e+05  2.65118e-07
 117.404907   6697.282715  1.19457e+05  2.78338e-07
 108.215942   6833.211426  1.32704e+05  3.03006e-07
  99.431641   6872.582031  1.42518e+05  3.23498e-07
  90.089355   6860.730469  1.54174e+05  3.50418e-07
  79.929077   6821.254883  1.69884e+05  3.88642e-07
  69.453369   6871.493652  1.90012e+05  4.31399e-07
  59.930542   7026.536133  2.05839e+05  4.56793e-07
  51.181763   7170.694336  2.16051e+05  4.70321e-07
  42.177856   7186.697754  2.30108e+05  4.99804e-07
  33.985596   7442.443359  2.49906e+05  5.25182e-07
  28.187622   7877.221191  2.68564e+05  5.30953e-07
  25.353271   8290.259766  2.76580e+05  5.19507e-07
  22.397583   8729.613281  2.84666e+05  5.05747e-07
  19.497559   9175.114258  2.92145e+05  4.89202e-07
  17.740601   9414.004883  2.94383e+05  4.78081e-07
  16.006836   9630.821289  2.95888e+05  4.67587e-07
  14.089355   9862.362305  2.97584e+05  4.56412e-07
  12.025269  10098.633789  2.99461e+05  4.45060e-07
   9.892212  10321.836914  3.01483e+05  4.34422e-07
   7.872559  10489.751953  3.03620e+05  4.27217e-07
   5.711182  10643.847656  3.06042e+05  4.21377e-07
   3.302246  10800.872070  3.08786e+05  4.15743e-07
   2.985107  10820.182617  3.09152e+05  4.15083e-07
   2.664551  10839.331055  3.09522e+05  4.14437e-07
   2.341064  10858.285156  3.09897e+05  4.13807e-07
   2.014404  10877.009766  3.10277e+05  4.13196e-07
   1.684937  10895.467773  3.10662e+05  4.12605e-07
   1.352539  10913.621094  3.11051e+05  4.12036e-07
   1.017822  10931.425781  3.11444e+05  4.11492e-07
   0.680542  10948.838867  3.11842e+05  4.10975e-07
   0.341187  10965.813477  3.12245e+05  4.10487e-07
   0.000000  10982.298828  3.12651e+05  4.10031e-07
