3470.0   3900.1  1.88566e+00  7.48710e-12
3460.0   3900.1  2.10322e+00  8.35092e-12
3450.0   3900.1  2.34587e+00  9.31441e-12
3440.0   3900.1  2.61653e+00  1.03891e-11
3430.0   3900.1  2.91841e+00  1.15877e-11
3420.0   3900.1  3.25512e+00  1.29246e-11
3410.0   3900.1  3.63067e+00  1.44158e-11
3400.0   3900.1  4.04956e+00  1.60790e-11
3390.0   3900.1  4.51678e+00  1.79341e-11
3380.0   3900.1  5.03790e+00  2.00032e-11
3370.0   3900.1  5.61914e+00  2.23111e-11
3360.0   3900.1  6.26745e+00  2.48852e-11
3350.0   3900.1  6.99055e+00  2.77563e-11
3340.0   3900.1  7.79708e+00  3.09587e-11
3330.0   3900.1  8.69666e+00  3.45305e-11
3320.0   3900.1  9.70003e+00  3.85145e-11
3310.0   3900.1  1.08192e+01  4.29580e-11
3300.0   3900.1  1.20674e+01  4.79143e-11
3290.0   3900.1  1.34597e+01  5.34424e-11
3280.0   3900.1  1.50126e+01  5.96082e-11
3270.0   3900.1  1.67447e+01  6.64855e-11
3260.0   3900.1  1.86766e+01  7.41562e-11
3250.0   3900.1  2.08314e+01  8.27120e-11
3240.0   3900.1  2.32348e+01  9.22548e-11
3230.0   3900.1  2.59155e+01  1.01387e-10
3220.0   3813.8  2.63301e+01  1.05582e-10
3210.0   3657.3  2.71538e+01  1.13975e-10
3200.0   3546.5  2.80750e+01  1.21832e-10
3190.0   3423.3  3.18693e+01  1.43764e-10
3180.0   3389.3  3.74173e+01  1.70836e-10
3170.0   3420.1  4.32405e+01  1.95827e-10
3160.0   3453.9  4.91697e+01  2.20649e-10
3150.0   3526.2  5.54416e+01  2.43759e-10
3140.0   3603.0  5.94295e+01  2.55688e-10
3130.0   3618.3  5.92886e+01  2.53965e-10
3120.0   3644.9  5.70305e+01  2.42375e-10
3110.0   3677.9  5.29867e+01  2.22958e-10
3100.0   3686.3  4.71170e+01  1.97566e-10
3090.0   3686.1  4.05200e+01  1.69639e-10
3080.0   3681.8  3.35693e+01  1.40369e-10
3070.0   3696.7  2.80117e+01  1.16301e-10
3060.0   3688.1  2.24939e+01  9.32339e-11
3050.0   3677.5  1.83143e+01  7.57810e-11
3040.0   3659.6  1.55610e+01  6.44445e-11
3030.0   3636.0  1.42804e+01  5.94149e-11
3020.0   3605.6  1.33261e+01  5.58479e-11
3010.0   3615.0  1.39915e+01  5.85563e-11
3000.0   3644.1  1.54543e+01  6.42950e-11
2990.0   3677.8  1.74518e+01  7.21139e-11
2980.0   3705.2  1.98624e+01  8.16759e-11
2970.0   3719.7  2.23487e+01  9.17627e-11
2960.0   3745.1  2.54907e+01  1.04179e-10
2950.0   3777.7  2.87406e+01  1.16639e-10
2940.0   3801.4  3.20047e+01  1.29261e-10
2930.0   3828.6  3.57554e+01  1.43574e-10
2920.0   3856.3  3.98677e+01  1.59124e-10
2910.0   3858.6  4.38850e+01  1.75278e-10
2900.0   3859.9  4.78012e+01  1.91056e-10
2890.0   3863.0  5.14293e+01  2.05556e-10
2880.0   3865.9  5.45089e+01  2.17832e-10
2870.0   3875.9  5.68422e+01  2.26643e-10
2860.0   3890.2  5.90771e+01  2.34745e-10
2850.0   3902.5  6.07768e+01  2.40771e-10
2840.0   3915.8  6.35065e+01  2.50803e-10
2830.0   3926.1  6.82966e+01  2.69166e-10
2820.0   3939.5  7.40348e+01  2.90962e-10
2810.0   3972.0  8.28883e+01  3.23293e-10
2800.0   3993.0  9.25806e+01  3.59440e-10
2790.0   3996.1  1.02664e+02  3.98540e-10
2780.0   4006.8  1.14826e+02  4.44832e-10
2770.0   4016.4  1.28968e+02  4.98714e-10
2760.0   4021.4  1.44515e+02  5.58435e-10
2750.0   4022.1  1.60306e+02  6.19634e-10
2740.0   4022.5  1.76723e+02  6.83287e-10
2730.0   4029.6  1.92905e+02  7.44769e-10
2720.0   4039.1  2.08328e+02  8.02605e-10
2710.0   4041.1  2.25783e+02  8.69624e-10
2700.0   4052.9  2.54450e+02  9.77497e-10
2690.0   4063.6  2.92394e+02  1.12069e-09
2680.0   4067.0  3.43115e+02  1.31446e-09
2670.0   4072.4  4.05345e+02  1.55127e-09
2660.0   4076.8  4.76471e+02  1.82198e-09
2650.0   4078.5  5.42292e+02  2.07321e-09
2640.0   4091.1  6.05294e+02  2.30725e-09
2630.0   4139.5  6.55346e+02  2.46887e-09
2620.0   4195.6  6.90250e+02  2.56556e-09
2610.0   4207.1  7.46252e+02  2.76629e-09
2600.0   4251.9  7.83058e+02  2.87211e-09
2590.0   4391.7  9.04137e+02  3.21067e-09
2580.0   4449.3  1.09309e+03  3.83192e-09
2570.0   4490.4  1.46549e+03  5.09153e-09
2560.0   4508.4  1.97096e+03  6.82172e-09
2550.0   4505.6  2.55918e+03  8.86465e-09
2540.0   4507.6  3.12187e+03  1.08099e-08
2530.0   4433.1  3.34153e+03  1.17664e-08
2520.0   4332.4  3.37594e+03  1.21651e-08
2510.0   4227.2  3.34890e+03  1.23703e-08
2500.0   4230.4  3.44420e+03  1.27129e-08
2490.0   4268.4  3.55851e+03  1.30173e-08
2480.0   4293.3  3.56748e+03  1.29738e-08
2470.0   4330.6  3.57127e+03  1.28751e-08
2460.0   4345.3  3.55286e+03  1.27649e-08
2450.0   4458.5  3.89112e+03  1.36244e-08
2440.0   4522.6  4.73883e+03  1.63581e-08
2430.0   4579.8  6.37075e+03  2.17191e-08
2420.0   4606.2  9.98177e+03  3.38420e-08
2410.0   4843.8  1.90473e+04  6.14152e-08
2400.0   4979.7  3.03863e+04  9.53106e-08
2390.0   5037.6  3.74979e+04  1.16272e-07
2380.0   5067.9  4.02517e+04  1.24069e-07
2370.0   5113.7  4.36829e+04  1.33438e-07
2360.0   5143.8  4.70988e+04  1.43032e-07
2350.0   5185.0  5.08798e+04  1.53287e-07
2340.0   5220.1  5.47274e+04  1.63770e-07
2330.0   5259.7  5.86340e+04  1.74140e-07
2320.0   5290.7  6.22073e+04  1.83669e-07
2310.0   5294.8  6.49651e+04  1.91668e-07
2300.0   5311.6  6.85859e+04  2.01714e-07
2290.0   5387.0  7.35034e+04  2.13138e-07
2280.0   5466.4  7.77084e+04  2.22043e-07
2270.0   5545.1  8.14613e+04  2.29441e-07
2260.0   5632.2  8.55387e+04  2.37181e-07
2250.0   5717.3  8.95500e+04  2.44587e-07
2240.0   5795.2  9.32405e+04  2.51227e-07
2230.0   5862.6  9.64200e+04  2.56794e-07
2220.0   5960.7  1.02453e+05  2.68355e-07
2210.0   6092.5  1.09427e+05  2.80397e-07
2200.0   6204.7  1.15359e+05  2.90225e-07
2190.0   6331.2  1.19642e+05  2.94947e-07
2180.0   6477.0  1.22177e+05  2.94359e-07
2170.0   6628.5  1.25783e+05  2.96062e-07
2160.0   6816.4  1.32123e+05  3.02332e-07
2150.0   6998.0  1.41083e+05  3.14347e-07
2140.0   7115.9  1.48286e+05  3.24843e-07
2130.0   7195.1  1.52789e+05  3.30958e-07
2120.0   7303.3  1.55132e+05  3.30945e-07
2110.0   7479.6  1.56326e+05  3.25424e-07
2100.0   7710.3  1.59299e+05  3.21343e-07
2090.0   7968.5  1.67233e+05  3.25928e-07
2080.0   8242.4  1.76510e+05  3.31880e-07
2070.0   8429.6  1.89471e+05  3.47771e-07
2060.0   8449.9  2.08487e+05  3.81831e-07
2050.0   8636.0  2.30782e+05  4.12865e-07
2040.0   9445.6  2.54745e+05  4.11090e-07
2030.0  10111.9  2.67528e+05  3.95483e-07
2020.0  10233.7  2.69748e+05  3.92213e-07
2010.0  10190.3  2.67302e+05  3.90916e-07
2000.0  10232.2  2.70467e+05  3.93364e-07
1990.0  10655.1  2.83441e+05  3.88766e-07
1980.0  11083.0  2.93102e+05  3.77600e-07
1970.0  11192.8  2.97573e+05  3.77150e-07
1960.0  11149.8  2.98146e+05  3.80441e-07
1950.0  11057.4  2.93945e+05  3.80220e-07
1940.0  11002.1  2.99169e+05  3.90514e-07
1930.0  10907.7  3.11272e+05  4.12715e-07
1920.0  10728.7  3.22444e+05  4.39388e-07
1910.0  10412.0  3.26894e+05  4.65910e-07
1900.0  10111.9  3.38115e+05  5.02182e-07
1890.0  10051.0  3.52028e+05  5.27438e-07
1880.0  10432.5  3.63312e+05  5.17652e-07
1870.0  10808.7  3.70678e+05  5.01546e-07
1860.0  10966.0  3.75474e+05  4.96928e-07
1850.0  10968.5  3.81525e+05  5.05020e-07
1840.0  10891.7  3.88424e+05  5.20151e-07
1830.0  10812.9  3.98748e+05  5.40399e-07
1820.0  10757.2  4.09231e+05  5.59375e-07
1810.0  10714.8  4.20049e+05  5.77983e-07
1800.0  10692.0  4.32427e+05  5.97364e-07
1790.0  10706.7  4.40015e+05  6.06914e-07
1780.0  10838.0  4.55577e+05  6.17750e-07
1770.0  11042.1  4.77820e+05  6.30679e-07
1760.0  11272.7  5.12540e+05  6.56324e-07
1750.0  11526.1  5.46505e+05  6.76301e-07
1740.0  11729.5  5.84379e+05  7.03858e-07
1730.0  11882.1  6.15290e+05  7.26166e-07
1720.0  11992.2  6.46018e+05  7.51766e-07
1710.0  12074.8  6.68463e+05  7.69640e-07
1700.0  12144.2  6.90300e+05  7.87829e-07
1690.0  12221.4  7.07730e+05  7.99370e-07
1680.0  12302.6  7.24990e+05  8.09852e-07
1670.0  12300.3  7.41471e+05  8.29624e-07
1660.0  12218.3  7.63996e+05  8.66948e-07
1650.0  12207.0  7.87907e+05  8.97043e-07
1640.0  12347.3  8.27856e+05  9.25347e-07
1630.0  12484.7  8.55306e+05  9.38073e-07
1620.0  12640.5  8.67117e+05  9.29345e-07
1610.0  12744.1  9.08277e+05  9.60806e-07
1600.0  12773.8  9.49966e+05  1.00328e-06
1590.0  12672.8  9.68939e+05  1.04066e-06
1580.0  12638.9  9.86416e+05  1.06608e-06
1570.0  12786.3  1.03630e+06  1.09860e-06
1560.0  12936.3  1.05743e+06  1.09703e-06
1550.0  13028.9  1.06191e+06  1.08635e-06
1540.0  13069.6  1.06617e+06  1.08414e-06
1530.0  13055.8  1.07847e+06  1.09987e-06
1520.0  13003.0  1.09761e+06  1.12991e-06
1510.0  12936.0  1.13160e+06  1.17921e-06
1500.0  12748.8  1.17071e+06  1.25725e-06
1490.0  12459.4  1.16886e+06  1.30921e-06
1480.0  12382.1  1.15492e+06  1.30717e-06
1470.0  12629.2  1.22611e+06  1.34363e-06
1460.0  12869.1  1.30355e+06  1.38430e-06
1450.0  12977.1  1.32395e+06  1.38507e-06
1440.0  13092.8  1.38869e+06  1.43247e-06
1430.0  13194.4  1.49046e+06  1.52137e-06
1420.0  13214.2  1.55772e+06  1.58986e-06
1410.0  13198.7  1.60069e+06  1.64024e-06
1400.0  13237.0  1.65376e+06  1.68864e-06
1390.0  13303.7  1.71422e+06  1.73746e-06
1380.0  13383.1  1.76606e+06  1.77291e-06
1370.0  13620.8  1.82575e+06  1.77387e-06
1360.0  13981.0  1.87750e+06  1.73174e-06
1350.0  14203.3  1.92823e+06  1.72307e-06
1340.0  14276.1  1.97353e+06  1.74752e-06
1330.0  14314.0  2.02216e+06  1.78411e-06
1320.0  14351.2  2.07178e+06  1.82149e-06
1310.0  14387.6  2.12150e+06  1.85883e-06
1300.0  14423.7  2.17055e+06  1.89524e-06
1290.0  14459.7  2.22029e+06  1.93199e-06
1280.0  14496.5  2.27104e+06  1.96910e-06
1270.0  14534.7  2.32365e+06  2.00716e-06
1260.0  14573.0  2.37649e+06  2.04501e-06
1250.0  14612.4  2.43141e+06  2.08410e-06
1240.0  14650.3  2.48772e+06  2.12453e-06
1230.0  14690.4  2.54774e+06  2.16727e-06
1220.0  14730.1  2.60751e+06  2.20952e-06
1210.0  14769.9  2.66873e+06  2.25267e-06
1200.0  14808.6  2.72938e+06  2.29529e-06
1190.0  14849.3  2.79392e+06  2.34045e-06
1180.0  14890.3  2.85978e+06  2.38629e-06
1170.0  14932.5  2.92880e+06  2.43413e-06
1160.0  14973.1  2.99676e+06  2.48104e-06
1150.0  15013.5  3.06590e+06  2.52861e-06
1140.0  15052.3  3.13391e+06  2.57524e-06
1130.0  15091.9  3.20450e+06  2.62339e-06
1120.0  15130.8  3.27529e+06  2.67146e-06
1110.0  15170.7  3.34930e+06  2.72155e-06
1100.0  15209.5  3.42292e+06  2.77120e-06
1090.0  15249.1  3.49942e+06  2.82257e-06
1080.0  15288.3  3.57604e+06  2.87376e-06
1070.0  15328.7  3.65627e+06  2.92713e-06
1060.0  15368.7  3.73711e+06  2.98066e-06
1050.0  15409.4  3.82020e+06  3.03543e-06
1040.0  15449.5  3.90315e+06  3.08983e-06
1030.0  15490.1  3.98786e+06  3.14514e-06
1020.0  15530.6  4.07349e+06  3.20078e-06
1010.0  15571.4  4.16147e+06  3.25774e-06
1000.0  15611.5  4.24987e+06  3.31478e-06
 990.0  15651.4  4.33972e+06  3.37259e-06
 980.0  15690.8  4.43055e+06  3.43081e-06
 970.0  15730.4  4.52353e+06  3.49020e-06
 960.0  15770.3  4.61931e+06  3.55121e-06
 950.0  15810.5  4.71778e+06  3.61376e-06
 940.0  15850.6  4.81830e+06  3.67741e-06
 930.0  15890.5  4.91974e+06  3.74140e-06
 920.0  15929.8  5.02139e+06  3.80523e-06
 910.0  15968.9  5.12352e+06  3.86903e-06
 900.0  16008.2  5.22718e+06  3.93346e-06
 890.0  16047.6  5.33248e+06  3.99859e-06
 880.0  16087.9  5.44142e+06  4.06567e-06
 870.0  16128.1  5.55195e+06  4.13356e-06
 860.0  16167.9  5.66460e+06  4.20289e-06
 850.0  16206.1  5.77699e+06  4.27238e-06
 840.0  16242.6  5.88876e+06  4.34170e-06
 830.0  16279.4  6.00214e+06  4.41157e-06
 820.0  16316.5  6.11737e+06  4.48213e-06
 810.0  16355.8  6.23896e+06  4.55577e-06
 800.0  16396.5  6.36510e+06  4.63148e-06
 790.0  16437.1  6.49410e+06  4.70888e-06
 780.0  16478.8  6.62761e+06  4.78837e-06
 770.0  16519.3  6.76249e+06  4.86895e-06
 760.0  16558.8  6.89625e+06  4.94859e-06
 750.0  16599.9  7.03583e+06  5.03100e-06
 740.0  16640.4  7.17631e+06  5.11380e-06
 730.0  16680.2  7.31843e+06  5.19758e-06
 720.0  16719.5  7.45870e+06  5.27963e-06
 710.0  16759.1  7.60194e+06  5.36306e-06
 700.0  16797.0  7.74406e+06  5.44630e-06
 690.0  16837.1  7.89299e+06  5.53253e-06
 680.0  16876.4  8.04464e+06  5.62090e-06
 670.0  16917.0  8.20122e+06  5.71134e-06
 660.0  16956.5  8.36260e+06  5.80553e-06
 650.0  16998.6  8.52991e+06  5.90137e-06
 640.0  17041.2  8.70117e+06  5.99887e-06
 630.0  17085.5  8.87541e+06  6.09631e-06
 620.0  17129.2  9.05060e+06  6.19396e-06
 610.0  17173.0  9.22985e+06  6.29359e-06
 600.0  17218.2  9.41141e+06  6.39283e-06
 590.0  17266.4  9.59679e+06  6.49133e-06
 580.0  17314.3  9.78101e+06  6.58822e-06
 570.0  17361.0  9.96543e+06  6.68528e-06
 560.0  17406.0  1.01536e+07  6.78555e-06
 550.0  17447.9  1.03449e+07  6.88989e-06
 540.0  17489.4  1.05374e+07  6.99461e-06
 530.0  17531.5  1.07325e+07  7.09998e-06
 520.0  17572.3  1.09289e+07  7.20650e-06
 510.0  17612.8  1.11294e+07  7.31545e-06
 500.0  17654.4  1.13317e+07  7.42389e-06
 490.0  17696.0  1.15369e+07  7.53373e-06
 480.0  17737.8  1.17450e+07  7.64445e-06
 470.0  17778.4  1.19555e+07  7.75702e-06
 460.0  17819.7  1.21698e+07  7.87069e-06
 450.0  17860.2  1.23863e+07  7.98560e-06
 440.0  17901.2  1.26079e+07  8.10277e-06
 430.0  17941.3  1.28317e+07  8.22124e-06
 420.0  17982.6  1.30614e+07  8.34175e-06
 410.0  18022.9  1.32918e+07  8.46286e-06
 400.0  18063.3  1.35260e+07  8.58539e-06
 390.0  18102.6  1.37607e+07  8.70833e-06
 380.0  18142.1  1.40000e+07  8.83338e-06
 370.0  18181.8  1.42405e+07  8.95815e-06
 360.0  18221.9  1.44874e+07  9.08573e-06
 350.0  18262.7  1.47357e+07  9.21263e-06
 340.0  18303.9  1.49896e+07  9.34201e-06
 330.0  18344.9  1.52438e+07  9.47079e-06
 320.0  18385.9  1.55047e+07  9.60328e-06
 310.0  18427.5  1.57676e+07  9.73553e-06
 300.0  18470.5  1.60351e+07  9.86835e-06
 290.0  18513.3  1.63040e+07  1.00014e-05
 280.0  18555.3  1.65786e+07  1.01382e-05
 270.0  18595.2  1.68418e+07  1.02686e-05
 260.0  18635.9  1.71091e+07  1.03997e-05
 250.0  18676.0  1.73821e+07  1.05343e-05
 240.0  18716.8  1.76696e+07  1.06766e-05
 230.0  18759.2  1.79670e+07  1.08224e-05
 220.0  18801.1  1.82700e+07  1.09711e-05
 210.0  18842.3  1.85786e+07  1.11234e-05
 200.0  18883.5  1.88921e+07  1.12776e-05
 190.0  18920.7  1.91987e+07  1.14314e-05
 180.0  18957.9  1.95290e+07  1.15997e-05
 170.0  18997.5  1.98567e+07  1.17618e-05
 160.0  19043.8  2.01828e+07  1.19127e-05
 150.0  19084.8  2.04838e+07  1.20531e-05
 140.0  19123.0  2.08227e+07  1.22210e-05
 130.0  19161.8  2.11706e+07  1.23927e-05
 120.0  19202.4  2.15161e+07  1.25593e-05
 110.0  19240.2  2.18730e+07  1.27360e-05
 100.0  19275.7  2.22334e+07  1.29173e-05
  90.0  19310.2  2.25918e+07  1.30980e-05
  80.0  19347.8  2.29364e+07  1.32641e-05
  70.0  19391.6  2.32520e+07  1.34016e-05
  60.0  19450.6  2.35890e+07  1.35284e-05
  50.0  19516.1  2.39773e+07  1.36766e-05
  40.0  19563.9  2.43678e+07  1.38509e-05
  30.0  19601.1  2.47453e+07  1.40320e-05
  20.0  19655.0  2.51440e+07  1.41989e-05
  10.0  19709.4  2.55415e+07  1.43625e-05
   0.0  19763.6  2.59452e+07  1.45285e-05
