1590.0   3900.1  1.88566e+00  7.48710e-12
1580.0   3900.1  2.10322e+00  8.35092e-12
1570.0   3900.1  2.34587e+00  9.31441e-12
1560.0   3900.1  2.61653e+00  1.03891e-11
1550.0   3900.1  2.91841e+00  1.15877e-11
1540.0   3900.1  3.25512e+00  1.29246e-11
1530.0   3900.1  3.63067e+00  1.44158e-11
1520.0   3900.1  4.04956e+00  1.60790e-11
1510.0   3900.1  4.51678e+00  1.79341e-11
1500.0   3900.1  5.03790e+00  2.00032e-11
1490.0   3900.1  5.61914e+00  2.23111e-11
1480.0   3900.1  6.26745e+00  2.48852e-11
1470.0   3900.1  6.99055e+00  2.77563e-11
1460.0   3900.1  7.79708e+00  3.09587e-11
1450.0   3900.1  8.69666e+00  3.45305e-11
1440.0   3900.1  9.70003e+00  3.85145e-11
1430.0   3900.1  1.08192e+01  4.29580e-11
1420.0   3900.1  1.20674e+01  4.79143e-11
1410.0   3900.1  1.34597e+01  5.34424e-11
1400.0   3900.1  1.50126e+01  5.96082e-11
1390.0   3900.1  1.67447e+01  6.64855e-11
1380.0   3900.1  1.86766e+01  7.41562e-11
1370.0   3900.1  2.08314e+01  8.27120e-11
1360.0   3900.1  2.32348e+01  9.22548e-11
1350.0   3900.1  2.59155e+01  1.01387e-10
1340.0   3813.8  2.63301e+01  1.05582e-10
1330.0   3657.3  2.71538e+01  1.13975e-10
1320.0   3546.5  2.80750e+01  1.21832e-10
1310.0   3423.3  3.18693e+01  1.43764e-10
1300.0   3389.3  3.74173e+01  1.70836e-10
1290.0   3420.1  4.32405e+01  1.95827e-10
1280.0   3453.9  4.91697e+01  2.20649e-10
1270.0   3526.2  5.54416e+01  2.43759e-10
1260.0   3603.0  5.94295e+01  2.55688e-10
1250.0   3618.3  5.92886e+01  2.53965e-10
1240.0   3644.9  5.70305e+01  2.42375e-10
1230.0   3677.9  5.29867e+01  2.22958e-10
1220.0   3686.3  4.71170e+01  1.97566e-10
1210.0   3686.1  4.05200e+01  1.69639e-10
1200.0   3681.8  3.35693e+01  1.40369e-10
1190.0   3696.7  2.80117e+01  1.16301e-10
1180.0   3688.1  2.24939e+01  9.32339e-11
1170.0   3677.5  1.83143e+01  7.57810e-11
1160.0   3659.6  1.55610e+01  6.44445e-11
1150.0   3636.0  1.42804e+01  5.94149e-11
1140.0   3605.6  1.33261e+01  5.58479e-11
1130.0   3615.0  1.39915e+01  5.85563e-11
1120.0   3644.1  1.54543e+01  6.42950e-11
1110.0   3677.8  1.74518e+01  7.21139e-11
1100.0   3705.2  1.98624e+01  8.16759e-11
1090.0   3719.7  2.23487e+01  9.17627e-11
1080.0   3745.1  2.54907e+01  1.04179e-10
1070.0   3777.7  2.87406e+01  1.16639e-10
1060.0   3801.4  3.20047e+01  1.29261e-10
1050.0   3828.6  3.57554e+01  1.43574e-10
1040.0   3856.3  3.98677e+01  1.59124e-10
1030.0   3858.6  4.38850e+01  1.75278e-10
1020.0   3859.9  4.78012e+01  1.91056e-10
1010.0   3863.0  5.14293e+01  2.05556e-10
1000.0   3865.9  5.45089e+01  2.17832e-10
 990.0   3875.9  5.68422e+01  2.26643e-10
 980.0   3890.2  5.90771e+01  2.34745e-10
 970.0   3902.5  6.07768e+01  2.40771e-10
 960.0   3915.8  6.35065e+01  2.50803e-10
 950.0   3926.1  6.82966e+01  2.69166e-10
 940.0   3939.5  7.40348e+01  2.90962e-10
 930.0   3972.0  8.28883e+01  3.23293e-10
 920.0   3993.0  9.25806e+01  3.59440e-10
 910.0   3996.1  1.02664e+02  3.98540e-10
 900.0   4006.8  1.14826e+02  4.44832e-10
 890.0   4016.4  1.28968e+02  4.98714e-10
 880.0   4021.4  1.44515e+02  5.58435e-10
 870.0   4022.1  1.60306e+02  6.19634e-10
 860.0   4022.5  1.76723e+02  6.83287e-10
 850.0   4029.6  1.92905e+02  7.44769e-10
 840.0   4039.1  2.08328e+02  8.02605e-10
 830.0   4041.1  2.25783e+02  8.69624e-10
 820.0   4052.9  2.54450e+02  9.77497e-10
 810.0   4063.6  2.92394e+02  1.12069e-09
 800.0   4067.0  3.43115e+02  1.31446e-09
 790.0   4072.4  4.05345e+02  1.55127e-09
 780.0   4076.8  4.76471e+02  1.82198e-09
 770.0   4078.5  5.42292e+02  2.07321e-09
 760.0   4091.1  6.05294e+02  2.30725e-09
 750.0   4139.5  6.55346e+02  2.46887e-09
 740.0   4195.6  6.90250e+02  2.56556e-09
 730.0   4207.1  7.46252e+02  2.76629e-09
 720.0   4251.9  7.83058e+02  2.87211e-09
 710.0   4391.7  9.04137e+02  3.21067e-09
 700.0   4449.3  1.09309e+03  3.83192e-09
 690.0   4490.4  1.46549e+03  5.09153e-09
 680.0   4508.4  1.97096e+03  6.82172e-09
 670.0   4505.6  2.55918e+03  8.86465e-09
 660.0   4507.6  3.12187e+03  1.08099e-08
 650.0   4433.1  3.34153e+03  1.17664e-08
 640.0   4332.4  3.37594e+03  1.21651e-08
 630.0   4227.2  3.34890e+03  1.23703e-08
 620.0   4230.4  3.44420e+03  1.27129e-08
 610.0   4268.4  3.55851e+03  1.30173e-08
 600.0   4293.3  3.56748e+03  1.29738e-08
 590.0   4330.6  3.57127e+03  1.28751e-08
 580.0   4345.3  3.55286e+03  1.27649e-08
 570.0   4458.5  3.89112e+03  1.36244e-08
 560.0   4522.6  4.73883e+03  1.63581e-08
 550.0   4579.8  6.37075e+03  2.17191e-08
 540.0   4606.2  9.98177e+03  3.38420e-08
 530.0   4843.8  1.90473e+04  6.14152e-08
 520.0   4979.7  3.03863e+04  9.53106e-08
 510.0   5037.6  3.74979e+04  1.16272e-07
 500.0   5067.9  4.02517e+04  1.24069e-07
 490.0   5113.7  4.36829e+04  1.33438e-07
 480.0   5143.8  4.70988e+04  1.43032e-07
 470.0   5185.0  5.08798e+04  1.53287e-07
 460.0   5220.1  5.47274e+04  1.63770e-07
 450.0   5259.7  5.86340e+04  1.74140e-07
 440.0   5290.7  6.22073e+04  1.83669e-07
 430.0   5294.8  6.49651e+04  1.91668e-07
 420.0   5311.6  6.85859e+04  2.01714e-07
 410.0   5387.0  7.35034e+04  2.13138e-07
 400.0   5466.4  7.77084e+04  2.22043e-07
 390.0   5545.1  8.14613e+04  2.29441e-07
 380.0   5632.2  8.55387e+04  2.37181e-07
 370.0   5717.3  8.95500e+04  2.44587e-07
 360.0   5795.2  9.32405e+04  2.51227e-07
 350.0   5862.6  9.64200e+04  2.56794e-07
 340.0   5960.7  1.02453e+05  2.68355e-07
 330.0   6092.5  1.09427e+05  2.80397e-07
 320.0   6204.7  1.15359e+05  2.90225e-07
 310.0   6331.2  1.19642e+05  2.94947e-07
 300.0   6477.0  1.22177e+05  2.94359e-07
 290.0   6628.5  1.25783e+05  2.96062e-07
 280.0   6816.4  1.32123e+05  3.02332e-07
 270.0   6998.0  1.41083e+05  3.14347e-07
 260.0   7115.9  1.48286e+05  3.24843e-07
 250.0   7195.1  1.52789e+05  3.30958e-07
 240.0   7303.3  1.55132e+05  3.30945e-07
 230.0   7479.6  1.56326e+05  3.25424e-07
 220.0   7710.3  1.59299e+05  3.21343e-07
 210.0   7968.5  1.67233e+05  3.25928e-07
 200.0   8242.4  1.76510e+05  3.31880e-07
 190.0   8429.6  1.89471e+05  3.47771e-07
 180.0   8449.9  2.08487e+05  3.81831e-07
 170.0   8636.0  2.30782e+05  4.12865e-07
 160.0   9445.6  2.54745e+05  4.11090e-07
 150.0  10111.9  2.67528e+05  3.95483e-07
 140.0  10233.7  2.69748e+05  3.92213e-07
 130.0  10190.3  2.67302e+05  3.90916e-07
 120.0  10232.2  2.70467e+05  3.93364e-07
 110.0  10655.1  2.83441e+05  3.88766e-07
 100.0  11083.0  2.93102e+05  3.77600e-07
  90.0  11192.8  2.97573e+05  3.77150e-07
  80.0  11149.8  2.98146e+05  3.80441e-07
  70.0  11057.4  2.93945e+05  3.80220e-07
  60.0  11002.1  2.99169e+05  3.90514e-07
  50.0  10907.7  3.11272e+05  4.12715e-07
  40.0  10728.7  3.22444e+05  4.39388e-07
  30.0  10412.0  3.26894e+05  4.65910e-07
  20.0  10111.9  3.38115e+05  5.02182e-07
  10.0  10051.0  3.52028e+05  5.27438e-07
   0.0  10432.5  3.63312e+05  5.17652e-07
