1490.0   3831.3  2.15930e+00  8.72746e-12
1480.0   3831.3  2.41315e+00  9.75348e-12
1470.0   3831.3  2.69685e+00  1.09001e-11
1460.0   3831.3  3.01389e+00  1.21816e-11
1450.0   3831.3  3.36821e+00  1.36137e-11
1440.0   3831.3  3.76419e+00  1.52141e-11
1430.0   3831.3  4.20671e+00  1.70027e-11
1420.0   3831.3  4.70126e+00  1.90016e-11
1410.0   3831.3  5.25395e+00  2.12354e-11
1400.0   3831.3  5.87162e+00  2.37319e-11
1390.0   3831.3  6.56190e+00  2.65219e-11
1380.0   3831.3  7.33333e+00  2.96399e-11
1370.0   3831.3  8.19545e+00  3.31244e-11
1360.0   3831.3  9.15892e+00  3.70186e-11
1350.0   3831.3  1.02357e+01  4.13706e-11
1340.0   3831.3  1.14390e+01  4.62342e-11
1330.0   3831.3  1.27838e+01  5.16695e-11
1320.0   3831.3  1.42867e+01  5.77439e-11
1310.0   3831.3  1.59662e+01  6.45324e-11
1300.0   3831.3  1.78433e+01  7.21190e-11
1290.0   3831.3  1.99410e+01  8.05975e-11
1280.0   3831.3  2.22853e+01  9.00727e-11
1270.0   3831.3  2.49052e+01  1.00662e-10
1260.0   3831.3  2.78331e+01  1.12496e-10
1250.0   3831.3  3.11052e+01  1.24515e-10
1240.0   3753.3  3.27346e+01  1.34067e-10
1230.0   3610.6  3.63975e+01  1.55524e-10
1220.0   3572.6  3.83596e+01  1.65839e-10
1210.0   3592.4  4.19358e+01  1.80423e-10
1200.0   3610.5  4.45927e+01  1.90972e-10
1190.0   3625.1  4.78924e+01  2.04383e-10
1180.0   3645.6  5.06269e+01  2.14902e-10
1170.0   3673.1  5.28014e+01  2.22476e-10
1160.0   3711.0  5.45070e+01  2.27289e-10
1150.0   3762.7  5.72355e+01  2.35376e-10
1140.0   3821.0  6.12393e+01  2.48006e-10
1130.0   3873.5  6.60178e+01  2.63775e-10
1120.0   3891.7  7.02900e+01  2.79634e-10
1110.0   3916.9  7.47122e+01  2.95399e-10
1100.0   3956.6  7.95105e+01  3.11263e-10
1090.0   3975.6  8.47308e+01  3.30230e-10
1080.0   3980.1  9.02269e+01  3.51404e-10
1070.0   3992.3  9.67994e+01  3.75999e-10
1060.0   4009.2  1.06584e+02  4.12467e-10
1050.0   4028.2  1.17760e+02  4.53787e-10
1040.0   4030.2  1.27767e+02  4.92322e-10
1030.0   4028.9  1.37948e+02  5.31932e-10
1020.0   4034.3  1.49020e+02  5.74056e-10
1010.0   4053.4  1.59737e+02  6.12574e-10
1000.0   4070.9  1.68153e+02  6.42167e-10
 990.0   4080.9  1.74689e+02  6.65566e-10
 980.0   4090.0  1.78260e+02  6.77687e-10
 970.0   4102.1  1.79567e+02  6.80632e-10
 960.0   4110.0  1.79667e+02  6.79686e-10
 950.0   4107.5  1.81742e+02  6.87988e-10
 940.0   4115.3  1.92837e+02  7.28755e-10
 930.0   4130.4  2.08052e+02  7.83557e-10
 920.0   4150.4  2.28685e+02  8.57318e-10
 910.0   4148.3  2.55820e+02  9.59894e-10
 900.0   4145.9  2.88737e+02  1.08440e-09
 890.0   4140.4  3.26320e+02  1.22757e-09
 880.0   4120.8  3.63109e+02  1.37288e-09
 870.0   4093.6  4.01042e+02  1.52677e-09
 860.0   4056.1  4.39787e+02  1.69015e-09
 850.0   4020.2  4.81462e+02  1.86726e-09
 840.0   4003.3  5.34476e+02  2.08200e-09
 830.0   4004.1  5.99546e+02  2.33539e-09
 820.0   4018.6  6.82244e+02  2.64825e-09
 810.0   4043.0  7.78161e+02  3.00264e-09
 800.0   4071.2  8.88555e+02  3.40514e-09
 790.0   4105.2  1.01184e+03  3.84576e-09
 780.0   4140.5  1.15665e+03  4.35894e-09
 770.0   4162.6  1.30752e+03  4.90178e-09
 760.0   4184.6  1.46527e+03  5.46466e-09
 750.0   4186.3  1.62429e+03  6.05565e-09
 740.0   4140.7  1.77955e+03  6.70852e-09
 730.0   4101.2  1.97433e+03  7.51564e-09
 720.0   4099.8  2.20498e+03  8.39738e-09
 710.0   4097.2  2.41170e+03  9.19119e-09
 700.0   4108.8  2.64555e+03  1.00544e-08
 690.0   4110.5  2.80514e+03  1.06570e-08
 680.0   4105.9  2.98109e+03  1.13390e-08
 670.0   4108.9  3.20996e+03  1.22014e-08
 660.0   4156.1  3.55154e+03  1.33460e-08
 650.0   4199.9  3.87874e+03  1.44233e-08
 640.0   4157.0  3.97624e+03  1.49404e-08
 630.0   4053.8  3.97216e+03  1.53107e-08
 620.0   4055.2  4.36048e+03  1.68036e-08
 610.0   4126.2  4.99751e+03  1.89239e-08
 600.0   4190.2  5.64714e+03  2.10560e-08
 590.0   4326.4  6.85195e+03  2.47385e-08
 580.0   4364.1  7.94374e+03  2.84342e-08
 570.0   4361.0  8.66059e+03  3.10247e-08
 560.0   4360.8  9.20900e+03  3.29926e-08
 550.0   4373.8  1.01486e+04  3.62538e-08
 540.0   4367.5  1.11213e+04  3.97908e-08
 530.0   4379.0  1.21918e+04  4.35096e-08
 520.0   4431.2  1.26631e+04  4.46541e-08
 510.0   4550.0  1.25969e+04  4.32471e-08
 500.0   4728.8  1.28109e+04  4.23079e-08
 490.0   4769.4  1.37005e+04  4.48596e-08
 480.0   4932.7  1.69792e+04  5.37501e-08
 470.0   4948.5  1.93249e+04  6.09832e-08
 460.0   4942.5  2.13780e+04  6.75487e-08
 450.0   4935.1  2.32029e+04  7.34283e-08
 440.0   4936.1  2.49372e+04  7.89047e-08
 430.0   4943.2  2.64144e+04  8.34611e-08
 420.0   4974.8  2.82413e+04  8.86661e-08
 410.0   5028.9  3.08168e+04  9.57091e-08
 400.0   5100.5  3.41249e+04  1.04494e-07
 390.0   5174.2  3.81584e+04  1.15180e-07
 380.0   5263.3  4.24836e+04  1.26062e-07
 370.0   5330.0  4.63791e+04  1.35894e-07
 360.0   5375.1  4.99854e+04  1.45232e-07
 350.0   5411.3  5.38534e+04  1.55422e-07
 340.0   5434.6  5.73998e+04  1.64949e-07
 330.0   5470.1  6.15876e+04  1.75834e-07
 320.0   5532.7  6.68025e+04  1.88559e-07
 310.0   5585.9  7.15657e+04  2.00073e-07
 300.0   5654.6  7.64735e+04  2.11186e-07
 290.0   5754.9  8.20863e+04  2.22718e-07
 280.0   5843.5  8.73801e+04  2.33474e-07
 270.0   5944.9  9.31433e+04  2.44613e-07
 260.0   6073.8  9.92031e+04  2.54977e-07
 250.0   6216.8  1.05870e+05  2.65821e-07
 240.0   6361.8  1.12892e+05  2.76948e-07
 230.0   6608.6  1.19193e+05  2.81398e-07
 220.0   6802.0  1.27050e+05  2.91337e-07
 210.0   6866.1  1.35508e+05  3.07807e-07
 200.0   8007.3  1.45934e+05  2.82845e-07
 190.0   9805.4  1.53267e+05  2.33688e-07
 180.0  10637.4  1.59060e+05  2.14277e-07
 170.0  10758.4  1.64663e+05  2.17859e-07
 160.0  10843.3  1.70225e+05  2.22447e-07
 150.0  10879.9  1.75725e+05  2.28593e-07
 140.0  10924.8  1.81610e+05  2.34882e-07
 130.0  10964.8  1.87635e+05  2.41472e-07
 120.0  11007.0  1.94002e+05  2.48349e-07
 110.0  11048.0  2.00507e+05  2.55363e-07
 100.0  11089.7  2.07355e+05  2.62715e-07
  90.0  11132.1  2.14581e+05  2.70432e-07
  80.0  11175.1  2.22192e+05  2.78529e-07
  70.0  11218.3  2.30046e+05  2.86831e-07
  60.0  11261.4  2.38198e+05  2.95413e-07
  50.0  11304.6  2.46539e+05  3.04137e-07
  40.0  11348.8  2.55327e+05  3.13276e-07
  30.0  11394.3  2.64549e+05  3.22802e-07
  20.0  11440.8  2.74360e+05  3.32886e-07
  10.0  11487.7  2.84645e+05  3.43402e-07
   0.0  11535.1  2.95458e+05  3.54402e-07
