1490.0   4602.7  5.44525e+00  1.83200e-11
1480.0   4602.7  5.97309e+00  2.00959e-11
1470.0   4602.7  6.55210e+00  2.20440e-11
1460.0   4602.7  7.18724e+00  2.41808e-11
1450.0   4602.7  7.88395e+00  2.65248e-11
1440.0   4602.7  8.64819e+00  2.90960e-11
1430.0   4602.7  9.48651e+00  3.19165e-11
1420.0   4602.7  1.04061e+01  3.50104e-11
1410.0   4602.7  1.14148e+01  3.84042e-11
1400.0   4602.7  1.25213e+01  4.21269e-11
1390.0   4602.7  1.37351e+01  4.62106e-11
1380.0   4602.7  1.50666e+01  5.06901e-11
1370.0   4602.7  1.65271e+01  5.56038e-11
1360.0   4602.7  1.81291e+01  6.09938e-11
1350.0   4602.7  1.98865e+01  6.69063e-11
1340.0   4602.7  2.18142e+01  7.33920e-11
1330.0   4602.7  2.39288e+01  8.05064e-11
1320.0   4602.7  2.62484e+01  8.83104e-11
1310.0   4602.7  2.87928e+01  9.68709e-11
1300.0   4602.7  3.15839e+01  1.06261e-10
1290.0   4602.7  3.46455e+01  1.16562e-10
1280.0   4602.7  3.80039e+01  1.27861e-10
1270.0   4602.7  4.16879e+01  1.40255e-10
1260.0   4602.7  4.57290e+01  1.53851e-10
1250.0   4602.7  5.01618e+01  1.66251e-10
1240.0   4345.3  5.21139e+01  1.83974e-10
1230.0   3911.4  5.73535e+01  2.26538e-10
1220.0   3796.8  6.09455e+01  2.48438e-10
1210.0   3795.2  6.33782e+01  2.58555e-10
1200.0   3812.0  6.68988e+01  2.71790e-10
1190.0   3831.4  6.94078e+01  2.80591e-10
1180.0   3839.0  7.19566e+01  2.90387e-10
1170.0   3858.8  7.45144e+01  2.99195e-10
1160.0   3870.3  7.55885e+01  3.02606e-10
1150.0   3876.0  7.64913e+01  3.05787e-10
1140.0   3876.9  7.68498e+01  3.07155e-10
1130.0   3882.9  7.77790e+01  3.10397e-10
1120.0   3891.9  7.83437e+01  3.11922e-10
1110.0   3903.9  7.90215e+01  3.13644e-10
1100.0   3917.8  7.99482e+01  3.16194e-10
1090.0   3931.5  8.06298e+01  3.17760e-10
1080.0   3951.9  8.08074e+01  3.16769e-10
1070.0   3968.8  8.00280e+01  3.12313e-10
1060.0   3990.3  7.86003e+01  3.04992e-10
1050.0   4008.1  7.59342e+01  2.93207e-10
1040.0   4025.9  7.24274e+01  2.78261e-10
1030.0   4076.8  6.82642e+01  2.58711e-10
1020.0   4141.7  6.46883e+01  2.41006e-10
1010.0   4182.9  6.10420e+01  2.24909e-10
1000.0   4188.9  5.63437e+01  2.07063e-10
 990.0   4212.6  5.21589e+01  1.90325e-10
 980.0   4226.5  4.73843e+01  1.72022e-10
 970.0   4279.0  4.45771e+01  1.59522e-10
 960.0   4330.8  4.31596e+01  1.52361e-10
 950.0   4329.9  4.16469e+01  1.46942e-10
 940.0   4333.8  4.09686e+01  1.44353e-10
 930.0   4350.3  4.11639e+01  1.44455e-10
 920.0   4360.6  4.13429e+01  1.44722e-10
 910.0   4381.1  4.15992e+01  1.44895e-10
 900.0   4382.3  4.16633e+01  1.45079e-10
 890.0   4366.5  4.22159e+01  1.47628e-10
 880.0   4357.9  4.40523e+01  1.54527e-10
 870.0   4374.1  4.76407e+01  1.66711e-10
 860.0   4383.5  5.25231e+01  1.83712e-10
 850.0   4430.2  6.42051e+01  2.22786e-10
 840.0   4554.4  8.19067e+01  2.76980e-10
 830.0   4620.2  1.07387e+02  3.58905e-10
 820.0   4590.6  1.52593e+02  5.15043e-10
 810.0   4516.2  1.96009e+02  6.73856e-10
 800.0   4434.5  2.28073e+02  7.99420e-10
 790.0   4395.3  2.55116e+02  9.02715e-10
 780.0   4402.1  2.82470e+02  9.98295e-10
 770.0   4414.7  3.00995e+02  1.06091e-09
 760.0   4419.0  3.07644e+02  1.08336e-09
 750.0   4419.1  2.94216e+02  1.03590e-09
 740.0   4414.2  2.70889e+02  9.54560e-10
 730.0   4440.6  2.35878e+02  8.25737e-10
 720.0   4500.4  1.88715e+02  6.50974e-10
 710.0   4551.8  1.33174e+02  4.52970e-10
 700.0   4539.8  9.45682e+01  3.21461e-10
 690.0   4562.9  7.46643e+01  2.51660e-10
 680.0   4532.1  5.28203e+01  1.78241e-10
 670.0   4641.3  7.06652e+01  2.33693e-10
 660.0   4552.8  1.28722e+02  4.37597e-10
 650.0   4462.0  2.56421e+02  8.93579e-10
 640.0   4278.1  4.17899e+02  1.52182e-09
 630.0   4198.1  6.31336e+02  2.34489e-09
 620.0   4162.2  8.05949e+02  3.02030e-09
 610.0   4197.0  9.72045e+02  3.61306e-09
 600.0   4260.7  1.12057e+03  4.10307e-09
 590.0   4275.8  1.23750e+03  4.51555e-09
 580.0   4295.2  1.33568e+03  4.85194e-09
 570.0   4266.4  1.40202e+03  5.12764e-09
 560.0   4171.6  1.41571e+03  5.29619e-09
 550.0   4127.3  1.40938e+03  5.32938e-09
 540.0   4102.1  1.39185e+03  5.29560e-09
 530.0   4123.8  1.38736e+03  5.25057e-09
 520.0   4170.4  1.41267e+03  5.28633e-09
 510.0   4189.0  1.43458e+03  5.34436e-09
 500.0   4238.6  1.59014e+03  5.85473e-09
 490.0   4289.2  2.07811e+03  7.56195e-09
 480.0   4331.6  3.77497e+03  1.36066e-08
 470.0   4393.2  7.57096e+03  2.69174e-08
 460.0   4476.0  1.29535e+04  4.52169e-08
 450.0   4635.9  2.09140e+04  7.04927e-08
 440.0   4709.5  2.87912e+04  9.55425e-08
 430.0   4768.4  3.16329e+04  1.03669e-07
 420.0   4759.4  3.39079e+04  1.11346e-07
 410.0   4782.9  3.74304e+04  1.22316e-07
 400.0   4804.5  4.05912e+04  1.32054e-07
 390.0   4871.6  4.48292e+04  1.43823e-07
 380.0   4938.4  4.98894e+04  1.57879e-07
 370.0   4993.7  5.49373e+04  1.71919e-07
 360.0   5051.0  5.97347e+04  1.84808e-07
 350.0   5111.7  6.44147e+04  1.96911e-07
 340.0   5183.9  6.93537e+04  2.09044e-07
 330.0   5261.9  7.44019e+04  2.20916e-07
 320.0   5349.4  7.98786e+04  2.33283e-07
 310.0   5443.8  8.55721e+04  2.45553e-07
 300.0   5562.4  9.16210e+04  2.57267e-07
 290.0   5691.1  9.77308e+04  2.68182e-07
 280.0   5843.2  1.04562e+05  2.79418e-07
 270.0   6023.8  1.12328e+05  2.91136e-07
 260.0   6264.5  1.21433e+05  3.02578e-07
 250.0   6558.0  1.30001e+05  3.09317e-07
 240.0   6869.4  1.39372e+05  3.16439e-07
 230.0   8117.0  1.46825e+05  2.80468e-07
 220.0  10032.7  1.53048e+05  2.25834e-07
 210.0  10609.6  1.58163e+05  2.13967e-07
 200.0  10789.5  1.64681e+05  2.16783e-07
 190.0  10858.0  1.71025e+05  2.23001e-07
 180.0  10908.3  1.77676e+05  2.30179e-07
 170.0  10954.4  1.84406e+05  2.37521e-07
 160.0  10997.6  1.91247e+05  2.45026e-07
 150.0  11039.3  1.98265e+05  2.52730e-07
 140.0  11078.8  2.05346e+05  2.60511e-07
 130.0  11118.4  2.12647e+05  2.68482e-07
 120.0  11159.3  2.20018e+05  2.76387e-07
 110.0  11202.9  2.27619e+05  2.84375e-07
 100.0  11243.8  2.35452e+05  2.92681e-07
  90.0  11276.3  2.43562e+05  3.01670e-07
  80.0  11294.5  2.52106e+05  3.11881e-07
  70.0  11290.6  2.60677e+05  3.23259e-07
  60.0  11259.2  2.69156e+05  3.36014e-07
  50.0  11207.7  2.78256e+05  3.50794e-07
  40.0  11147.6  2.87357e+05  3.66219e-07
  30.0  11087.2  2.95338e+05  3.80355e-07
  20.0  11030.8  3.01981e+05  3.92616e-07
  10.0  10990.8  3.08060e+05  4.03264e-07
   0.0  10981.2  3.16175e+05  4.14896e-07
