3470.0   4602.7  5.44525e+00  1.83200e-11
3460.0   4602.7  5.97309e+00  2.00959e-11
3450.0   4602.7  6.55210e+00  2.20440e-11
3440.0   4602.7  7.18724e+00  2.41808e-11
3430.0   4602.7  7.88395e+00  2.65248e-11
3420.0   4602.7  8.64819e+00  2.90960e-11
3410.0   4602.7  9.48651e+00  3.19165e-11
3400.0   4602.7  1.04061e+01  3.50104e-11
3390.0   4602.7  1.14148e+01  3.84042e-11
3380.0   4602.7  1.25213e+01  4.21269e-11
3370.0   4602.7  1.37351e+01  4.62106e-11
3360.0   4602.7  1.50666e+01  5.06901e-11
3350.0   4602.7  1.65271e+01  5.56038e-11
3340.0   4602.7  1.81291e+01  6.09938e-11
3330.0   4602.7  1.98865e+01  6.69063e-11
3320.0   4602.7  2.18142e+01  7.33920e-11
3310.0   4602.7  2.39288e+01  8.05064e-11
3300.0   4602.7  2.62484e+01  8.83104e-11
3290.0   4602.7  2.87928e+01  9.68709e-11
3280.0   4602.7  3.15839e+01  1.06261e-10
3270.0   4602.7  3.46455e+01  1.16562e-10
3260.0   4602.7  3.80039e+01  1.27861e-10
3250.0   4602.7  4.16879e+01  1.40255e-10
3240.0   4602.7  4.57290e+01  1.53851e-10
3230.0   4602.7  5.01618e+01  1.66251e-10
3220.0   4345.3  5.21139e+01  1.83974e-10
3210.0   3911.4  5.73535e+01  2.26538e-10
3200.0   3796.8  6.09455e+01  2.48438e-10
3190.0   3795.2  6.33782e+01  2.58555e-10
3180.0   3812.0  6.68988e+01  2.71790e-10
3170.0   3831.4  6.94078e+01  2.80591e-10
3160.0   3839.0  7.19566e+01  2.90387e-10
3150.0   3858.8  7.45144e+01  2.99195e-10
3140.0   3870.3  7.55885e+01  3.02606e-10
3130.0   3876.0  7.64913e+01  3.05787e-10
3120.0   3876.9  7.68498e+01  3.07155e-10
3110.0   3882.9  7.77790e+01  3.10397e-10
3100.0   3891.9  7.83437e+01  3.11922e-10
3090.0   3903.9  7.90215e+01  3.13644e-10
3080.0   3917.8  7.99482e+01  3.16194e-10
3070.0   3931.5  8.06298e+01  3.17760e-10
3060.0   3951.9  8.08074e+01  3.16769e-10
3050.0   3968.8  8.00280e+01  3.12313e-10
3040.0   3990.3  7.86003e+01  3.04992e-10
3030.0   4008.1  7.59342e+01  2.93207e-10
3020.0   4025.9  7.24274e+01  2.78261e-10
3010.0   4076.8  6.82642e+01  2.58711e-10
3000.0   4141.7  6.46883e+01  2.41006e-10
2990.0   4182.9  6.10420e+01  2.24909e-10
2980.0   4188.9  5.63437e+01  2.07063e-10
2970.0   4212.6  5.21589e+01  1.90325e-10
2960.0   4226.5  4.73843e+01  1.72022e-10
2950.0   4279.0  4.45771e+01  1.59522e-10
2940.0   4330.8  4.31596e+01  1.52361e-10
2930.0   4329.9  4.16469e+01  1.46942e-10
2920.0   4333.8  4.09686e+01  1.44353e-10
2910.0   4350.3  4.11639e+01  1.44455e-10
2900.0   4360.6  4.13429e+01  1.44722e-10
2890.0   4381.1  4.15992e+01  1.44895e-10
2880.0   4382.3  4.16633e+01  1.45079e-10
2870.0   4366.5  4.22159e+01  1.47628e-10
2860.0   4357.9  4.40523e+01  1.54527e-10
2850.0   4374.1  4.76407e+01  1.66711e-10
2840.0   4383.5  5.25231e+01  1.83712e-10
2830.0   4430.2  6.42051e+01  2.22786e-10
2820.0   4554.4  8.19067e+01  2.76980e-10
2810.0   4620.2  1.07387e+02  3.58905e-10
2800.0   4590.6  1.52593e+02  5.15043e-10
2790.0   4516.2  1.96009e+02  6.73856e-10
2780.0   4434.5  2.28073e+02  7.99420e-10
2770.0   4395.3  2.55116e+02  9.02715e-10
2760.0   4402.1  2.82470e+02  9.98295e-10
2750.0   4414.7  3.00995e+02  1.06091e-09
2740.0   4419.0  3.07644e+02  1.08336e-09
2730.0   4419.1  2.94216e+02  1.03590e-09
2720.0   4414.2  2.70889e+02  9.54560e-10
2710.0   4440.6  2.35878e+02  8.25737e-10
2700.0   4500.4  1.88715e+02  6.50974e-10
2690.0   4551.8  1.33174e+02  4.52970e-10
2680.0   4539.8  9.45682e+01  3.21461e-10
2670.0   4562.9  7.46643e+01  2.51660e-10
2660.0   4532.1  5.28203e+01  1.78241e-10
2650.0   4641.3  7.06652e+01  2.33693e-10
2640.0   4552.8  1.28722e+02  4.37597e-10
2630.0   4462.0  2.56421e+02  8.93579e-10
2620.0   4278.1  4.17899e+02  1.52182e-09
2610.0   4198.1  6.31336e+02  2.34489e-09
2600.0   4162.2  8.05949e+02  3.02030e-09
2590.0   4197.0  9.72045e+02  3.61306e-09
2580.0   4260.7  1.12057e+03  4.10307e-09
2570.0   4275.8  1.23750e+03  4.51555e-09
2560.0   4295.2  1.33568e+03  4.85194e-09
2550.0   4266.4  1.40202e+03  5.12764e-09
2540.0   4171.6  1.41571e+03  5.29619e-09
2530.0   4127.3  1.40938e+03  5.32938e-09
2520.0   4102.1  1.39185e+03  5.29560e-09
2510.0   4123.8  1.38736e+03  5.25057e-09
2500.0   4170.4  1.41267e+03  5.28633e-09
2490.0   4189.0  1.43458e+03  5.34436e-09
2480.0   4238.6  1.59014e+03  5.85473e-09
2470.0   4289.2  2.07811e+03  7.56195e-09
2460.0   4331.6  3.77497e+03  1.36066e-08
2450.0   4393.2  7.57096e+03  2.69174e-08
2440.0   4476.0  1.29535e+04  4.52169e-08
2430.0   4635.9  2.09140e+04  7.04927e-08
2420.0   4709.5  2.87912e+04  9.55425e-08
2410.0   4768.4  3.16329e+04  1.03669e-07
2400.0   4759.4  3.39079e+04  1.11346e-07
2390.0   4782.9  3.74304e+04  1.22316e-07
2380.0   4804.5  4.05912e+04  1.32054e-07
2370.0   4871.6  4.48292e+04  1.43823e-07
2360.0   4938.4  4.98894e+04  1.57879e-07
2350.0   4993.7  5.49373e+04  1.71919e-07
2340.0   5051.0  5.97347e+04  1.84808e-07
2330.0   5111.7  6.44147e+04  1.96911e-07
2320.0   5183.9  6.93537e+04  2.09044e-07
2310.0   5261.9  7.44019e+04  2.20916e-07
2300.0   5349.4  7.98786e+04  2.33283e-07
2290.0   5443.8  8.55721e+04  2.45553e-07
2280.0   5562.4  9.16210e+04  2.57267e-07
2270.0   5691.1  9.77308e+04  2.68182e-07
2260.0   5843.2  1.04562e+05  2.79418e-07
2250.0   6023.8  1.12328e+05  2.91136e-07
2240.0   6264.5  1.21433e+05  3.02578e-07
2230.0   6558.0  1.30001e+05  3.09317e-07
2220.0   6869.4  1.39372e+05  3.16439e-07
2210.0   8117.0  1.46825e+05  2.80468e-07
2200.0  10032.7  1.53048e+05  2.25834e-07
2190.0  10609.6  1.58163e+05  2.13967e-07
2180.0  10789.5  1.64681e+05  2.16783e-07
2170.0  10858.0  1.71025e+05  2.23001e-07
2160.0  10908.3  1.77676e+05  2.30179e-07
2150.0  10954.4  1.84406e+05  2.37521e-07
2140.0  10997.6  1.91247e+05  2.45026e-07
2130.0  11039.3  1.98265e+05  2.52730e-07
2120.0  11078.8  2.05346e+05  2.60511e-07
2110.0  11118.4  2.12647e+05  2.68482e-07
2100.0  11159.3  2.20018e+05  2.76387e-07
2090.0  11202.9  2.27619e+05  2.84375e-07
2080.0  11243.8  2.35452e+05  2.92681e-07
2070.0  11276.3  2.43562e+05  3.01670e-07
2060.0  11294.5  2.52106e+05  3.11881e-07
2050.0  11290.6  2.60677e+05  3.23259e-07
2040.0  11259.2  2.69156e+05  3.36014e-07
2030.0  11207.7  2.78256e+05  3.50794e-07
2020.0  11147.6  2.87357e+05  3.66219e-07
2010.0  11087.2  2.95338e+05  3.80355e-07
2000.0  11030.8  3.01981e+05  3.92616e-07
1990.0  10990.8  3.08060e+05  4.03264e-07
1980.0  10981.2  3.16175e+05  4.14896e-07
1970.0  11002.8  3.26336e+05  4.27381e-07
1960.0  11058.4  3.38066e+05  4.39699e-07
1950.0  11122.2  3.48537e+05  4.49560e-07
1940.0  11271.2  3.59437e+05  4.53882e-07
1930.0  11548.1  3.66858e+05  4.44192e-07
1920.0  11727.1  3.73890e+05  4.40391e-07
1910.0  11822.1  3.84798e+05  4.47044e-07
1900.0  11876.9  3.97002e+05  4.57963e-07
1890.0  11930.3  4.07640e+05  4.66888e-07
1880.0  11984.4  4.17720e+05  4.74914e-07
1870.0  12034.7  4.28159e+05  4.83510e-07
1860.0  12088.2  4.39300e+05  4.92532e-07
1850.0  12146.0  4.50106e+05  5.00629e-07
1840.0  12165.7  4.56816e+05  5.06916e-07
1830.0  12154.5  4.63274e+05  5.15488e-07
1820.0  12109.4  4.68129e+05  5.25082e-07
1810.0  12034.4  4.75419e+05  5.40282e-07
1800.0  11908.2  4.85556e+05  5.63724e-07
1790.0  11696.7  4.90050e+05  5.88259e-07
1780.0  11445.1  4.97139e+05  6.20143e-07
1770.0  11168.0  5.11466e+05  6.64713e-07
1760.0  10905.0  5.36381e+05  7.23991e-07
1750.0  10769.4  5.70311e+05  7.85245e-07
1740.0  10751.1  6.12526e+05  8.46867e-07
1730.0  10920.4  6.53962e+05  8.85664e-07
1720.0  11331.6  6.96948e+05  8.94761e-07
1710.0  11881.2  7.55581e+05  9.00626e-07
1700.0  12341.1  7.87398e+05  8.78507e-07
1690.0  12784.1  8.18043e+05  8.54026e-07
1680.0  12889.4  8.19021e+05  8.40864e-07
1670.0  12953.8  8.50217e+05  8.66235e-07
1660.0  13001.6  8.73032e+05  8.84391e-07
1650.0  13028.4  8.88121e+05  8.96936e-07
1640.0  13053.4  9.03447e+05  9.09899e-07
1630.0  13079.8  9.20104e+05  9.23998e-07
1620.0  13109.2  9.38574e+05  9.39498e-07
1610.0  13143.7  9.59924e+05  9.57199e-07
1600.0  13179.7  9.83264e+05  9.76620e-07
1590.0  13215.1  1.00665e+06  9.96036e-07
1580.0  13252.6  1.03170e+06  1.01671e-06
1570.0  13290.0  1.05668e+06  1.03709e-06
1560.0  13331.1  1.08495e+06  1.06010e-06
1550.0  13375.1  1.11427e+06  1.08342e-06
1540.0  13421.4  1.14548e+06  1.10799e-06
1530.0  13466.8  1.17703e+06  1.13276e-06
1520.0  13510.6  1.20914e+06  1.15808e-06
1510.0  13551.8  1.24247e+06  1.18479e-06
1500.0  13589.2  1.27596e+06  1.21210e-06
1490.0  13621.7  1.30854e+06  1.23918e-06
1480.0  13651.8  1.34120e+06  1.26662e-06
1470.0  13682.0  1.37426e+06  1.29425e-06
1460.0  13713.5  1.40744e+06  1.32159e-06
1450.0  13746.3  1.44067e+06  1.34850e-06
1440.0  13779.9  1.47368e+06  1.37480e-06
1430.0  13811.6  1.50747e+06  1.40203e-06
1420.0  13839.2  1.54245e+06  1.43113e-06
1410.0  13865.0  1.57950e+06  1.46251e-06
1400.0  13889.7  1.61676e+06  1.49414e-06
1390.0  13917.0  1.65724e+06  1.52817e-06
1380.0  13943.7  1.69670e+06  1.56111e-06
1370.0  13974.8  1.73754e+06  1.59414e-06
1360.0  14011.3  1.77887e+06  1.62604e-06
1350.0  14051.0  1.82084e+06  1.65749e-06
1340.0  14094.8  1.86807e+06  1.69271e-06
1330.0  14133.7  1.91561e+06  1.72916e-06
1320.0  14162.8  1.96867e+06  1.77337e-06
1310.0  14184.8  2.01624e+06  1.81392e-06
1300.0  14213.4  2.07187e+06  1.86025e-06
1290.0  14237.4  2.11999e+06  1.90027e-06
1280.0  14270.1  2.17692e+06  1.94603e-06
1270.0  14301.8  2.22830e+06  1.98635e-06
1260.0  14348.1  2.28660e+06  2.02858e-06
1250.0  14404.2  2.33805e+06  2.06068e-06
1240.0  14475.9  2.39153e+06  2.08930e-06
1230.0  14519.2  2.44676e+06  2.12789e-06
1220.0  14516.2  2.51119e+06  2.18976e-06
1210.0  14492.7  2.55989e+06  2.24368e-06
1200.0  14502.6  2.62525e+06  2.30255e-06
1190.0  14516.3  2.66534e+06  2.33602e-06
1180.0  14546.7  2.73688e+06  2.39359e-06
1170.0  14569.7  2.81230e+06  2.45707e-06
1160.0  14603.3  2.88104e+06  2.50997e-06
1150.0  14669.9  2.94129e+06  2.54211e-06
1140.0  14779.4  3.02362e+06  2.57785e-06
1130.0  14853.9  3.09032e+06  2.61111e-06
1120.0  14872.0  3.12266e+06  2.63387e-06
1110.0  14910.2  3.18276e+06  2.67415e-06
1100.0  14983.5  3.28422e+06  2.73765e-06
1090.0  15050.5  3.38324e+06  2.80025e-06
1080.0  15113.0  3.49860e+06  2.87818e-06
1070.0  15145.7  3.60028e+06  2.95546e-06
1060.0  15147.6  3.69421e+06  3.03885e-06
1050.0  15069.2  3.73833e+06  3.11343e-06
1040.0  14935.4  3.75534e+06  3.18946e-06
1030.0  14818.9  3.72678e+06  3.21610e-06
1020.0  14785.7  3.74690e+06  3.25025e-06
1010.0  14821.5  3.81144e+06  3.29426e-06
1000.0  14881.5  3.86750e+06  3.31852e-06
 990.0  14975.9  4.00374e+06  3.39987e-06
 980.0  15081.1  4.15872e+06  3.49077e-06
 970.0  15174.1  4.31241e+06  3.58383e-06
 960.0  15236.2  4.43126e+06  3.65915e-06
 950.0  15290.8  4.54641e+06  3.73386e-06
 940.0  15342.7  4.64137e+06  3.79108e-06
 930.0  15403.5  4.78524e+06  3.88589e-06
 920.0  15457.5  4.92568e+06  3.98018e-06
 910.0  15510.4  5.09281e+06  4.09744e-06
 900.0  15512.8  5.19076e+06  4.18220e-06
 890.0  15497.0  5.26125e+06  4.25362e-06
 880.0  15483.2  5.31264e+06  4.30723e-06
 870.0  15448.9  5.27295e+06  4.29242e-06
 860.0  15424.7  5.21871e+06  4.25845e-06
 850.0  15518.5  5.34440e+06  4.31425e-06
 840.0  15745.2  5.62304e+06  4.42023e-06
 830.0  15996.9  5.86512e+06  4.47141e-06
 820.0  16151.0  6.03715e+06  4.51895e-06
 810.0  16191.9  6.12478e+06  4.56540e-06
 800.0  16207.9  6.18980e+06  4.60858e-06
 790.0  16252.3  6.35236e+06  4.71304e-06
 780.0  16339.6  6.58144e+06  4.84218e-06
 770.0  16415.9  6.76974e+06  4.94321e-06
 760.0  16482.0  6.90658e+06  5.00821e-06
 750.0  16556.3  7.03831e+06  5.06250e-06
 740.0  16614.8  7.17293e+06  5.12868e-06
 730.0  16681.1  7.31407e+06  5.19353e-06
 720.0  16729.6  7.45770e+06  5.27170e-06
 710.0  16778.1  7.61936e+06  5.36303e-06
 700.0  16821.2  7.77444e+06  5.45233e-06
 690.0  16865.3  7.94053e+06  5.54859e-06
 680.0  16905.8  8.09733e+06  5.63968e-06
 670.0  16949.8  8.26457e+06  5.73535e-06
 660.0  16992.1  8.42629e+06  5.82706e-06
 650.0  17036.4  8.59834e+06  5.92428e-06
 640.0  17078.2  8.76404e+06  6.01763e-06
 630.0  17120.3  8.93425e+06  6.11318e-06
 620.0  17161.2  9.10184e+06  6.20687e-06
 610.0  17202.7  9.27615e+06  6.30415e-06
 600.0  17243.7  9.44995e+06  6.40062e-06
 590.0  17285.3  9.63038e+06  6.50062e-06
 580.0  17325.9  9.80816e+06  6.59861e-06
 570.0  17366.8  9.99063e+06  6.69899e-06
 560.0  17407.2  1.01729e+07  6.79877e-06
 550.0  17448.1  1.03601e+07  6.90096e-06
 540.0  17489.1  1.05502e+07  7.00430e-06
 530.0  17530.8  1.07455e+07  7.11001e-06
 520.0  17572.2  1.09422e+07  7.21632e-06
 510.0  17614.5  1.11437e+07  7.32437e-06
 500.0  17656.5  1.13470e+07  7.43317e-06
 490.0  17699.2  1.15552e+07  7.54399e-06
 480.0  17741.0  1.17636e+07  7.65486e-06
 470.0  17783.8  1.19791e+07  7.76872e-06
 460.0  17825.7  1.21945e+07  7.88244e-06
 450.0  17868.3  1.24155e+07  7.99851e-06
 440.0  17910.2  1.26377e+07  8.11491e-06
 430.0  17952.3  1.28641e+07  8.23313e-06
 420.0  17993.8  1.30911e+07  8.35128e-06
 410.0  18035.9  1.33241e+07  8.47200e-06
 400.0  18077.5  1.35580e+07  8.59287e-06
 390.0  18119.6  1.37980e+07  8.71637e-06
 380.0  18161.0  1.40386e+07  8.83994e-06
 370.0  18203.0  1.42845e+07  8.96564e-06
 360.0  18244.2  1.45300e+07  9.09079e-06
 350.0  18285.9  1.47808e+07  9.21797e-06
 340.0  18327.2  1.50325e+07  9.34537e-06
 330.0  18369.2  1.52906e+07  9.47539e-06
 320.0  18411.0  1.55506e+07  9.60596e-06
 310.0  18453.5  1.58165e+07  9.73884e-06
 300.0  18495.7  1.60846e+07  9.87245e-06
 290.0  18538.7  1.63579e+07  1.00078e-05
 280.0  18581.4  1.66340e+07  1.01444e-05
 270.0  18624.3  1.69146e+07  1.02826e-05
 260.0  18666.9  1.71989e+07  1.04222e-05
 250.0  18709.4  1.74859e+07  1.05627e-05
 240.0  18751.9  1.77768e+07  1.07045e-05
 230.0  18794.2  1.80718e+07  1.08480e-05
 220.0  18836.5  1.83706e+07  1.09929e-05
 210.0  18878.7  1.86733e+07  1.11391e-05
 200.0  18920.5  1.89766e+07  1.12852e-05
 190.0  18962.4  1.92849e+07  1.14332e-05
 180.0  19004.1  1.95958e+07  1.15820e-05
 170.0  19046.4  1.99141e+07  1.17337e-05
 160.0  19088.6  2.02365e+07  1.18869e-05
 150.0  19131.0  2.05647e+07  1.20424e-05
 140.0  19173.4  2.08968e+07  1.21992e-05
 130.0  19215.8  2.12325e+07  1.23570e-05
 120.0  19258.5  2.15736e+07  1.25170e-05
 110.0  19300.8  2.19162e+07  1.26771e-05
 100.0  19343.6  2.22653e+07  1.28395e-05
  90.0  19386.1  2.26148e+07  1.30015e-05
  80.0  19429.4  2.29725e+07  1.31666e-05
  70.0  19472.4  2.33318e+07  1.33319e-05
  60.0  19516.0  2.36997e+07  1.35004e-05
  50.0  19559.4  2.40700e+07  1.36696e-05
  40.0  19602.8  2.44460e+07  1.38408e-05
  30.0  19645.9  2.48249e+07  1.40129e-05
  20.0  19688.9  2.52086e+07  1.41865e-05
  10.0  19732.0  2.55980e+07  1.43622e-05
   0.0  19775.1  2.59918e+07  1.45393e-05
