      200.000     0.000000
      250.000     0.000000
      303.000     0.000000
      350.000     0.000000
      400.000     0.000000
      450.000     0.000000
      500.000    0.0105997
      550.000    0.0116297
      600.000    0.0126529
      650.000    0.0136865
      700.000    0.0147388
      750.000    0.0158058
      800.000    0.0168686
      810.000    0.0170803
      820.000    0.0172920
      830.000    0.0175037
      840.000    0.0177153
      850.000    0.0179249
      860.000    0.0181345
      870.000    0.0183440
      880.000    0.0185536
      890.000    0.0187596
      900.000    0.0189655
      920.000    0.0193774
      930.000    0.0195804
      940.000    0.0197806
      950.000    0.0199808
      960.000    0.0201809
      970.000    0.0203811
      980.000    0.0205761
      990.000    0.0207668
      1000.00    0.0209576
      1020.00    0.0213391
      1030.00    0.0215294
      1040.00    0.0217111
      1050.00    0.0218928
      1060.00    0.0220746
      1070.00    0.0222563
      1080.00    0.0224380
      1090.00    0.0226197
      1110.00    0.0229607
      1120.00    0.0231305
      1130.00    0.0233004
      1140.00    0.0234702
      1150.00    0.0236400
      1160.00    0.0238098
      1170.00    0.0239641
      1180.00    0.0241174
      1190.00    0.0242707
      1210.00    0.0245773
      1220.00    0.0247306
      1230.00    0.0248839
      1250.00    0.0251712
      1260.00    0.0253061
      1270.00    0.0254409
      1280.00    0.0255758
      1290.00    0.0257107
      1300.00    0.0258456
      1310.00    0.0259804
      1327.15    0.0262117
      1329.81    0.0262476
      1340.00    0.0263609
      1350.00    0.0264717
      1360.00    0.0265825
      1370.00    0.0266933
      1380.00    0.0268041
      1390.00    0.0269149
      1400.00    0.0270257
      1410.00    0.0271365
      1420.00    0.0272473
      1430.00    0.0273581
      1440.00    0.0274538
      1450.00    0.0275362
      1460.00    0.0276186
      1470.00    0.0277010
      1480.00    0.0277834
      1490.00    0.0278658
      1500.00    0.0279482
      1510.00    0.0280305
      1540.00    0.0282777
      1550.00    0.0283601
      1560.00    0.0284337
      1580.00    0.0285340
      1600.00    0.0286344
      1610.00    0.0286846
      1650.00    0.0288853
      1660.00    0.0289354
      1670.00    0.0289856
      1690.00    0.0290860
      1700.00    0.0291361
      1710.00    0.0291582
      1720.00    0.0291696
      1730.00    0.0291810
      1740.00    0.0291924
      1750.00    0.0292038
      1760.00    0.0292152
      1770.00    0.0292266
      1780.00    0.0292380
      1800.00    0.0292608
      1810.00    0.0292722
      1820.00    0.0292836
      1830.00    0.0292950
      1840.00    0.0293064
      1850.00    0.0293178
      1860.00    0.0293292
      1871.61    0.0293424
      1875.35    0.0293467
      1880.00    0.0293442
      1890.00    0.0293113
      1900.00    0.0292784
      1910.00    0.0292455
      1920.00    0.0292126
      1930.00    0.0291797
      1940.00    0.0291468
      1970.00    0.0290481
      1980.00    0.0290152
      2000.00    0.0289494
      2010.00    0.0289165
      2020.00    0.0288836
      2040.00    0.0288178
      2060.00    0.0287520
      2090.00    0.0286533
      2100.00    0.0285916
      2110.00    0.0285103
      2120.00    0.0284290
      2130.00    0.0283477
      2140.00    0.0282664
      2150.00    0.0281851
      2160.00    0.0281038
      2170.00    0.0280225
      2180.00    0.0279412
      2200.00    0.0277786
      2210.00    0.0276973
      2220.00    0.0276160
      2230.00    0.0275347
      2240.00    0.0274534
      2280.00    0.0271282
      2290.00    0.0270469
      2300.00    0.0269656
      2310.00    0.0268843
      2320.00    0.0268030
      2330.00    0.0267217
      2340.00    0.0266404
      2350.00    0.0265591
      2360.00    0.0264778
      2370.00    0.0263762
      2380.00    0.0262456
      2390.00    0.0261150
      2400.00    0.0259844
      2420.00    0.0257231
      2430.00    0.0255925
      2440.00    0.0254619
      2450.00    0.0253313
      2460.00    0.0252007
      2470.00    0.0250700
      2480.00    0.0249394
      2490.00    0.0248088
      2500.00    0.0246782
      2530.00    0.0242863
      2540.00    0.0241557
      2550.00    0.0240251
      2560.00    0.0238945
      2570.00    0.0237639
      2580.00    0.0236333
      2590.00    0.0235026
      2610.00    0.0232414
      2620.00    0.0231108
      2630.00    0.0229802
      2640.00    0.0228495
      2650.00    0.0227189
      2660.00    0.0225883
      2670.00    0.0224577
      2680.00    0.0223271
      2690.00    0.0221965
      2700.00    0.0220658
      2710.00    0.0219352
      2720.00    0.0218002
      2730.00    0.0216326
      2740.00    0.0214650
      2750.00    0.0212974
      2760.00    0.0211298
      2770.00    0.0209622
      2780.00    0.0207946
      2790.00    0.0206270
      2800.00    0.0204594
      2810.00    0.0202918
      2820.00    0.0201241
      2830.00    0.0199565
      2840.00    0.0197889
      2850.00    0.0196213
      2880.00    0.0191185
      2890.00    0.0189509
      2900.00    0.0187833
      2910.00    0.0186157
      2950.00    0.0179452
      2960.00    0.0177776
      2970.00    0.0176100
      2980.00    0.0174424
      2990.00    0.0172748
      3000.00    0.0171072
      3010.00    0.0169396
      3020.00    0.0167719
      3030.00    0.0166043
      3040.00    0.0164367
      3050.00    0.0162691
      3060.00    0.0161015
      3070.00    0.0159339
      3080.00    0.0157663
      3090.00    0.0155987
      3120.00    0.0150958
      3140.00    0.0147606
      3150.00    0.0145930
      3160.00    0.0144254
      3170.00    0.0142578
      3180.00    0.0140902
      3190.00    0.0139226
      3200.00    0.0137599
      3210.00    0.0136034
      3220.00    0.0134469
      3230.00    0.0132904
      3240.00    0.0131339
      3250.00    0.0129774
      3260.00    0.0128209
      3270.00    0.0126644
      3280.00    0.0125079
      3290.00    0.0123514
      3300.00    0.0121949
      3310.00    0.0120384
      3320.00    0.0118819
      3330.00    0.0117254
      3340.00    0.0115689
      3350.00    0.0114124
      3360.00    0.0112559
      3370.00    0.0110994
      3380.00    0.0109429
      3420.00    0.0103169
      3450.00   0.00984734
      3460.00   0.00969084
      3470.00   0.00953433
      3480.00   0.00937783
      3490.00   0.00922132
      3500.00   0.00906482
      3510.00   0.00890831
      3520.00   0.00875181
      3530.00   0.00859531
      3540.00   0.00843880
      3550.00   0.00828230
      3560.00   0.00812580
      3570.00   0.00796929
      3580.00   0.00781279
      3590.00   0.00765628
      3600.00   0.00749978
      3610.00   0.00734328
      3620.00   0.00718677
      3630.00   0.00703027
      3660.00   0.00656076
      3670.00   0.00640425
      3690.00   0.00609124
      3700.00   0.00593474
      3710.00   0.00577824
      3720.00   0.00562173
      3730.00   0.00546523
      3740.00   0.00530872
      3770.00   0.00483921
      3780.00   0.00468271
      3790.00   0.00452620
      3800.00   0.00436970
      3810.00   0.00421320
      3820.00   0.00405669
      3830.00   0.00390019
      3840.00   0.00374368
      3860.00   0.00343067
      3870.00   0.00327417
      3890.00   0.00323136
      3900.00   0.00325417
      3910.00   0.00327697
      3920.00   0.00329977
      3930.00   0.00332258
      3940.00   0.00334538
      3950.00   0.00336819
      3960.00   0.00339099
      3970.00   0.00341379
      3980.00   0.00343660
      3990.00   0.00345940
      4000.00   0.00348220
      4010.00   0.00350501
      4020.00   0.00352781
      4030.00   0.00355062
      4050.00   0.00359622
      4110.00   0.00373305
      4120.00   0.00375585
      4130.00   0.00377865
      4140.00   0.00380146
      4150.00   0.00382426
      4160.00   0.00384707
      4170.00   0.00386987
      4180.00   0.00389267
      4190.00   0.00391548
      4200.00   0.00393828
      4210.00   0.00396108
      4220.00   0.00398389
      4230.00   0.00400669
      4240.00   0.00402950
      4250.00   0.00405230
      4260.00   0.00407510
      4270.00   0.00409791
      4280.00   0.00412071
      4290.00   0.00414351
      4300.00   0.00416632
      4310.00   0.00418912
      4320.00   0.00421193
      4330.00   0.00423473
      4340.00   0.00425753
      4350.00   0.00428034
      4360.00   0.00430314
      4370.00   0.00432594
      4380.00   0.00434875
      4390.00   0.00437155
      4400.00   0.00439436
      4410.00   0.00441716
      4420.00   0.00443996
      4430.00   0.00446277
      4440.00   0.00448557
      4450.00   0.00450838
      4460.00   0.00453118
      4470.00   0.00455398
      4480.00   0.00457679
      4490.00   0.00459959
      4500.00   0.00462239
      4510.00   0.00464520
      4520.00   0.00466800
      4530.00   0.00469081
      4540.00   0.00471361
      4560.00   0.00475922
      4570.00   0.00478202
      4580.00   0.00480482
      4590.00   0.00482763
      4600.00   0.00485043
      4610.00   0.00487324
      4620.00   0.00489604
      4630.00   0.00491884
      4640.00   0.00494165
      4650.00   0.00496445
      4660.00   0.00498725
      4670.00   0.00501006
      4680.00   0.00503286
      4690.00   0.00505567
      4700.00   0.00507847
      4710.00   0.00510127
      4720.00   0.00512408
      4730.00   0.00514688
      4740.00   0.00516968
      4750.00   0.00519249
      4760.00   0.00521529
      4770.00   0.00523810
      4780.00   0.00526090
      4790.00   0.00528370
      4800.00   0.00530651
      4810.00   0.00532931
      4820.00   0.00535211
      4830.00   0.00537492
      4840.00   0.00539772
      4850.00   0.00542053
      4860.00   0.00544333
      4870.00   0.00546613
      4880.00   0.00548894
      4890.00   0.00551174
      4900.00   0.00553455
      4910.00   0.00555735
      4920.00   0.00558015
      4930.00   0.00583647
      4940.00   0.00612610
      4950.00   0.00641574
      4960.00   0.00670537
      4970.00   0.00699501
      4980.00   0.00728464
      4990.00   0.00757427
      5000.00   0.00786391
      5010.00   0.00815354
      5020.00   0.00844317
      5030.00   0.00873281
      5040.00   0.00902244
      5050.00   0.00931207
      5060.00   0.00960171
      5070.00   0.00989134
      5080.00    0.0101810
      5090.00    0.0104706
      5100.00    0.0107602
      5110.00    0.0110499
      5120.00    0.0113395
      5130.00    0.0116291
      5140.00    0.0119188
      5150.00    0.0122084
      5160.00    0.0124980
      5170.00    0.0127877
      5180.00    0.0130773
      5190.00    0.0133669
      5200.00    0.0136566
      5210.00    0.0140803
      5220.00    0.0145416
      5230.00    0.0150030
      5240.00    0.0154643
      5250.00    0.0159256
      5260.00    0.0163869
      5270.00    0.0168483
      5280.00    0.0173096
      5290.00    0.0177709
      5300.00    0.0182323
      5310.00    0.0186936
      5320.00    0.0191549
      5330.00    0.0196162
      5340.00    0.0200776
      5350.00    0.0205389
      5360.00    0.0210002
      5370.00    0.0214616
      5380.00    0.0219229
      5390.00    0.0223842
      5400.00    0.0228455
      5410.00    0.0233069
      5420.00    0.0237682
      5430.00    0.0242295
      5440.00    0.0246909
      5450.00    0.0251522
      5460.00    0.0256135
      5470.00    0.0260748
      5480.00    0.0265362
      5490.00    0.0269975
      5500.00    0.0274588
      5510.00    0.0279202
      5520.00    0.0284473
      5530.00    0.0291394
      5540.00    0.0298316
      5550.00    0.0305237
      5560.00    0.0312159
      5570.00    0.0319081
      5580.00    0.0326002
      5590.00    0.0332924
      5600.00    0.0339845
      5610.00    0.0346767
      5620.00    0.0353688
      5630.00    0.0360610
      5640.00    0.0367531
      5650.00    0.0374453
      5660.00    0.0381375
      5670.00    0.0388296
      5680.00    0.0395218
      5690.00    0.0402139
      5700.00    0.0409061
      5710.00    0.0415982
      5720.00    0.0422904
      5730.00    0.0429825
      5740.00    0.0436747
      5750.00    0.0443669
      5760.00    0.0450590
      5770.00    0.0457512
      5780.00    0.0464433
      5790.00    0.0471355
      5800.00    0.0478276
      5810.00    0.0485198
      5820.00    0.0492119
      5830.00    0.0499041
      5840.00    0.0505963
      5850.00    0.0512884
      5860.00    0.0519806
      5870.00    0.0526727
      5880.00    0.0535921
      5890.00    0.0545957
      5900.00    0.0555993
      5910.00    0.0566029
      5920.00    0.0576065
      5930.00    0.0586101
      5940.00    0.0596137
      5950.00    0.0606173
      5960.00    0.0616210
      5970.00    0.0626246
      5980.00    0.0636282
      5990.00    0.0646318
      6000.00    0.0656354
      6010.00    0.0666390
      6020.00    0.0676426
      6030.00    0.0686462
      6040.00    0.0696498
      6050.00    0.0706535
      6060.00    0.0716571
      6070.00    0.0726607
      6080.00    0.0736643
      6090.00    0.0746679
      6100.00    0.0756715
      6110.00    0.0766751
      6120.00    0.0776787
      6130.00    0.0786823
      6140.00    0.0796859
      6150.00    0.0806895
      6160.00    0.0816932
      6170.00    0.0826968
      6180.00    0.0837004
      6190.00    0.0847040
      6200.00    0.0857076
      6210.00    0.0867112
      6220.00    0.0877148
      6230.00    0.0887184
      6240.00    0.0897220
      6250.00    0.0907257
      6260.00    0.0917293
      6270.00    0.0927329
      6280.00    0.0938535
      6290.00    0.0952821
      6300.00    0.0967106
      6310.00    0.0981391
      6320.00    0.0995676
      6330.00     0.100996
      6340.00     0.102425
      6350.00     0.103853
      6360.00     0.105282
      6370.00     0.106710
      6380.00     0.108139
      6390.00     0.109567
      6400.00     0.110996
      6410.00     0.112424
      6420.00     0.113853
      6430.00     0.115281
      6440.00     0.116710
      6450.00     0.118138
      6460.00     0.119567
      6470.00     0.120995
      6480.00     0.122424
      6490.00     0.123852
      6500.00     0.125281
      6510.00     0.126709
      6520.00     0.128138
      6530.00     0.129567
      6540.00     0.130995
      6550.00     0.132424
      6560.00     0.133852
      6570.00     0.135281
      6580.00     0.136709
      6590.00     0.138138
      6600.00     0.139566
      6610.00     0.140995
      6620.00     0.142423
      6630.00     0.143852
      6640.00     0.145280
      6650.00     0.146709
      6660.00     0.148137
      6670.00     0.149566
      6680.00     0.150994
      6690.00     0.152423
      6700.00     0.153851
      6710.00     0.155280
      6720.00     0.156708
      6730.00     0.158137
      6740.00     0.159565
      6750.00     0.161485
      6760.00     0.163502
      6770.00     0.165518
      6780.00     0.167534
      6790.00     0.169551
      6800.00     0.171567
      6810.00     0.173583
      6820.00     0.175600
      6830.00     0.177616
      6840.00     0.179632
      6850.00     0.181649
      6860.00     0.183665
      6870.00     0.185681
      6880.00     0.187698
      6890.00     0.189714
      6900.00     0.191730
      6910.00     0.193747
      6920.00     0.195763
      6930.00     0.197779
      6940.00     0.199796
      6950.00     0.201812
      6960.00     0.203828
      6970.00     0.205845
      6980.00     0.207861
      6990.00     0.209877
      7000.00     0.211894
      7010.00     0.213910
      7020.00     0.215926
      7030.00     0.217943
      7040.00     0.219959
      7050.00     0.221975
      7060.00     0.223992
      7070.00     0.226008
      7080.00     0.228024
      7090.00     0.230041
      7100.00     0.232057
      7110.00     0.234073
      7120.00     0.236090
      7130.00     0.238106
      7140.00     0.240123
      7170.00     0.246172
      7180.00     0.248188
      7190.00     0.250204
      7200.00     0.252221
      7210.00     0.254237
      7220.00     0.256253
      7230.00     0.258270
      7240.00     0.260286
      7250.00     0.262302
      7260.00     0.264319
      7270.00     0.266335
      7280.00     0.268351
      7290.00     0.271179
      7300.00     0.274026
      7310.00     0.276874
      7320.00     0.279721
      7330.00     0.282569
      7340.00     0.285416
      7350.00     0.288264
      7360.00     0.291111
      7370.00     0.293959
      7380.00     0.296806
      7390.00     0.299654
      7400.00     0.302501
      7410.00     0.305349
      7430.00     0.311044
      7460.00     0.319586
      7470.00     0.322434
      7480.00     0.325281
      7490.00     0.328129
      7500.00     0.330976
      7510.00     0.333824
      7520.00     0.336672
      7530.00     0.339519
      7540.00     0.342367
      7550.00     0.345214
      7560.00     0.348062
      7570.00     0.350909
      7580.00     0.353757
      7590.00     0.356604
      7600.00     0.359452
      7610.00     0.362299
      7620.00     0.365147
      7630.00     0.367994
      7640.00     0.370842
      7650.00     0.373689
      7660.00     0.376537
      7670.00     0.379384
      7680.00     0.382232
      7690.00     0.385079
      7700.00     0.387927
      7710.00     0.390774
      7720.00     0.393622
      7730.00     0.396469
      7740.00     0.399317
      7750.00     0.402164
      7760.00     0.405012
      7770.00     0.407859
      7780.00     0.410707
      7790.00     0.413554
      7800.00     0.416402
      7810.00     0.419249
      7820.00     0.422097
      7830.00     0.424944
      7840.00     0.427792
      7850.00     0.430639
      7860.00     0.433487
      7870.00     0.436334
      7880.00     0.439182
      7890.00     0.442030
      7900.00     0.444877
      7910.00     0.447725
      7920.00     0.451485
      7930.00     0.455530
      7940.00     0.459575
      7950.00     0.463619
      7960.00     0.467664
      7970.00     0.471709
      7980.00     0.475753
      7990.00     0.479798
      8000.00     0.483843
      8010.00     0.487888
      8020.00     0.491932
      8030.00     0.495977
      8040.00     0.500022
      8050.00     0.504066
      8060.00     0.508111
      8070.00     0.512156
      8080.00     0.516200
      8090.00     0.520245
      8100.00     0.524290
      8110.00     0.528335
      8120.00     0.532379
      8130.00     0.536424
      8170.00     0.552603
      8180.00     0.556647
      8290.00     0.601139
      8300.00     0.605184
      8310.00     0.609228
      8320.00     0.613273
      8330.00     0.617318
      8340.00     0.621363
      8350.00     0.625407
      8360.00     0.629452
      8370.00     0.633497
      8380.00     0.637541
      8390.00     0.641586
      8400.00     0.645631
      8410.00     0.649675
      8420.00     0.653720
      8430.00     0.657765
      8440.00     0.661810
      8450.00     0.665854
      8460.00     0.669899
      8470.00     0.673944
      8480.00     0.677988
      8490.00     0.682033
      8500.00     0.686078
      8510.00     0.690122
      8520.00     0.694167
      8530.00     0.698212
      8540.00     0.702257
      8550.00     0.706301
      8560.00     0.710346
      8570.00     0.714391
      8580.00     0.718435
      8590.00     0.722480
      8600.00     0.726525
      8610.00     0.730569
      8620.00     0.734614
      8630.00     0.738659
      8640.00     0.742704
      8650.00     0.746748
      8660.00     0.750793
      8670.00     0.755784
      8680.00     0.761620
      8690.00     0.767455
      8700.00     0.773291
      8710.00     0.779127
      8720.00     0.784962
      8730.00     0.790798
      8740.00     0.796633
      8750.00     0.802469
      8760.00     0.808305
      8770.00     0.814140
      8780.00     0.819976
      8790.00     0.825811
      8800.00     0.831647
      8810.00     0.837483
      8820.00     0.843318
      8830.00     0.849154
      8840.00     0.854989
      8850.00     0.860825
      8860.00     0.866661
      8870.00     0.872496
      8880.00     0.878332
      8890.00     0.884168
      8900.00     0.890003
      8910.00     0.895839
      8920.00     0.901674
      8930.00     0.907510
      8940.00     0.913346
      8950.00     0.919181
      8960.00     0.925017
      8970.00     0.930852
      8980.00     0.936688
      8990.00     0.942524
      9000.00     0.948359
      9010.00     0.954195
      9020.00     0.960030
      9030.00     0.965866
      9040.00     0.971702
      9050.00     0.977537
      9060.00     0.983373
      9070.00     0.989208
      9080.00     0.995044
      9090.00      1.00088
      9100.00      1.00672
      9110.00      1.01255
      9120.00      1.01839
      9130.00      1.02422
      9140.00      1.03006
      9150.00      1.03589
      9160.00      1.04173
      9170.00      1.04756
      9180.00      1.05340
      9190.00      1.05924
      9200.00      1.06507
      9210.00      1.07091
      9220.00      1.07674
      9230.00      1.08258
      9240.00      1.08841
      9250.00      1.09425
      9260.00      1.10009
      9270.00      1.10592
      9280.00      1.11176
      9290.00      1.11759
      9300.00      1.12343
      9310.00      1.12926
      9320.00      1.13510
      9330.00      1.14093
      9340.00      1.14677
      9350.00      1.15261
      9360.00      1.15844
      9370.00      1.16428
      9380.00      1.17011
      9390.00      1.17595
      9400.00      1.18178
      9410.00      1.18762
      9420.00      1.19345
      9430.00      1.19929
      9440.00      1.20513
      9450.00      1.21096
      9460.00      1.21680
      9470.00      1.22263
      9480.00      1.22847
      9490.00      1.23430
      9500.00      1.24014
      9510.00      1.24598
      9520.00      1.25181
      9530.00      1.25765
      9540.00      1.26348
      9550.00      1.26932
      9560.00      1.27515
      9570.00      1.28099
      9580.00      1.28816
      9590.00      1.29675
      9600.00      1.30534
      9610.00      1.31394
      9620.00      1.32253
      9630.00      1.33112
      9640.00      1.33971
      9650.00      1.34831
      9660.00      1.35690
      9670.00      1.36549
      9680.00      1.37408
      9690.00      1.38268
      9700.00      1.39127
      9710.00      1.39986
      9720.00      1.40845
      9730.00      1.41705
      9740.00      1.42564
      9750.00      1.43423
      9760.00      1.44282
      9770.00      1.45142
      9780.00      1.46001
      9790.00      1.46860
      9800.00      1.47719
      9810.00      1.48579
      9820.00      1.49438
      9830.00      1.50297
      9840.00      1.51156
      9850.00      1.52016
      9860.00      1.52875
      9870.00      1.53734
      9880.00      1.54593
      9890.00      1.55453
      9900.00      1.56312
      9910.00      1.57171
      9920.00      1.58030
      9930.00      1.58889
      9940.00      1.59749
      9950.00      1.60608
      9960.00      1.61467
      9970.00      1.62326
      9980.00      1.63186
      9990.00      1.64045
      10000.0      1.64904
      10010.0      1.65763
      10020.0      1.66623
      10030.0      1.67482
      10040.0      1.68341
      10050.0      1.69200
      10060.0      1.70060
      10070.0      1.70919
      10080.0      1.71778
      10090.0      1.72637
      10100.0      1.73497
      10110.0      1.74356
      10120.0      1.75215
      10130.0      1.76074
      10140.0      1.76934
      10150.0      1.77793
      10160.0      1.78652
      10170.0      1.79511
      10180.0      1.80371
      10190.0      1.81230
      10200.0      1.82089
      10210.0      1.82948
      10220.0      1.83808
      10230.0      1.84667
      10240.0      1.85526
      10250.0      1.86385
      10260.0      1.87245
      10270.0      1.88104
      10280.0      1.88963
      10290.0      1.89822
      10300.0      1.90682
      10310.0      1.91541
      10320.0      1.92400
      10330.0      1.93259
      10340.0      1.94119
      10350.0      1.94978
      10360.0      1.95837
      10370.0      1.96696
      10380.0      1.97556
      10390.0      1.98415
      10400.0      1.99274
      10410.0      2.00133
      10420.0      2.00993
      10430.0      2.01852
      10440.0      2.02711
      10450.0      2.03570
      10460.0      2.04430
      10470.0      2.05289
      10480.0      2.06148
      10490.0      2.07007
      10500.0      2.07867
      10510.0      2.08726
      10520.0      2.09585
      10530.0      2.10444
      10540.0      2.11303
      10550.0      2.12163
      10560.0      2.13022
      10570.0      2.13881
      10580.0      2.14740
      10590.0      2.15600
      10600.0      2.16459
      10610.0      2.17318
      10620.0      2.18177
      10630.0      2.19037
      10640.0      2.19896
      10650.0      2.20755
      10660.0      2.21614
      10670.0      2.22474
      10680.0      2.23333
      10690.0      2.24192
      10700.0      2.25065
      10710.0      2.26149
      10720.0      2.27234
      10730.0      2.28318
      10740.0      2.29402
      10750.0      2.30487
      10760.0      2.31571
      10770.0      2.32656
      10780.0      2.33740
      10790.0      2.34824
      10800.0      2.35909
      10810.0      2.36993
      10820.0      2.38078
      10830.0      2.39162
      10840.0      2.40246
      10850.0      2.41331
      10860.0      2.42415
      10870.0      2.43500
      10880.0      2.44584
      10890.0      2.45668
      10900.0      2.46753
      10910.0      2.47837
      10920.0      2.48922
      10930.0      2.50006
      10940.0      2.51090
      10950.0      2.52175
      10960.0      2.53291
      10970.0      2.54473
      10980.0      2.55654
      10990.0      2.56836
      11000.0      2.58018
      11010.0      2.59199
      11020.0      2.60381
      11030.0      2.61562
      11040.0      2.62744
      11050.0      2.63926
      11060.0      2.65107
      11070.0      2.66289
      11080.0      2.67470
      11090.0      2.68652
      11100.0      2.69834
      11110.0      2.71015
      11120.0      2.72197
      11130.0      2.73378
      11140.0      2.74560
      11150.0      2.75742
      11160.0      2.76923
      11170.0      2.78105
      11180.0      2.79286
      11190.0      2.80468
      11200.0      2.81650
      11210.0      2.82831
      11220.0      2.84013
      11230.0      2.85230
      11240.0      2.86517
      11250.0      2.87804
      11260.0      2.89091
      11270.0      2.90378
      11280.0      2.91665
      11290.0      2.92952
      11300.0      2.94239
      11310.0      2.95526
      11320.0      2.96813
      11330.0      2.98100
      11340.0      2.99387
      11350.0      3.00674
      11360.0      3.01961
      11370.0      3.03248
      11380.0      3.04535
      11390.0      3.05822
      11400.0      3.07108
      11410.0      3.08396
      11420.0      3.09682
      11430.0      3.10969
      11440.0      3.12256
      11450.0      3.13543
      11460.0      3.14830
      11470.0      3.16117
      11480.0      3.17404
      11490.0      3.18691
      11500.0      3.19978
      11510.0      3.21265
      11520.0      3.22673
      11530.0      3.24085
      11540.0      3.25496
      11550.0      3.26907
      11560.0      3.28318
      11570.0      3.29730
      11580.0      3.31141
      11590.0      3.32552
      11600.0      3.33964
      11610.0      3.35375
      11620.0      3.36786
      11630.0      3.38197
      11640.0      3.39609
      11650.0      3.41020
      11660.0      3.42431
      11670.0      3.43842
      11680.0      3.45254
      11690.0      3.46665
      11700.0      3.48076
      11710.0      3.49487
      11720.0      3.50899
      11730.0      3.52310
      11740.0      3.53721
      11750.0      3.55133
      11760.0      3.56544
      11770.0      3.57955
      11780.0      3.59366
      11790.0      3.60778
      11800.0      3.62189
      11810.0      3.63618
      11820.0      3.65159
      11830.0      3.66699
      11840.0      3.68240
      11850.0      3.69781
      11860.0      3.71321
      11870.0      3.72862
      11880.0      3.74402
      11890.0      3.75943
      11900.0      3.77483
      11910.0      3.79024
      11920.0      3.80564
      11930.0      3.82105
      11940.0      3.83645
      11950.0      3.85186
      11960.0      3.86726
      11970.0      3.88267
      11980.0      3.89807
      11990.0      3.91348
      12000.0      3.92888
      12010.0      3.94429
      12020.0      3.95969
      12030.0      3.97510
      12040.0      3.99050
      12050.0      4.00591
      12060.0      4.02131
      12070.0      4.03672
      12080.0      4.05212
      12090.0      4.06753
      12100.0      4.08294
      12110.0      4.09834
      12120.0      4.11375
     12122.76       4.1180
      12130.0     0.000000
      12140.0     0.000000
      12150.0     0.000000
      12160.0     0.000000
      12170.0     0.000000
      12180.0     0.000000
      12190.0     0.000000
      12200.0     0.000000
      12210.0     0.000000
      12220.0     0.000000
      12230.0     0.000000
      12240.0     0.000000
      12250.0     0.000000
      12260.0     0.000000
      12270.0     0.000000
      12280.0     0.000000
      12290.0     0.000000
      12300.0     0.000000
      12310.0     0.000000
      12320.0     0.000000
      12330.0     0.000000
      12340.0     0.000000
      12350.0     0.000000
      12360.0     0.000000
      12370.0     0.000000
      12380.0     0.000000
      12390.0     0.000000
      12400.0     0.000000
      12410.0     0.000000
      12420.0     0.000000
      12430.0     0.000000
      12440.0     0.000000
      12450.0     0.000000
      12460.0     0.000000
      12470.0     0.000000
      12480.0     0.000000
      12490.0     0.000000
      12500.0     0.000000
      12510.0     0.000000
      12520.0     0.000000
      12530.0     0.000000
      12540.0     0.000000
      12550.0     0.000000
      12560.0     0.000000
      12570.0     0.000000
      12580.0     0.000000
      12590.0     0.000000
      12600.0     0.000000
      12610.0     0.000000
      12620.0     0.000000
      12630.0     0.000000
      12640.0     0.000000
      12650.0     0.000000
      12660.0     0.000000
      12670.0     0.000000
      12680.0     0.000000
      12690.0     0.000000
      12700.0     0.000000
      12710.0     0.000000
      12720.0     0.000000
      12730.0     0.000000
      12740.0     0.000000
      12750.0     0.000000
      12760.0     0.000000
      12770.0     0.000000
      12780.0     0.000000
      12790.0     0.000000
      12800.0     0.000000
      12810.0     0.000000
      12820.0     0.000000
      12830.0     0.000000
      12840.0     0.000000
      12850.0     0.000000
      12860.0     0.000000
      12870.0     0.000000
      12880.0     0.000000
      12890.0     0.000000
      12900.0     0.000000
      12910.0     0.000000
      12920.0     0.000000
      12930.0     0.000000
      12940.0     0.000000
      12950.0     0.000000
      12960.0     0.000000
      12970.0     0.000000
      12980.0     0.000000
      12990.0     0.000000
      13000.0     0.000000
      13010.0     0.000000
      13020.0     0.000000
      13030.0     0.000000
      13040.0     0.000000
      13050.0     0.000000
      13060.0     0.000000
      13070.0     0.000000
      13080.0     0.000000
      13090.0     0.000000
      13100.0     0.000000
      13110.0     0.000000
      13120.0     0.000000
      13130.0     0.000000
      13140.0     0.000000
      13150.0     0.000000
      13160.0     0.000000
      13170.0     0.000000
      13180.0     0.000000
      13190.0     0.000000
      13200.0     0.000000
      13210.0     0.000000
      13220.0     0.000000
      13230.0     0.000000
      13240.0     0.000000
      13250.0     0.000000
      13260.0     0.000000
      13270.0     0.000000
      13280.0     0.000000
      13290.0     0.000000
      13300.0     0.000000
      13310.0     0.000000
      13320.0     0.000000
      13330.0     0.000000
      13340.0     0.000000
      13350.0     0.000000
      13360.0     0.000000
      13370.0     0.000000
      13380.0     0.000000
      13390.0     0.000000
      13400.0     0.000000
      13410.0     0.000000
      13420.0     0.000000
      13430.0     0.000000
      13440.0     0.000000
      13450.0     0.000000
      13460.0     0.000000
      13470.0     0.000000
      13480.0     0.000000
      13490.0     0.000000
      13500.0     0.000000
      13510.0     0.000000
      13520.0     0.000000
      13530.0     0.000000
      13540.0     0.000000
      13550.0     0.000000
      13560.0     0.000000
      13570.0     0.000000
      13580.0     0.000000
      13590.0     0.000000
      13600.0     0.000000
      13610.0     0.000000
      13620.0     0.000000
      13630.0     0.000000
      13640.0     0.000000
      13650.0     0.000000
      13660.0     0.000000
      13670.0     0.000000
      13680.0     0.000000
      13690.0     0.000000
      13700.0     0.000000
      13710.0     0.000000
      13720.0     0.000000
      13730.0     0.000000
      13740.0     0.000000
      13750.0     0.000000
      13760.0     0.000000
      13770.0     0.000000
      13780.0     0.000000
      13790.0     0.000000
      13800.0     0.000000
      13810.0     0.000000
      13820.0     0.000000
      13830.0     0.000000
      13840.0     0.000000
      13850.0     0.000000
      13860.0     0.000000
      13870.0     0.000000
      13880.0     0.000000
      13890.0     0.000000
      13900.0     0.000000
      13910.0     0.000000
      13920.0     0.000000
      13930.0     0.000000
      13940.0     0.000000
      13950.0     0.000000
      13960.0     0.000000
      13970.0     0.000000
      13980.0     0.000000
      13990.0     0.000000
      14000.0     0.000000
      14010.0     0.000000
      14020.0     0.000000
      14030.0     0.000000
      14040.0     0.000000
      14050.0     0.000000
      14060.0     0.000000
      14070.0     0.000000
      14080.0     0.000000
      14090.0     0.000000
      14100.0     0.000000
      14110.0     0.000000
      14120.0     0.000000
      14130.0     0.000000
      14140.0     0.000000
      14150.0     0.000000
      14160.0     0.000000
      14170.0     0.000000
      14180.0     0.000000
      14190.0     0.000000
      14200.0     0.000000
      14210.0     0.000000
      14220.0     0.000000
      14230.0     0.000000
      14240.0     0.000000
      14250.0     0.000000
      14260.0     0.000000
      14270.0     0.000000
      14280.0     0.000000
      14290.0     0.000000
      14300.0     0.000000
      14310.0     0.000000
      14320.0     0.000000
      14330.0     0.000000
      14340.0     0.000000
      14350.0     0.000000
      14360.0     0.000000
      14370.0     0.000000
      14380.0     0.000000
      14390.0     0.000000
      14400.0     0.000000
      14410.0     0.000000
      14420.0     0.000000
      14430.0     0.000000
      14440.0     0.000000
      14450.0     0.000000
      14460.0     0.000000
      14470.0     0.000000
      14480.0     0.000000
      14490.0     0.000000
      14500.0     0.000000
      14510.0     0.000000
      14520.0     0.000000
      14530.0     0.000000
      14540.0     0.000000
      14550.0     0.000000
      14560.0     0.000000
      14570.0     0.000000
      14580.0     0.000000
      14590.0     0.000000
      14600.0     0.000000
      14610.0     0.000000
      14620.0     0.000000
      14630.0     0.000000
      14640.0     0.000000
      14650.0     0.000000
      14660.0     0.000000
      14670.0     0.000000
      14680.0     0.000000
      14690.0     0.000000
      14700.0     0.000000
      14710.0     0.000000
      14720.0     0.000000
      14730.0     0.000000
      14740.0     0.000000
      14750.0     0.000000
      14760.0     0.000000
      14770.0     0.000000
      14780.0     0.000000
      14790.0     0.000000
      14800.0     0.000000
      14810.0     0.000000
      14820.0     0.000000
      14830.0     0.000000
      14840.0     0.000000
      14850.0     0.000000
      14860.0     0.000000
      14870.0     0.000000
      14880.0     0.000000
      14890.0     0.000000
      14900.0     0.000000
      14910.0     0.000000
      14920.0     0.000000
      14930.0     0.000000
      14940.0     0.000000
      14950.0     0.000000
      14960.0     0.000000
      14970.0     0.000000
      14980.0     0.000000
      14990.0     0.000000
      15000.0     0.000000
      15010.0     0.000000
      15020.0     0.000000
      15030.0     0.000000
      15040.0     0.000000
      15050.0     0.000000
      15060.0     0.000000
      15070.0     0.000000
      15080.0     0.000000
      15090.0     0.000000
      15100.0     0.000000
      15110.0     0.000000
      15120.0     0.000000
      15130.0     0.000000
      15140.0     0.000000
      15150.0     0.000000
      15160.0     0.000000
      15170.0     0.000000
      15180.0     0.000000
      15190.0     0.000000
      15200.0     0.000000
      15210.0     0.000000
      15220.0     0.000000
      15230.0     0.000000
      15240.0     0.000000
      15250.0     0.000000
      15260.0     0.000000
      15270.0     0.000000
      15280.0     0.000000
      15290.0     0.000000
      15300.0     0.000000
      15310.0     0.000000
      15320.0     0.000000
      15330.0     0.000000
      15340.0     0.000000
      15350.0     0.000000
      15360.0     0.000000
      15370.0     0.000000
      15380.0     0.000000
      15390.0     0.000000
      15400.0     0.000000
      15410.0     0.000000
      15420.0     0.000000
      15430.0     0.000000
      15440.0     0.000000
      15450.0     0.000000
      15460.0     0.000000
      15470.0     0.000000
      15480.0     0.000000
      15490.0     0.000000
      15500.0     0.000000
      15510.0     0.000000
      15520.0     0.000000
      15530.0     0.000000
      15540.0     0.000000
      15550.0     0.000000
      15560.0     0.000000
      15570.0     0.000000
      15580.0     0.000000
      15590.0     0.000000
      15600.0     0.000000
      15610.0     0.000000
      15620.0     0.000000
      15630.0     0.000000
      15640.0     0.000000
      15650.0     0.000000
      15660.0     0.000000
      15670.0     0.000000
      15680.0     0.000000
      15690.0     0.000000
      15700.0     0.000000
      15710.0     0.000000
      15720.0     0.000000
      15730.0     0.000000
      15740.0     0.000000
      15750.0     0.000000
      15760.0     0.000000
      15770.0     0.000000
      15780.0     0.000000
      15790.0     0.000000
      15800.0     0.000000
      15810.0     0.000000
      15820.0     0.000000
      15830.0     0.000000
      15840.0     0.000000
      15850.0     0.000000
      15860.0     0.000000
      15870.0     0.000000
      15880.0     0.000000
      15890.0     0.000000
      15900.0     0.000000
      15910.0     0.000000
      15920.0     0.000000
      15930.0     0.000000
      15940.0     0.000000
      15950.0     0.000000
      15960.0     0.000000
      15970.0     0.000000
      15980.0     0.000000
      15990.0     0.000000
      16000.0     0.000000
      16010.0     0.000000
      16020.0     0.000000
      16030.0     0.000000
      16040.0     0.000000
      16050.0     0.000000
      16060.0     0.000000
      16070.0     0.000000
      16080.0     0.000000
      16090.0     0.000000
      16100.0     0.000000
      16110.0     0.000000
      16120.0     0.000000
      16130.0     0.000000
      16140.0     0.000000
      16150.0     0.000000
      16160.0     0.000000
      16170.0     0.000000
      16180.0     0.000000
      16190.0     0.000000
      16200.0     0.000000
      16210.0     0.000000
      16220.0     0.000000
      16230.0     0.000000
      16240.0     0.000000
      16250.0     0.000000
      16260.0     0.000000
      16270.0     0.000000
      16280.0     0.000000
      16290.0     0.000000
      16300.0     0.000000
      16310.0     0.000000
      16320.0     0.000000
      16330.0     0.000000
      16340.0     0.000000
      16350.0     0.000000
      16360.0     0.000000
      16370.0     0.000000
      16380.0     0.000000
      16390.0     0.000000
      16400.0     0.000000
      16410.0     0.000000
      16420.0     0.000000
      16430.0     0.000000
      16440.0     0.000000
      16450.0     0.000000
      16460.0     0.000000
      16470.0     0.000000
      16480.0     0.000000
      16490.0     0.000000
      16500.0     0.000000
      16510.0     0.000000
      16520.0     0.000000
      16530.0     0.000000
      16540.0     0.000000
      16550.0     0.000000
      16560.0     0.000000
      16570.0     0.000000
      16580.0     0.000000
      16590.0     0.000000
      16600.0     0.000000
      16610.0     0.000000
      16620.0     0.000000
      16630.0     0.000000
      16640.0     0.000000
      16650.0     0.000000
      16660.0     0.000000
      16670.0     0.000000
      16680.0     0.000000
      16690.0     0.000000
      16700.0     0.000000
      16710.0     0.000000
      16720.0     0.000000
      16730.0     0.000000
      16740.0     0.000000
      16750.0     0.000000
      16760.0     0.000000
      16770.0     0.000000
      16780.0     0.000000
      16790.0     0.000000
      16800.0     0.000000
      16810.0     0.000000
      16820.0     0.000000
      16830.0     0.000000
      16840.0     0.000000
      16850.0     0.000000
      16860.0     0.000000
      16870.0     0.000000
      16880.0     0.000000
      16890.0     0.000000
      16900.0     0.000000
      16910.0     0.000000
      16920.0     0.000000
      16930.0     0.000000
      16940.0     0.000000
      16950.0     0.000000
      16960.0     0.000000
      16970.0     0.000000
      16980.0     0.000000
      16990.0     0.000000
      17000.0     0.000000
      17010.0     0.000000
      17020.0     0.000000
      17030.0     0.000000
      17040.0     0.000000
      17050.0     0.000000
      17060.0     0.000000
      17070.0     0.000000
      17080.0     0.000000
      17090.0     0.000000
      17100.0     0.000000
      17110.0     0.000000
      17120.0     0.000000
      17130.0     0.000000
      17140.0     0.000000
      17150.0     0.000000
      17160.0     0.000000
      17170.0     0.000000
      17180.0     0.000000
      17190.0     0.000000
      17200.0     0.000000
      17210.0     0.000000
      17220.0     0.000000
      17230.0     0.000000
      17240.0     0.000000
      17250.0     0.000000
      17260.0     0.000000
      17270.0     0.000000
      17280.0     0.000000
      17290.0     0.000000
      17300.0     0.000000
      17310.0     0.000000
      17320.0     0.000000
      17330.0     0.000000
      17340.0     0.000000
      17350.0     0.000000
      17360.0     0.000000
      17370.0     0.000000
      17380.0     0.000000
      17390.0     0.000000
      17400.0     0.000000
      17410.0     0.000000
      17420.0     0.000000
      17430.0     0.000000
      17440.0     0.000000
      17450.0     0.000000
      17460.0     0.000000
      17470.0     0.000000
      17480.0     0.000000
      17490.0     0.000000
      17500.0     0.000000
      17510.0     0.000000
      17520.0     0.000000
      17530.0     0.000000
      17540.0     0.000000
      17550.0     0.000000
      17560.0     0.000000
      17570.0     0.000000
      17580.0     0.000000
      17590.0     0.000000
      17600.0     0.000000
      17610.0     0.000000
      17620.0     0.000000
      17630.0     0.000000
      17640.0     0.000000
      17650.0     0.000000
      17660.0     0.000000
      17670.0     0.000000
      17680.0     0.000000
      17690.0     0.000000
      17700.0     0.000000
      17710.0     0.000000
      17720.0     0.000000
      17730.0     0.000000
      17740.0     0.000000
      17750.0     0.000000
      17760.0     0.000000
      17770.0     0.000000
      17780.0     0.000000
      17790.0     0.000000
      17800.0     0.000000
      17810.0     0.000000
      17820.0     0.000000
      17830.0     0.000000
      17840.0     0.000000
      17850.0     0.000000
      17860.0     0.000000
      17870.0     0.000000
      17880.0     0.000000
      17890.0     0.000000
      17900.0     0.000000
      17910.0     0.000000
      17920.0     0.000000
      17930.0     0.000000
      17940.0     0.000000
      17950.0     0.000000
      17960.0     0.000000
      17970.0     0.000000
      17980.0     0.000000
      17990.0     0.000000
      18000.0     0.000000
      18010.0     0.000000
      18020.0     0.000000
      18030.0     0.000000
      18040.0     0.000000
      18050.0     0.000000
      18060.0     0.000000
      18070.0     0.000000
      18080.0     0.000000
      18090.0     0.000000
      18100.0     0.000000
      18110.0     0.000000
      18120.0     0.000000
      18130.0     0.000000
      18140.0     0.000000
      18150.0     0.000000
      18160.0     0.000000
      18170.0     0.000000
      18180.0     0.000000
      18190.0     0.000000
      18200.0     0.000000
      18210.0     0.000000
      18220.0     0.000000
      18230.0     0.000000
      18240.0     0.000000
      18250.0     0.000000
      18260.0     0.000000
      18270.0     0.000000
      18280.0     0.000000
      18290.0     0.000000
      18300.0     0.000000
      18310.0     0.000000
      18320.0     0.000000
      18330.0     0.000000
      18340.0     0.000000
      18350.0     0.000000
      18360.0     0.000000
      18370.0     0.000000
      18380.0     0.000000
      18390.0     0.000000
      18400.0     0.000000
      18410.0     0.000000
      18420.0     0.000000
      18430.0     0.000000
      18440.0     0.000000
      18450.0     0.000000
      18460.0     0.000000
      18470.0     0.000000
      18480.0     0.000000
      18490.0     0.000000
      18500.0     0.000000
      18510.0     0.000000
      18520.0     0.000000
      18530.0     0.000000
      18540.0     0.000000
      18550.0     0.000000
      18560.0     0.000000
      18570.0     0.000000
      18580.0     0.000000
      18590.0     0.000000
      18600.0     0.000000
      18610.0     0.000000
      18620.0     0.000000
      18630.0     0.000000
      18640.0     0.000000
      18650.0     0.000000
      18660.0     0.000000
      18670.0     0.000000
      18680.0     0.000000
      18690.0     0.000000
      18700.0     0.000000
      18710.0     0.000000
      18720.0     0.000000
      18730.0     0.000000
      18740.0     0.000000
      18750.0     0.000000
      18760.0     0.000000
      18770.0     0.000000
      18780.0     0.000000
      18790.0     0.000000
      18800.0     0.000000
      18810.0     0.000000
      18820.0     0.000000
      18830.0     0.000000
      18840.0     0.000000
      18850.0     0.000000
      18860.0     0.000000
      18870.0     0.000000
      18880.0     0.000000
      18890.0     0.000000
      18900.0     0.000000
      18910.0     0.000000
      18920.0     0.000000
      18930.0     0.000000
      18940.0     0.000000
      18950.0     0.000000
      18960.0     0.000000
      18970.0     0.000000
      18980.0     0.000000
      18990.0     0.000000
      19000.0     0.000000
      19010.0     0.000000
      19020.0     0.000000
      19030.0     0.000000
      19040.0     0.000000
      19050.0     0.000000
      19060.0     0.000000
      19070.0     0.000000
      19080.0     0.000000
      19090.0     0.000000
      19100.0     0.000000
      19110.0     0.000000
      19120.0     0.000000
      19130.0     0.000000
      19140.0     0.000000
      19150.0     0.000000
      19160.0     0.000000
      19170.0     0.000000
      19180.0     0.000000
      19190.0     0.000000
      19200.0     0.000000
      19210.0     0.000000
      19220.0     0.000000
      19230.0     0.000000
      19240.0     0.000000
      19250.0     0.000000
      19260.0     0.000000
      19270.0     0.000000
      19280.0     0.000000
      19290.0     0.000000
      19300.0     0.000000
      19310.0     0.000000
      19320.0     0.000000
      19330.0     0.000000
      19340.0     0.000000
      19350.0     0.000000
      19360.0     0.000000
      19370.0     0.000000
      19380.0     0.000000
      19390.0     0.000000
      19400.0     0.000000
      19410.0     0.000000
      19420.0     0.000000
      19430.0     0.000000
      19440.0     0.000000
      19450.0     0.000000
      19460.0     0.000000
      19470.0     0.000000
      19480.0     0.000000
      19490.0     0.000000
      19500.0     0.000000
      19510.0     0.000000
      19520.0     0.000000
      19530.0     0.000000
      19540.0     0.000000
      19550.0     0.000000
      19560.0     0.000000
      19570.0     0.000000
      19580.0     0.000000
      19590.0     0.000000
      19600.0     0.000000
      19610.0     0.000000
      19620.0     0.000000
      19630.0     0.000000
      19640.0     0.000000
      19650.0     0.000000
      19660.0     0.000000
      19670.0     0.000000
      19680.0     0.000000
      19690.0     0.000000
      19700.0     0.000000
      19710.0     0.000000
      19720.0     0.000000
      19730.0     0.000000
      19740.0     0.000000
      19750.0     0.000000
      19760.0     0.000000
      19770.0     0.000000
      19780.0     0.000000
      19790.0     0.000000
      19800.0     0.000000
      19810.0     0.000000
      19820.0     0.000000
      19830.0     0.000000
      19840.0     0.000000
      19850.0     0.000000
      19860.0     0.000000
      19870.0     0.000000
      19880.0     0.000000
      19890.0     0.000000
      19900.0     0.000000
      19910.0     0.000000
      19920.0     0.000000
      19930.0     0.000000
      19940.0     0.000000
      19950.0     0.000000
      19960.0     0.000000
      19970.0     0.000000
      19980.0     0.000000
      19990.0     0.000000
      20000.0     0.000000
      30000.0     0.000000
